# Mapa de chi2
13538.023215,13466.619458,13395.437434,13324.480380,13253.746970,13183.236901,13112.949700,13042.883702,12973.040838,12903.421618,12834.024483,12764.849129,12695.894903,12627.162820,12558.652216,12490.362534,12422.294896,12354.448095,12286.821765,12219.414630,12152.227149,12085.260867,12018.514809,11951.987644,11885.682375,11819.593672,11753.725036,11688.073818,11622.642667,11557.427950,11492.430217,11427.651328,11363.089262,11298.746357,11234.620313,11170.712681,11107.020084,11043.543003,10980.284926,10917.240757,10854.412363,10791.801111,10729.404337,10667.223560,10605.256025,10543.505128,10481.969273,10420.646141,10359.538763,10298.644407,10237.965182,10177.498936,10117.245761,10057.207871,9997.380417,9937.766444,9878.363820,9819.175239,9760.199112,9701.433380,9642.878868,9584.535535,9526.402633,9468.483148,9410.772324,9353.274923,9295.988526,9238.910636,9182.040690,9125.382589,9068.934619,9012.692797,8956.661236,8900.838457,8845.226393,8789.823072,8734.626675,8679.637171,8624.854676,8570.283540,8515.917072,8461.758629,8407.806528,8354.048941,8300.390197,8247.055564,8193.932227,8141.009551,8088.295746,8035.788495,7983.483312,7931.384653,7879.491579,7827.803518,7776.320182,7725.039197,7673.962095,7623.088812,7572.418365,7521.952631,7471.688144,7421.630053,7371.771540,7322.115217,7272.661412,7223.411468,7174.362896,7125.516482,7076.870539,7028.424539,6980.179873,6932.136304,6884.293352,6836.649646,6789.206485,6741.963138,6694.919772,6648.075097,6601.429461,6554.982916,6508.736842,6462.688692,6416.838374,6371.186374,6325.732274,6280.475795,6235.416346,6190.553733,6145.889609,6101.420890,6057.148985,6013.073678,5969.194393,5925.511178,5882.023672,5838.732289,5795.636340,5752.734480,5710.029277,5667.516784,5625.199093,5583.075448,5541.146069,5499.410465,5457.868017,5416.518785,5375.363461,5334.400662,5293.630479,5253.052657,5212.666822,5172.473955,5132.472432,5092.662217,5053.043257,5013.615434,4974.378906,4935.333082,4896.477589,4857.812333,4819.337167,4781.051872,4742.956209,4705.050065,4667.333082,4629.805102,4592.465908,4555.315282,4518.353007,4481.578866,4444.992642,4408.594117,4372.383046,4336.359268,4300.522537,4264.872636,4229.409280,4194.132387,4159.041404,4124.136691,4089.417682,4054.883991,4020.535510,3986.372191,3952.393253,3918.599715,3884.990612,3851.565737,3818.324629,3785.266839,3752.392970,3719.702053,3687.194750,3654.870675,3622.728891,3590.769843,3558.991885,3527.396435,3495.983263,3464.751507,3433.700449,3402.831083,3372.143427,3341.636233,3311.309466,3281.163341,3251.196820,3221.410505,3191.803891,3162.376499,3133.128191,3104.059046,3075.168532,3046.456704,3017.922345,2989.567289,2961.390100,2933.390764,2905.569063,2877.924355,2850.456509,2823.166080,2796.051201,2769.113707,2742.352231,2715.766081,2689.355550,2663.120721,2637.061113,2611.176471,2585.466841,2559.932746,2534.573417,2509.387118,2484.374516,2459.537039,2434.872616,2410.381735,2386.064529,2361.919439,2337.946801,2314.145185,2290.517497,2267.062631,2243.780328,2220.666573,2197.726885,2174.959016,2152.359705,2129.932178,2107.733414,2085.646665,2063.728207,2041.983109,2020.406036,1998.997551,1977.760420,1956.690146,1935.787876,1915.055082,1894.492261,1874.097012,1853.869502,1833.810283,1813.917309,1794.193407,1774.635347,1755.243791,1736.019301,1716.960872,1698.069946,1679.344337,1660.785472,1642.392043,1624.162746,1606.099386,1588.200759,1570.466850,1552.897645,1535.491759,1518.249893,1501.172995,1484.259765,1467.509767,1450.923310,1434.500560,1418.239925,1402.141694,1386.205781,1370.432237,1354.821021,1339.370820,1324.082567,1308.955996,1293.990023,1279.184707,1264.540322,1250.056270,1235.732486,1221.569459,1207.565639,1193.721453,1180.036657,1166.510996,1153.144233,1139.936119,1126.886627,1113.995470,1101.262494,1088.687293,1076.269909,1064.009804,1051.906772,1039.961326,1028.172850,1016.541086,1005.065375,993.745836,982.582284,971.574993,960.722752,950.026294,939.484839,929.098131,918.865962,908.788257,898.864840,889.095681,879.480722,870.019141,860.710856,851.556008,842.554063,833.704831,825.008421,816.464395,808.072562,799.832481,791.744447,783.807262,776.021908,768.387213,760.903979,753.571624,746.389413,739.357533,732.475858,725.744066,719.161669,712.728759,706.445453,700.311015,694.325443,688.488707,682.799978,677.259564,671.866895,666.622300,661.525348,656.575456,651.772790,647.117059,642.607974,638.245365,634.029048,629.958933,626.034669,622.256114,618.622899,615.135112,611.792629,608.594738,605.541427,602.632578,599.868122,597.247648,594.770913,592.437486,590.247691,588.200922,586.297286,584.536454,582.918193,581.442142,580.108450,578.916394,577.866478,576.957889,576.190952,575.564787,575.079553,574.735155,574.531110,574.467259,574.543760,574.760062,575.116224,575.611696,576.246422,577.020122,577.932930,578.984113,580.173870,581.501902,582.967838,584.571692,586.313241,588.192078,590.208252,592.361476,594.651507,597.078156,599.641301,602.340214,605.175411,608.146544,611.253102,614.495034,617.872113,621.384176,625.031139,628.812717,632.728664,636.778870,640.962942,645.280944,649.732657,654.317505,659.035631,663.886675,668.870303,673.986677,679.235361,684.616600,690.129450,695.774145,701.550276,707.457699,713.496326,719.665756,725.966311,732.397336,738.958632,745.650196,752.471704,759.422800,766.503372,773.713385,781.052519,788.520775,796.117648,803.843175,811.697233,819.679412,827.789421,836.027252,844.392974,852.885670,861.505569,870.252426,879.126370,888.126614,897.253198,906.506126,915.885474,925.390174,935.020412,944.776178,954.657195,964.663326,974.794243,985.049795,995.429560,1005.933542,1016.561453,1027.313354,1038.189192,1049.188335,1060.310663,1071.555973,1082.924252,1094.415258,1106.028540,1117.764088,1129.621456,1141.601033,1153.702149,1165.925067,1178.269089,1190.734260,1203.320242,1216.027032,1228.854221,1241.801782,1254.869360,1268.057507,1281.364897,1294.791882,1308.338393,1322.003897
13152.520605,13084.918386,13017.503886,12950.279785,12883.246058,12816.401174,12749.745172,12683.279600,12617.003789,12550.917601,12485.021266,12419.315657,12353.800874,12288.476948,12223.340999,12158.395054,12093.643940,12029.081869,11964.708161,11900.524439,11836.532571,11772.730369,11709.118509,11645.695675,11582.468115,11519.384616,11456.581058,11393.924182,11331.452396,11269.180920,11207.097974,11145.201050,11083.503499,11021.962573,10960.684452,10899.549667,10838.609222,10777.829935,10717.295363,10656.925129,10596.745838,10536.756691,10476.958680,10417.353490,10357.937126,10298.712600,10239.677992,10180.839423,10122.191226,10063.709553,10005.438868,9947.388280,9889.498711,9831.805250,9774.302372,9716.990456,9659.874479,9602.945844,9546.201808,9489.646833,9433.278179,9377.091997,9321.119464,9265.331395,9209.728813,9154.307006,9099.095114,9044.086851,8989.240214,8934.587890,8880.128324,8825.859819,8771.788442,8717.891798,8664.188559,8610.681140,8557.357068,8504.229807,8451.296055,8398.552677,8345.998495,8293.635938,8241.464294,8189.480689,8137.686212,8086.081156,8034.665962,7983.440360,7932.403177,7881.556463,7830.897694,7780.429181,7730.149797,7680.060253,7630.159834,7580.447829,7530.924400,7481.589232,7432.443225,7383.486004,7334.717121,7286.135407,7237.743090,7189.538476,7141.523062,7093.694252,7046.054092,6998.601576,6951.336739,6904.259890,6857.372477,6810.670574,6764.157640,6717.831317,6671.692022,6625.739805,6579.974399,6534.395945,6489.004641,6443.799457,6398.780557,6353.948578,6309.305257,6264.845752,6220.572692,6176.485479,6132.584160,6088.869338,6045.340050,6001.996844,5958.838485,5915.865898,5873.078167,5830.475839,5788.058384,5745.825849,5703.778188,5661.915501,5620.237348,5578.743426,5537.433942,5496.308642,5455.367748,5414.610479,5374.037098,5333.647907,5293.442008,5253.419529,5213.580419,5173.924602,5134.452073,5095.162364,5056.055324,5017.131161,4978.389532,4939.830282,4901.453315,4863.258404,4825.245338,4787.414302,4749.765008,4712.297315,4675.011067,4637.906157,4600.982026,4564.238865,4527.677073,4491.296034,4455.095502,4419.075350,4383.235074,4347.575600,4312.095844,4276.795900,4241.676061,4206.735773,4171.974887,4137.393368,4102.990793,4068.767073,4034.722227,4000.856194,3967.168459,3933.659329,3900.328509,3867.175672,3834.200892,3801.403512,3768.784032,3736.341883,3704.077115,3671.989398,3640.078305,3608.343965,3576.785881,3545.404588,3514.200109,3483.171485,3452.318616,3421.641343,3391.140418,3360.814739,3330.663969,3300.688825,3270.888581,3241.263066,3211.811860,3182.535202,3153.433015,3124.504688,3095.751367,3067.171139,3038.764425,3010.531974,2982.471643,2954.585695,2926.872782,2899.332263,2871.963889,2844.768863,2817.745674,2790.895160,2764.217103,2737.710674,2711.375071,2685.210974,2659.218908,2633.397463,2607.747035,2582.266531,2556.956599,2531.817531,2506.849113,2482.049897,2457.421492,2432.961886,2408.672954,2384.553194,2360.601771,2336.819415,2313.206305,2289.762172,2266.485219,2243.375379,2220.435276,2197.662285,2175.057715,2152.621767,2130.352841,2108.251125,2086.314718,2064.560272,2042.993145,2021.567746,2000.294900,1979.194162,1958.253728,1937.482204,1916.875113,1896.433893,1876.157230,1856.045833,1836.100007,1816.318208,1796.700855,1777.246915,1757.958340,1738.833178,1719.870480,1701.071157,1682.436203,1663.964726,1645.656028,1627.510149,1609.526895,1591.705045,1574.045385,1556.547879,1539.212769,1522.038851,1505.025139,1488.173065,1471.482567,1454.952719,1438.584275,1422.375982,1406.328094,1390.440026,1374.711482,1359.143220,1343.734161,1328.484373,1313.393501,1298.462062,1283.689133,1269.074674,1254.618284,1240.319986,1226.179796,1212.198031,1198.373330,1184.706005,1171.195707,1157.842679,1144.646358,1131.606514,1118.722688,1105.995455,1093.424214,1081.009120,1068.749155,1056.644564,1044.695295,1032.901346,1021.262530,1009.778166,998.448580,987.272870,976.251179,965.383946,954.669878,944.109735,933.702746,923.448708,913.347396,903.398759,893.602638,883.959021,874.467864,865.128362,855.940450,846.904280,838.019338,829.285425,820.702736,812.270775,803.989389,795.858155,787.877380,780.045885,772.364658,764.832476,757.450366,750.217547,743.133318,736.198034,729.411426,722.773240,716.283000,709.940798,703.746803,697.700221,691.801172,686.049540,680.444544,674.986461,669.674860,664.509946,659.491302,654.618524,649.891668,645.310337,640.874466,636.583782,632.438138,628.437453,624.581388,620.869791,617.302368,613.879152,610.600054,607.464370,604.472008,601.623213,598.917421,596.354551,593.934085,591.656233,589.520681,587.527092,585.675573,583.965707,582.397383,580.970260,579.684356,578.539090,577.534916,576.671111,575.947908,575.364533,574.920992,574.617356,574.453012,574.428067,574.542449,574.795587,575.187786,575.718300,576.387145,577.194054,578.139047,579.221731,580.442057,581.799645,583.294328,584.926059,586.694626,588.599627,590.641122,592.818828,595.132512,597.582132,600.167149,602.887268,605.742862,608.733614,611.858995,615.118970,618.513318,622.041885,625.704588,629.501161,633.431352,637.495064,641.691908,646.021970,650.484993,655.080436,659.808499,664.668727,669.660862,674.785052,680.040870,685.428515,690.947203,696.597067,702.377610,708.288916,714.330627,720.502573,726.805008,733.237283,739.799203,746.490771,753.311668,760.261310,767.340293,774.547883,781.884001,789.348654,796.941340,804.662172,812.510822,820.487156,828.590636,836.821441,845.179598,853.664151,862.275379,871.013082,879.877226,888.867196,897.982982,907.224593,916.592126,926.084461,935.701847,945.444355,955.311482,965.303209,975.419292,985.659523,996.023487,1006.511192,1017.122352,1027.857035,1038.715209,1049.696191,1060.799920,1072.026178,1083.374958,1094.846019,1106.438915,1118.153642,1129.989755,1141.947648,1154.026735,1166.227041,1178.548114,1190.989921,1203.552128,1216.234736,1229.037339,1241.959914,1255.002108,1268.164480,1281.445702,1294.846135,1308.365709,1322.003897
12805.724309,12741.252170,12676.944303,12612.802975,12548.824190,12485.022450,12421.379868,12357.859317,12294.597816,12231.456517,12168.489915,12105.660160,12043.014122,11980.581611,11918.280688,11856.142753,11794.136873,11732.344458,11670.750687,11609.251053,11547.995411,11486.869180,11425.925260,11365.143190,11304.505379,11244.088404,11183.816519,11123.715478,11063.730686,11004.017338,10944.429891,10885.008923,10825.749170,10766.686040,10707.759015,10649.035119,10590.483210,10532.095445,10473.875345,10415.819601,10357.956230,10300.260358,10242.729254,10185.365576,10128.189419,10071.173687,10014.323175,9957.657293,9901.153879,9844.833927,9788.688381,9732.709540,9676.910189,9621.282512,9565.823266,9510.548324,9455.445018,9400.518924,9345.755477,9291.162755,9236.745449,9182.507321,9128.443355,9074.554209,9020.843292,8967.298115,8913.931919,8860.741291,8807.723719,8754.878148,8702.210679,8649.718769,8597.407218,8545.267670,8493.303782,8441.514775,8389.900610,8338.462938,8287.202542,8236.115099,8185.203824,8134.468546,8083.907795,8033.523946,7983.315686,7933.283562,7883.427127,7833.745294,7784.241090,7734.911887,7685.758198,7636.780602,7587.978940,7539.352589,7490.902862,7442.629638,7394.531580,7346.610247,7298.864508,7251.294883,7203.900913,7156.683328,7109.642306,7062.778320,7016.088727,6969.576061,6923.238749,6877.078849,6831.093922,6785.285465,6739.653589,6694.197310,6648.917111,6603.813269,6558.885428,6514.133782,6469.558173,6425.158957,6380.936006,6336.888280,6293.016813,6249.321475,6205.802004,6162.458566,6119.291570,6076.300205,6033.484491,5990.845124,5948.380999,5906.092850,5863.980483,5822.043985,5780.283434,5738.698036,5697.288534,5656.054694,5614.996457,5574.113712,5533.406102,5492.874023,5452.517223,5412.335802,5372.329642,5332.498509,5292.842756,5253.361980,5214.056859,5174.926122,5135.970329,5097.189834,5058.583723,5020.152508,4981.895871,4943.813809,4905.906301,4868.173281,4830.614680,4793.230427,4756.020452,4718.984681,4682.122828,4645.435247,4608.921524,4572.581729,4536.415309,4500.423189,4464.604733,4428.959860,4393.488487,4358.190530,4323.065764,4288.113936,4253.335714,4218.729785,4184.297615,4150.038326,4115.951823,4082.037354,4048.295653,4014.726994,3981.330552,3948.106445,3915.054758,3882.174983,3849.466157,3816.929791,3784.565636,3752.373530,3720.352856,3688.503921,3656.826111,3625.319378,3593.984024,3562.819460,3531.826217,3501.003453,3470.352072,3439.871202,3409.560910,3379.420886,3349.451393,3319.651668,3290.022059,3260.561707,3231.271959,3202.151613,3173.200929,3144.419168,3115.807222,3087.364242,3059.090144,3030.985858,3003.049873,2975.281418,2947.682760,2920.251497,2892.989761,2865.896016,2838.970088,2812.212383,2785.622490,2759.200301,2732.945048,2706.857902,2680.937974,2655.185090,2629.598830,2604.180226,2578.928061,2553.842765,2528.923537,2504.169872,2479.582945,2455.161747,2430.907695,2406.818524,2382.895289,2359.136651,2335.543585,2312.116841,2288.854719,2265.756555,2242.824068,2220.055819,2197.451527,2175.009555,2152.734375,2130.622453,2108.673793,2086.890760,2065.272308,2043.814425,2022.526872,2001.419457,1980.465767,1959.670047,1939.032145,1918.551516,1898.229529,1878.073112,1858.078348,1838.245917,1818.576169,1799.066972,1779.719679,1760.533610,1741.507671,1722.642882,1703.938966,1685.394797,1667.010767,1648.788534,1630.725904,1612.823631,1595.080948,1577.498210,1560.073473,1542.808550,1525.703070,1508.756394,1491.968589,1475.337719,1458.866408,1442.553511,1426.398998,1410.402812,1394.564036,1378.883024,1363.358999,1347.992061,1332.782729,1317.730090,1302.834593,1288.095072,1273.512765,1259.085729,1244.814719,1230.700050,1216.740866,1202.937473,1189.289751,1175.796922,1162.459144,1149.276247,1136.247706,1123.373747,1110.653901,1098.088374,1085.677041,1073.419419,1061.315252,1049.364273,1037.566737,1025.922564,1014.431530,1003.093227,991.907555,980.874004,969.992581,959.263691,948.686183,938.260776,927.986720,917.863899,907.891888,898.071045,888.400620,878.881152,869.512468,860.293674,851.224817,842.306056,833.536794,824.917067,816.446872,808.125799,799.953709,791.930195,784.055575,776.328688,768.750532,761.319900,754.037828,746.903554,739.916387,733.076697,726.384228,719.838737,713.439764,707.187412,701.081862,695.122334,689.308958,683.641633,678.119588,672.743122,667.511791,662.425836,657.484994,652.688421,648.036636,643.529103,639.165767,634.946228,630.870771,626.938903,623.150438,619.505237,616.003011,612.643807,609.427542,606.353534,603.421691,600.632283,597.984719,595.479002,593.114462,590.891550,588.809693,586.868932,585.069057,583.409744,581.890897,580.512451,579.273808,578.175000,577.216217,576.396865,575.716968,575.175922,574.773934,574.510602,574.385748,574.399392,574.551240,574.841105,575.268867,575.834183,576.536831,577.376653,578.353675,579.467493,580.718069,582.105030,583.628140,585.287588,587.082943,589.013884,591.080569,593.282456,595.619638,598.091832,600.698667,603.439818,606.315633,609.325793,612.469821,615.747681,619.159118,622.704025,626.382342,630.193724,634.137979,638.215080,642.424554,646.766524,651.240781,655.846673,660.584503,665.453811,670.454333,675.586225,680.849150,686.243113,691.767480,697.422309,703.207213,709.122230,715.167007,721.341523,727.645609,734.079048,740.641510,747.333003,754.153114,761.101636,768.178632,775.383747,782.716782,790.177766,797.766257,805.482211,813.325466,821.295839,829.392796,837.616615,845.967051,854.443429,863.045939,871.774388,880.628746,889.608401,898.713350,907.943605,917.299269,926.779224,936.383725,946.112848,955.966093,965.943446,976.044667,986.269553,996.617692,1007.089095,1017.683483,1028.400928,1039.241399,1050.204221,1061.289360,1072.496523,1083.825788,1095.276890,1106.849389,1118.543282,1130.358128,1142.294328,1154.351295,1166.529062,1178.827177,1191.245640,1203.784039,1216.442460,1229.220472,1242.118056,1255.134864,1268.271457,1281.526511,1294.900388,1308.393026,1322.003897
12488.255823,12426.463474,12364.803288,12303.315710,12241.960141,12180.774988,12119.684579,12058.822304,11998.076477,11937.474449,11877.022621,11816.726443,11756.576808,11696.579608,11636.711269,11577.038993,11517.493754,11458.104090,11398.868801,11339.768137,11280.806970,11222.068593,11163.433786,11104.961292,11046.630809,10988.490921,10930.473125,10872.617640,10814.918330,10757.389191,10700.003382,10642.758023,10585.673734,10528.751851,10471.982686,10415.361325,10358.908268,10302.605809,10246.458394,10190.471633,10134.637183,10078.961183,10023.446672,9968.091306,9912.891255,9857.847722,9802.965731,9748.243907,9693.676282,9639.266314,9585.011545,9530.920286,9476.986765,9423.212850,9369.594797,9316.140491,9262.854067,9209.722774,9156.745937,9103.932689,9051.278546,8998.790587,8946.458418,8894.290015,8842.281325,8790.434995,8738.751705,8687.229552,8635.869679,8584.672481,8533.637387,8482.762497,8432.052046,8381.503408,8331.117423,8280.894459,8230.833611,8180.936370,8131.203451,8081.632553,8032.224871,7982.981255,7933.901191,7884.985168,7836.232306,7787.643138,7739.218950,7690.959179,7642.862499,7594.930963,7547.163910,7499.561294,7452.123354,7404.850526,7357.742436,7310.798854,7264.021335,7217.408119,7170.960653,7124.678334,7078.560904,7032.608590,6986.821970,6941.201700,6895.747359,6850.458353,6805.335056,6760.377879,6715.586507,6670.961108,6626.501862,6582.209441,6538.083090,6494.123307,6450.329513,6406.702278,6363.241563,6319.947221,6276.819740,6233.858739,6191.064412,6148.436538,6105.975318,6063.681019,6021.553929,5979.593162,5937.799680,5896.173382,5854.713948,5813.421358,5772.296103,5731.337888,5690.546706,5649.922668,5609.465929,5569.176248,5529.053657,5489.098232,5449.310059,5409.689260,5370.235593,5330.949162,5291.829707,5252.877537,5214.092879,5175.475744,5137.025742,5098.742974,5060.627303,5022.678991,4984.898151,4947.284306,4909.837826,4872.558804,4835.447033,4798.502502,4761.725197,4725.114904,4688.672112,4652.396390,4616.287825,4580.346394,4544.571198,4508.963973,4473.523811,4438.250683,4403.144018,4368.204876,4333.432298,4298.826874,4264.388105,4230.116452,4196.011695,4162.073499,4128.301944,4094.697180,4061.259244,4027.987858,3994.882989,3961.944395,3929.172308,3896.566859,3864.127292,3831.854531,3799.747715,3767.806643,3736.032228,3704.424117,3672.981704,3641.705307,3610.594360,3579.649824,3548.871217,3518.257091,3487.809518,3457.527068,3427.410729,3397.459414,3367.674109,3338.053229,3308.598266,3279.308778,3250.183797,3221.223436,3192.428636,3163.798172,3135.332853,3107.032251,3078.895989,3050.923873,3023.117092,2995.473751,2967.994566,2940.679945,2913.528724,2886.541839,2859.719245,2833.060149,2806.564530,2780.230920,2754.062426,2728.058132,2702.216569,2676.538384,2651.022999,2625.671738,2600.482231,2575.455817,2550.591331,2525.889744,2501.351799,2476.976033,2452.761936,2428.710008,2404.819962,2381.092241,2357.527050,2334.122674,2310.881036,2287.799745,2264.880372,2242.122061,2219.525665,2197.089982,2174.815071,2152.700593,2130.745741,2108.951419,2087.319564,2065.846049,2044.534823,2023.384404,2002.392790,1981.564373,1960.909844,1940.413560,1920.074408,1899.876382,1879.846827,1859.975788,1840.251527,1820.691484,1801.291849,1782.051308,1762.969961,1744.045442,1725.278621,1706.670678,1688.219538,1669.926610,1651.789923,1633.811643,1615.991965,1598.328849,1580.823111,1563.473952,1546.281517,1529.244958,1512.365183,1495.642479,1479.075992,1462.664649,1446.408493,1430.309045,1414.365640,1398.577628,1382.945397,1367.467817,1352.145207,1336.977267,1321.964481,1307.106507,1292.402880,1277.852931,1263.457965,1249.216438,1235.128830,1221.194528,1207.413752,1193.786715,1180.313442,1166.992587,1153.824849,1140.809755,1127.947092,1115.236975,1102.678786,1090.273054,1078.019476,1065.917465,1053.967071,1042.167880,1030.520211,1019.024084,1007.678993,996.484998,985.441560,974.548351,963.805529,953.213419,942.770886,932.478664,922.336020,912.342853,902.498758,892.804100,883.258151,873.861461,864.613873,855.514508,846.563428,837.760804,829.106098,820.599237,812.240351,804.029007,795.965077,788.048170,780.278624,772.655273,765.179144,757.849040,750.666019,743.629190,736.738235,729.993085,723.393952,716.940161,710.631673,704.468310,698.450395,692.577063,686.848554,681.264746,675.824879,670.529266,665.377455,660.369853,655.505857,650.784921,646.207530,641.773156,637.481643,633.332821,629.326789,625.463132,621.741654,618.162289,614.724694,611.428967,608.274978,605.262081,602.390214,599.659731,597.069923,594.620829,592.311819,590.143342,588.114838,586.226343,584.477694,582.868539,581.398803,580.068432,578.876834,577.824051,576.910270,576.134948,575.498073,574.999064,574.638180,574.414901,574.329183,574.381013,574.570105,574.896279,575.359426,575.959209,576.695336,577.567887,578.576674,579.721366,581.001960,582.418051,583.969398,585.656253,587.478102,589.434850,591.526394,593.752387,596.112758,598.607380,601.235657,603.997810,606.893657,609.923066,613.085564,616.381080,619.809497,623.370585,627.064327,630.890392,634.848593,638.938909,643.160915,647.514654,651.999928,656.616316,661.363616,666.241792,671.250700,676.390188,681.660023,687.060209,692.590169,698.249914,704.039081,709.957713,716.005463,722.182317,728.488107,734.922627,741.485572,748.176889,754.996236,761.943358,769.018419,776.220974,783.550860,791.008112,798.592291,806.303360,814.141162,822.105518,830.195900,838.412589,846.755346,855.223500,863.817247,872.536506,881.380927,890.350228,899.444300,908.663162,918.006921,927.474463,937.066047,946.781752,956.621086,966.584037,976.670369,986.879883,997.212173,1007.667253,1018.244847,1028.945251,1039.767782,1050.712423,1061.778929,1072.967274,1084.276743,1095.707873,1107.259961,1118.932939,1130.726577,1142.641071,1154.675910,1166.831128,1179.106279,1191.501364,1204.015976,1216.650203,1229.403620,1242.276210,1255.267628,1268.378438,1281.607322,1294.954643,1308.420343,1322.003897
12194.133077,12134.710112,12075.407974,12016.236037,11957.189130,11898.304076,11839.550878,11780.924052,11722.433784,11664.069324,11605.863044,11547.777307,11489.844299,11432.036520,11374.373744,11316.832873,11259.459650,11202.197427,11145.102520,11088.120470,11031.296696,10974.601383,10918.043999,10861.636217,10805.365566,10749.231809,10693.239724,10637.389982,10581.677955,10526.121571,10470.698337,10415.414333,10360.280291,10305.282346,10250.427471,10195.723810,10141.163687,10086.748252,10032.472243,9978.344524,9924.356811,9870.510440,9816.810726,9763.258331,9709.850700,9656.589324,9603.478046,9550.510242,9497.690595,9445.020966,9392.491308,9340.111654,9287.878434,9235.794408,9183.856781,9132.069292,9080.427984,9028.933774,8977.592380,8926.399023,8875.354950,8824.460796,8773.715548,8723.121212,8672.676993,8622.382627,8572.239731,8522.245934,8472.404192,8422.713178,8373.172668,8323.784183,8274.547422,8225.461870,8176.529884,8127.748987,8079.120058,8030.643504,7982.320658,7934.149716,7886.131690,7838.266814,7790.555592,7742.997175,7695.592514,7648.341525,7601.245612,7554.302882,7507.514608,7460.880868,7414.402082,7368.077299,7321.907316,7275.892806,7230.033252,7184.329297,7138.780994,7093.387969,7048.150492,7003.069112,6958.144520,6913.375397,6868.762611,6824.305874,6780.006367,6735.863020,6691.876956,6648.047579,6604.374777,6560.859048,6517.501247,6474.300594,6431.257746,6388.372480,6345.644439,6303.074482,6260.662718,6218.408532,6176.312997,6134.375686,6092.596561,6050.975910,6009.513389,5968.209875,5927.064964,5886.078939,5845.251802,5804.583514,5764.074341,5723.724270,5683.533409,5643.501835,5603.629684,5563.916728,5524.363608,5484.969280,5445.735251,5406.660637,5367.746176,5328.991648,5290.396811,5251.961767,5213.687050,5175.572241,5137.617562,5099.823039,5062.188737,5024.714701,4987.400976,4950.247532,4913.254564,4876.422037,4839.749789,4803.238259,4766.887281,4730.696889,4694.667114,4658.797587,4623.089142,4587.541400,4552.154388,4516.928064,4481.862355,4446.957669,4412.213457,4377.630417,4343.207832,4308.946501,4274.845721,4240.906055,4207.126680,4173.508837,4140.052001,4106.755480,4073.620064,4040.645725,4007.832391,3975.179808,3942.688292,3910.357415,3878.187358,3846.178480,3814.330107,3782.642612,3751.116474,3719.750734,3688.546025,3657.501974,3626.618713,3595.896402,3565.334659,3534.933593,3504.693259,3474.613638,3444.694161,3414.935845,3385.337997,3355.900872,3326.623561,3297.506715,3268.550930,3239.755236,3211.119824,3182.645030,3154.330332,3126.175162,3098.181263,3070.347400,3042.673746,3015.159797,2987.805228,2960.611061,2933.577170,2906.702978,2879.988163,2853.433543,2827.037501,2800.801875,2774.725694,2748.809173,2723.051901,2697.453050,2672.013943,2646.733512,2621.612888,2596.651902,2571.849755,2547.206832,2522.722965,2498.397803,2474.230755,2450.221474,2426.371746,2402.680651,2379.147873,2355.773962,2332.557157,2309.499448,2286.599901,2263.857931,2241.274501,2218.848727,2196.580559,2174.469936,2152.517099,2130.722487,2109.084041,2087.602609,2066.277919,2045.110590,2024.100643,2003.246986,1982.553220,1962.013888,1941.634079,1921.424314,1901.370664,1881.465712,1861.713292,1842.115162,1822.674343,1803.380638,1784.244540,1765.266649,1746.444202,1727.778847,1709.266796,1690.909985,1672.708933,1654.661668,1636.770072,1619.031621,1601.449117,1584.021653,1566.748778,1549.629958,1532.665675,1515.854419,1499.197502,1482.694304,1466.345303,1450.149726,1434.106615,1418.216878,1402.480869,1386.898440,1371.469197,1356.192228,1341.068551,1326.096820,1311.277793,1296.610956,1282.096518,1267.734018,1253.523340,1239.465062,1225.557640,1211.801653,1198.197046,1184.743921,1171.442559,1158.291573,1145.291627,1132.442181,1119.743344,1107.194849,1094.796409,1082.548409,1070.450467,1058.502261,1046.703598,1035.054588,1023.554804,1012.204821,1001.003926,989.952359,979.049510,968.295099,957.689255,947.232334,936.923220,926.762656,916.749930,906.884951,897.167336,887.597516,878.174668,868.899346,859.771391,850.790302,841.955729,833.268001,824.726510,816.331446,808.082703,799.979935,792.022830,784.211659,776.546155,769.025262,761.650058,754.419530,747.334561,740.394330,733.598533,726.947109,720.440293,714.077412,707.858441,701.783169,695.852089,690.064154,684.419686,678.918505,673.560191,668.344641,663.271677,658.341596,653.553736,648.907885,644.404127,640.042323,635.822078,631.743258,627.806038,624.009904,620.354934,616.840810,613.467284,610.234465,607.142234,604.189958,601.377473,598.705460,596.172829,593.779968,591.526016,589.411500,587.435919,585.599264,583.901321,582.341986,580.920954,579.638160,578.493270,577.486135,576.617043,575.885331,575.291223,574.833859,574.513687,574.330173,574.283268,574.372969,574.599002,574.961234,575.459422,576.093386,576.862802,577.767680,578.808009,579.983364,581.293657,582.738628,584.318066,586.032067,587.880206,589.862420,591.978623,594.228501,596.611905,599.128753,601.778391,604.561249,607.477025,610.525416,613.706209,617.019254,620.464328,624.041546,627.750571,631.591145,635.563153,639.666539,643.900894,648.266207,652.762547,657.389077,662.145903,667.032915,672.049973,677.196933,682.473630,687.879887,693.415317,699.079876,704.873208,710.795354,716.845990,723.025157,729.332528,735.768104,742.331473,749.022425,755.840932,762.786697,769.859637,777.059562,784.386232,791.839756,799.419494,807.125618,814.957909,822.916193,830.999973,839.209454,847.544482,856.004365,864.589282,873.299220,882.133780,891.092675,900.175833,909.383460,918.715163,928.170176,937.748810,947.451067,957.276461,967.224981,977.296398,987.490515,997.806930,1008.245663,1018.806442,1029.489566,1040.294356,1051.220800,1062.268655,1073.437925,1084.727823,1096.138967,1107.670630,1119.322750,1131.095099,1142.987879,1155.000580,1167.133241,1179.385418,1191.757118,1204.247937,1216.857965,1229.586783,1242.434374,1255.400399,1268.485424,1281.688135,1295.008899,1308.447660,1322.003897
11919.379700,11862.044421,11804.847779,11747.764790,11690.803442,11633.974808,11577.258560,11520.685504,11464.218804,11407.884211,11351.677802,11295.586228,11239.631186,11183.800326,11128.091107,11072.511063,11017.056250,10961.739888,10906.539853,10851.476282,10796.537813,10741.730500,10687.052726,10632.506401,10578.086902,10523.796733,10469.641159,10415.611155,10361.713966,10307.950365,10254.318998,10200.814910,10147.442216,10094.200359,10041.092705,9988.119095,9935.281014,9882.574979,9830.002621,9777.564396,9725.261010,9673.094124,9621.062947,9569.160358,9517.394063,9465.763663,9414.269816,9362.913675,9311.694230,9260.610325,9209.663912,9158.854451,9108.182926,9057.647695,9007.250427,8956.994358,8906.875546,8856.896606,8807.056787,8757.354165,8707.791927,8658.369436,8609.086212,8559.943364,8510.942080,8462.080577,8413.360627,8364.781789,8316.342553,8268.046078,8219.891974,8171.879422,8124.007660,8076.279028,8028.692567,7981.249231,7933.948931,7886.791970,7839.778740,7792.909033,7746.183029,7699.601913,7653.164474,7606.871459,7560.723581,7514.720280,7468.862449,7423.150255,7377.583136,7332.161687,7286.886713,7241.756087,7196.773053,7151.936929,7107.246731,7062.703383,7018.306850,6974.057911,6929.956400,6886.002277,6842.195876,6798.537416,6755.027270,6711.665554,6668.451133,6625.385771,6582.468476,6539.700844,6497.082169,6454.612961,6412.292992,6370.122653,6328.101597,6286.230835,6244.509566,6202.938686,6161.518156,6120.247997,6079.128412,6038.159343,5997.341285,5956.673980,5916.158045,5875.792920,5835.579318,5795.516891,5755.606641,5715.847406,5676.240390,5636.785324,5597.482435,5558.331752,5519.333609,5480.487328,5441.793924,5403.252656,5364.864515,5326.629376,5288.547577,5250.618286,5212.842410,5175.219803,5137.750562,5100.434479,5063.272253,5026.263360,4989.408510,4952.707477,4916.160181,4879.767058,4843.527958,4807.442771,4771.512072,4735.735675,4700.113228,4664.645656,4629.332191,4594.173616,4559.169806,4524.320714,4489.626268,4455.086231,4420.701149,4386.471382,4352.396675,4318.477188,4284.712808,4251.103416,4217.649436,4184.350727,4151.207032,4118.218718,4085.385806,4052.708121,4020.186274,3987.820104,3955.609516,3923.554275,3891.654823,3859.910576,3828.322315,3796.889568,3765.612446,3734.491447,3703.525780,3672.716064,3642.062413,3611.564542,3581.222413,3551.035840,3521.005809,3491.131035,3461.412421,3431.849659,3402.442838,3373.191754,3344.096986,3315.157641,3286.374679,3257.747331,3229.275730,3200.960362,3172.800796,3144.797173,3116.949065,3089.257329,3061.721144,3034.340775,3007.116034,2980.047465,2953.134524,2926.377043,2899.775782,2873.330005,2847.040281,2820.905748,2794.926991,2769.103571,2743.436489,2717.924110,2692.567171,2667.366525,2642.320366,2617.430201,2592.694422,2568.114216,2543.688889,2519.419835,2495.305758,2471.347145,2447.544168,2423.896437,2400.402549,2377.064156,2353.879762,2330.850374,2307.976278,2285.256666,2262.691682,2240.282177,2218.026647,2195.925668,2173.979876,2152.188723,2130.550730,2109.067334,2087.738652,2066.564107,2045.542932,2024.674908,2003.960346,1983.400618,1962.994416,1942.744231,1922.647016,1902.706392,1882.927486,1863.303306,1843.826562,1824.505197,1805.323528,1786.304798,1767.437539,1748.708631,1730.141335,1711.727618,1693.467593,1675.358689,1657.401799,1639.597303,1621.944558,1604.444170,1587.094496,1569.899052,1552.854981,1535.963360,1519.222388,1502.634070,1486.195350,1469.908715,1453.774176,1437.790380,1421.957658,1406.274416,1390.743376,1375.362864,1360.133891,1345.054959,1330.126403,1315.348143,1300.719707,1286.241789,1271.913799,1257.736350,1243.707576,1229.829409,1216.099893,1202.519727,1189.089146,1175.807613,1162.675823,1149.692533,1136.858063,1124.172351,1111.634944,1099.246192,1087.005405,1074.912979,1062.968839,1051.172484,1039.523862,1028.022981,1016.669461,1005.463746,994.405521,983.494580,972.730671,962.113437,951.642952,941.319625,931.142449,921.111979,911.227747,901.489621,891.896969,882.450544,873.149438,863.994217,854.984734,846.120504,837.401189,828.827132,820.397740,812.113215,803.973464,795.978155,788.126987,780.420244,772.857674,765.438040,758.162840,751.031009,744.043078,737.198531,730.496934,723.938349,717.522950,711.250103,705.119790,699.131816,693.286682,687.583357,682.022169,676.602953,671.325298,666.189030,661.194234,656.341042,651.628655,647.057103,642.626413,638.336432,634.186826,630.177389,626.308364,622.579269,618.990104,615.540663,612.230650,609.060272,606.029190,603.136980,600.383478,597.769361,595.293630,592.956315,590.756960,588.695988,586.772865,584.987599,583.340018,581.830008,580.457224,579.221767,578.123134,577.161329,576.336456,575.647997,575.096243,574.680226,574.400443,574.256320,574.247955,574.375235,574.637880,575.035921,575.568813,576.236676,577.039073,577.976108,579.047648,580.253335,581.593149,583.066756,584.673978,586.414983,588.289142,590.296686,592.437376,594.710824,597.117057,599.655932,602.326803,605.130106,608.065546,611.132784,614.331670,617.662145,621.123823,624.716898,628.441038,632.295990,636.281647,640.397959,644.644523,649.021334,653.528467,658.165092,662.931457,667.827046,672.852276,678.006455,683.289856,688.702124,694.242918,699.912191,705.709588,711.635160,717.688584,723.869909,730.178812,736.615302,743.179009,749.869609,756.687278,763.631450,770.702281,777.899508,785.222896,792.672560,800.247862,807.949124,815.775705,823.727775,831.804959,840.007329,848.334458,856.786022,865.362085,874.062636,882.887283,891.835742,900.907946,910.104106,919.423832,928.866364,938.432015,948.120912,957.932217,967.866400,977.922752,988.101447,998.401964,1008.824328,1019.368269,1030.034092,1040.821122,1051.729349,1062.758603,1073.908691,1085.179028,1096.570171,1108.081397,1119.712646,1131.463847,1143.334680,1155.325304,1167.435399,1179.664596,1192.012910,1204.479923,1217.065748,1229.769960,1242.592549,1255.533177,1268.592415,1281.768951,1295.063156,1308.474977,1322.003897
11660.988955,11605.568978,11550.255877,11495.066853,11439.979018,11385.022718,11330.178983,11275.445921,11220.827539,11166.323771,11111.939614,11057.672401,11003.520667,10949.483049,10895.566434,10841.768131,10788.088205,10734.525973,10681.078525,10627.757088,10574.554016,10521.470202,10468.505451,10415.658560,10362.933164,10310.328560,10257.845689,10205.485193,10153.244664,10101.124692,10049.129744,9997.257826,9945.510669,9893.886141,9842.382917,9791.005824,9739.749409,9688.618170,9637.611693,9586.730813,9535.976391,9485.347025,9434.844516,9384.467692,9334.216811,9284.093311,9234.095230,9184.225810,9134.485669,9084.872283,9035.387754,8986.033100,8936.804415,8887.705318,8838.736516,8789.896913,8741.187397,8692.608566,8644.159886,8595.840557,8547.653166,8499.597241,8451.671774,8403.878437,8356.216896,8308.687163,8261.290139,8214.025403,8166.893515,8119.895617,8073.030882,8026.299332,7979.702159,7933.239482,7886.910525,7840.717500,7794.658877,7748.735931,7702.948030,7657.295436,7611.779253,7566.398947,7521.154694,7476.047099,7431.075632,7386.241517,7341.545530,7296.985972,7252.565148,7208.282029,7164.137110,7120.130200,7076.261520,7032.532184,6988.942095,6945.490974,6902.179388,6859.007786,6815.975550,6773.083498,6730.332110,6687.721062,6645.250626,6602.921211,6560.733512,6518.686699,6476.780943,6435.016845,6393.394933,6351.913931,6310.576203,6269.380545,6228.327951,6187.417840,6146.650596,6106.027014,6065.546195,6025.208937,5985.015282,5944.965480,5905.059705,5865.298253,5825.680957,5786.208093,5746.879953,5707.696640,5668.658391,5629.765458,5591.017440,5552.414690,5513.957617,5475.645734,5437.480503,5399.461277,5361.588251,5323.861517,5286.281302,5248.847341,5211.559732,5174.419652,5137.426129,5100.580178,5063.881482,5027.330169,4990.925684,4954.669318,4918.560746,4882.599691,4846.787053,4811.122387,4775.605935,4740.238029,4705.018580,4669.947678,4635.025147,4600.251530,4565.626783,4531.150795,4496.824006,4462.646350,4428.617795,4394.738979,4361.009316,4327.429222,4293.999001,4260.718642,4227.587394,4194.606462,4161.775285,4129.094428,4096.563275,4064.182560,4031.951934,3999.871837,3967.941184,3936.161961,3904.533305,3873.054956,3841.727688,3810.550962,3779.525031,3748.650003,3717.925440,3687.351828,3656.929750,3626.658761,3596.538676,3566.569729,3536.751579,3507.085208,3477.569601,3448.205791,3418.992773,3389.931422,3361.021609,3332.263621,3303.656408,3275.201391,3246.897477,3218.745267,3190.744330,3162.895253,3135.198136,3107.652415,3080.258624,3053.016206,3025.926099,2998.987014,2972.200085,2945.565384,2919.081979,2892.749981,2866.569917,2840.542008,2814.665593,2788.940694,2763.367992,2737.947576,2712.678657,2687.561093,2662.595145,2637.781449,2613.119069,2588.608643,2564.250094,2540.042787,2515.987470,2492.083020,2468.330252,2444.729490,2421.281672,2397.984273,2374.839413,2351.846209,2329.003776,2306.312837,2283.772845,2261.384532,2239.148031,2217.062559,2195.128385,2173.346235,2151.715391,2130.235465,2108.907754,2087.730430,2066.704466,2045.828732,2025.104903,2004.532113,1984.109101,1963.836933,1943.713947,1923.744356,1903.926156,1884.258397,1864.746140,1845.388260,1826.182411,1807.128400,1788.217795,1769.455637,1750.845969,1732.386122,1714.056896,1695.890747,1677.875461,1660.011402,1642.295387,1624.728898,1607.312644,1590.044341,1572.926136,1555.957096,1539.138930,1522.469883,1505.950113,1489.579197,1473.357184,1457.283968,1441.359669,1425.584668,1409.958381,1394.479774,1379.149638,1363.968476,1348.936350,1334.052568,1319.316546,1304.729165,1290.289020,1275.997358,1261.853459,1247.857472,1234.008576,1220.307964,1206.754427,1193.347800,1180.088753,1166.976213,1154.011806,1141.194001,1128.523039,1115.998656,1103.620992,1091.389673,1079.304782,1067.365912,1055.573543,1043.927186,1032.426704,1021.072122,1009.863237,998.800016,987.882650,977.110841,966.484183,956.002558,945.665836,935.474600,925.427805,915.526015,905.768782,896.155986,886.687012,877.362621,868.181921,859.145585,850.253200,841.504571,832.899284,824.437691,816.119216,807.944073,799.912179,792.023217,784.276897,776.673516,769.212835,761.893632,754.717411,747.683122,740.791306,734.041424,727.433165,720.966555,714.641634,708.457828,702.415317,696.514034,690.753936,685.134395,679.655736,674.317722,669.119979,664.062363,659.144918,654.367813,649.730316,645.232362,640.874105,636.655184,632.575688,628.635038,624.833582,621.170948,617.647047,614.261745,611.014661,607.906108,604.935725,602.103097,599.408068,596.851328,594.431874,592.149654,590.004640,587.996643,586.125490,584.391264,582.793653,581.332579,580.007640,578.819070,577.766323,576.849453,576.068469,575.422934,574.913079,574.538123,574.298395,574.193320,574.223194,574.387724,574.686697,575.120156,575.687561,576.389009,577.224164,578.193079,579.295554,580.531347,581.900406,583.402406,585.037176,586.804890,588.704929,590.737529,592.902426,595.199334,597.628192,600.188897,602.880755,605.704368,608.659299,611.745265,614.962071,618.309737,621.787856,625.396627,629.135726,633.004905,637.004174,641.133159,645.391792,649.779966,654.297761,658.944375,663.719996,668.624183,673.657324,678.818747,684.108834,689.526900,695.072967,700.746834,706.548218,712.477096,718.533240,724.716685,731.026984,737.464302,744.028227,750.718436,757.535114,764.477699,771.546349,778.740810,786.060850,793.506589,801.077395,808.773594,816.594678,824.540436,832.610884,840.805971,849.125286,857.568534,866.135632,874.826835,883.641446,892.579404,901.640640,910.825441,920.133010,929.563091,939.115662,948.791049,958.588354,968.508049,978.549603,988.712740,998.997274,1009.403245,1019.930327,1030.578953,1041.348079,1052.238048,1063.248641,1074.379596,1085.630358,1097.001487,1108.492261,1120.102629,1131.832519,1143.681615,1155.650083,1167.737604,1179.943812,1192.268727,1204.711935,1217.273549,1229.953152,1242.750734,1255.665962,1268.699411,1281.849770,1295.117415,1308.502295,1322.003897
11416.724772,11363.057260,11309.489743,11256.032013,11202.678927,11149.425462,11096.288443,11043.255515,10990.329850,10937.509140,10884.803615,10832.205489,10779.711759,10727.335912,10675.061754,10622.896963,10570.843205,10518.899783,10467.065426,10415.341345,10363.729006,10312.231328,10260.845548,10209.570243,10158.406898,10107.358017,10056.421057,10005.598585,9954.893260,9904.297429,9853.816578,9803.450906,9753.200334,9703.066890,9653.047521,9603.144356,9553.360955,9503.691212,9454.138492,9404.701317,9355.383204,9306.183694,9257.102526,9208.138995,9159.295168,9110.569835,9061.964184,9013.477305,8965.112089,8916.865900,8868.740987,8820.736053,8772.852645,8725.090844,8677.450350,8629.931277,8582.534576,8535.260862,8488.109483,8441.080907,8394.175432,8347.394324,8300.736423,8254.204442,8207.796489,8161.513158,8115.353771,8069.320566,8023.413379,7977.631954,7931.976162,7886.447028,7841.044566,7795.768623,7750.620348,7705.599619,7660.706566,7615.941206,7571.303564,7526.794563,7482.414343,7438.162892,7394.041147,7350.048925,7306.186372,7262.453849,7218.851377,7175.379470,7132.038087,7088.828000,7045.749262,7002.801141,6959.985624,6917.301915,6874.750675,6832.331435,6790.045264,6747.891904,6705.871330,6663.984684,6622.231385,6580.611101,6539.124736,6497.773745,6456.556827,6415.474963,6374.527564,6333.714504,6293.037267,6252.495813,6212.090019,6171.820168,6131.686530,6091.689088,6051.828408,6012.104783,5972.517871,5933.068381,5893.755629,5854.580877,5815.543364,5776.644706,5737.883103,5699.260649,5660.776700,5622.431474,5584.225155,5546.157298,5508.229417,5470.441055,5432.792140,5395.283063,5357.913538,5320.684586,5283.596018,5246.647871,5209.840372,5173.173690,5136.648052,5100.263265,5064.019936,5027.917845,4991.957654,4956.139231,4920.462724,4884.928285,4849.535670,4814.285562,4779.177984,4744.212399,4709.389646,4674.710536,4640.174655,4605.781897,4571.532374,4537.425757,4503.463245,4469.644581,4435.969914,4402.438374,4369.051619,4335.809099,4302.710793,4269.756748,4236.947726,4204.283040,4171.763583,4139.388787,4107.158965,4075.074023,4043.134869,4011.340924,3979.692541,3948.188835,3916.831628,3885.619922,3854.554037,3823.634009,3792.860117,3762.232162,3731.750655,3701.415103,3671.225276,3641.182439,3611.286444,3581.536750,3551.934109,3522.478029,3493.168657,3464.005793,3434.990147,3406.121837,3377.400473,3348.826160,3320.399000,3292.119183,3263.986278,3236.001041,3208.162732,3180.472781,3152.930071,3125.534685,3098.287172,3071.187044,3044.234696,3017.430302,2990.773653,2964.264741,2937.903988,2911.690934,2885.626203,2859.709254,2833.940244,2808.319901,2782.846226,2757.521944,2732.345042,2707.316294,2682.435911,2657.703602,2633.119861,2608.684431,2584.397133,2560.256730,2536.265896,2512.423107,2488.728446,2465.182041,2441.783434,2418.533866,2395.431227,2372.477032,2349.673146,2327.016794,2304.508608,2282.149090,2259.937439,2237.874042,2215.958149,2194.190744,2172.571879,2151.101390,2129.778709,2108.605095,2087.579225,2066.701763,2045.973076,2025.392543,2004.958804,1984.673285,1964.536707,1944.547462,1924.704958,1905.009732,1885.465040,1866.068150,1846.819514,1827.724553,1808.779697,1789.981735,1771.335211,1752.830536,1734.468990,1716.255405,1698.197932,1680.270549,1662.488780,1644.863178,1627.385283,1610.053350,1592.868589,1575.830679,1558.938678,1542.193779,1525.596655,1509.147006,1492.844548,1476.688361,1460.679321,1444.815841,1429.099276,1413.529750,1398.106656,1382.829710,1367.697846,1352.713473,1337.875071,1323.183701,1308.637760,1294.237863,1279.983778,1265.875453,1251.912782,1238.096273,1224.424880,1210.899242,1197.519231,1184.283549,1171.193654,1158.248557,1145.448908,1132.794717,1120.285052,1107.920134,1095.700018,1083.624225,1071.692917,1059.905961,1048.263563,1036.765363,1025.411181,1014.201108,1003.134981,992.212717,981.434542,970.800143,960.309221,949.961579,939.757194,929.696579,919.778580,910.004019,900.372361,890.883499,881.536834,872.333135,863.271527,854.352694,845.576237,836.941973,828.449500,820.099090,811.890459,803.823556,795.898400,788.114689,780.472143,772.971042,765.611248,758.391466,751.313234,744.375517,737.578868,730.922758,724.406889,718.031298,711.796050,705.700446,699.744903,693.929365,688.253523,682.717031,677.320291,672.062585,666.944016,661.964255,657.123612,652.421904,647.858528,643.433492,639.147048,634.998666,630.988410,627.116048,623.381608,619.784819,616.325589,613.003770,609.819188,606.771974,603.861720,601.088071,598.451266,595.951307,593.587610,591.360040,589.268793,587.313297,585.493853,583.810222,582.262095,580.849520,579.572078,578.430005,577.422763,576.550547,575.812975,575.210309,574.741731,574.407457,574.207492,574.141204,574.208870,574.410347,574.745412,575.213993,575.815657,576.550408,577.418017,578.418511,579.551697,580.817341,582.215359,583.745434,585.407631,587.201826,589.127520,591.184957,593.373879,595.694008,598.145433,600.727626,603.440334,606.283977,609.258227,612.362709,615.597328,618.962017,622.456412,626.080720,629.834623,633.717914,637.730503,641.872128,646.142692,650.542094,655.070420,659.726873,664.511647,669.424308,674.465236,679.633801,684.930356,690.354233,695.905537,701.583859,707.389092,713.321205,719.379954,725.565379,731.877038,738.315102,744.879164,751.568905,758.384548,765.325440,772.391863,779.583466,786.900092,794.341843,801.908137,809.599167,817.414568,825.354088,833.417723,841.605499,849.916938,858.351772,866.909925,875.591653,884.396166,893.323708,902.373904,911.547173,920.842694,930.260226,939.799750,949.461597,959.244913,969.150052,979.176608,989.324272,999.592860,1009.982415,1020.492616,1031.123906,1041.875227,1052.746943,1063.738834,1074.850641,1086.081813,1097.432912,1108.903224,1120.492696,1132.201264,1144.028614,1155.974916,1168.039854,1180.223066,1192.524575,1204.943971,1217.481371,1230.136359,1242.908930,1255.798755,1268.806411,1281.930591,1295.171674,1308.529613,1322.003897
11184.864249,11132.808727,11080.849939,11028.992925,10977.232877,10925.575056,10874.012428,10822.549734,10771.184312,10719.921870,10668.762259,10617.703520,10566.747140,10515.891878,10465.138780,10414.486663,10363.938874,10313.498130,10263.158477,10212.925490,10162.793990,10112.768040,10062.845190,10013.028348,9963.317476,9913.713977,9864.214720,9814.821573,9765.538150,9716.361595,9667.293298,9618.329430,9569.474872,9520.729497,9472.091239,9423.563693,9375.145779,9326.836531,9278.637764,9230.550065,9182.571916,9134.705237,9086.949850,9039.306367,8991.775109,8944.355211,8897.048419,8849.853793,8802.772759,8755.805534,8708.951136,8662.211420,8615.586279,8569.075270,8522.679378,8476.398045,8430.233253,8384.182781,8338.248914,8292.431544,8246.731044,8201.148070,8155.681528,8110.332607,8065.101619,8019.989264,7974.994503,7930.118559,7885.361757,7840.724102,7796.206026,7751.807937,7707.529861,7663.372271,7619.335079,7575.418615,7531.622699,7487.949086,7444.397271,7400.967590,7357.659839,7314.475189,7271.412172,7228.473166,7185.657602,7142.965953,7100.398336,7057.954774,7015.635572,6973.441526,6931.372597,6889.428306,6847.609128,6805.915868,6764.348682,6722.907492,6681.592748,6640.404805,6599.343440,6558.409671,6517.603483,6476.924883,6436.375248,6395.952843,6355.658563,6315.493259,6275.456836,6235.549882,6195.771965,6156.123732,6116.605352,6077.217008,6037.958952,5998.831281,5959.833669,5920.967870,5882.233279,5843.630102,5805.158084,5766.818539,5728.610916,5690.535278,5652.592479,5614.782213,5577.104532,5539.560404,5502.149593,5464.872312,5427.728757,5390.719135,5353.843523,5317.101702,5280.494624,5244.022468,5207.685436,5171.483498,5135.416430,5099.485219,5063.689692,5028.029598,4992.505718,4957.117474,4921.866395,4886.751798,4851.774005,4816.932535,4782.228723,4747.661623,4713.232242,4678.940669,4644.786837,4610.770728,4576.892275,4543.152639,4509.551021,4476.087932,4442.763506,4409.578282,4376.532097,4343.625050,4310.857289,4278.228605,4245.738514,4213.389487,4181.180172,4149.110310,4117.180921,4085.391982,4053.743245,4022.234761,3990.867273,3959.640415,3928.554530,3897.610015,3866.806310,3836.144210,3805.623073,3775.243206,3745.005325,3714.909335,3684.955036,3655.142382,3625.472359,3595.944016,3566.558123,3537.314702,3508.213542,3479.255147,3450.438474,3421.765233,3393.234758,3364.847580,3336.603354,3308.502240,3280.544034,3252.728887,3225.057695,3197.529559,3170.145471,3142.904360,3115.807089,3088.853076,3062.043182,3035.377182,3008.855324,2982.477583,2956.243289,2930.153111,2904.207227,2878.406043,2852.748549,2827.236016,2801.867673,2776.644128,2751.564944,2726.630223,2701.840814,2677.194781,2652.694194,2628.337807,2604.126341,2580.059791,2556.138277,2532.361723,2508.730563,2485.243249,2461.900849,2438.704025,2415.651790,2392.744730,2369.982770,2347.366251,2324.893381,2302.566302,2280.385900,2258.350094,2236.459153,2214.713848,2193.113324,2171.658063,2150.347425,2129.182210,2108.162917,2087.288142,2066.559565,2045.975848,2025.538156,2005.245447,1985.098362,1965.095451,1945.238186,1925.526108,1905.960068,1886.536589,1867.258427,1848.127849,1829.142081,1810.302399,1791.614941,1773.072611,1754.674224,1736.425897,1718.317053,1700.344630,1682.523889,1664.849717,1647.304482,1629.912721,1612.667000,1595.566468,1578.609798,1561.797478,1545.128897,1528.605228,1512.225849,1495.992179,1479.903560,1463.958992,1448.158725,1432.502882,1416.990424,1401.623352,1386.400394,1371.322063,1356.386428,1341.594997,1326.948348,1312.445979,1298.087380,1283.872588,1269.801641,1255.874131,1242.090602,1228.450871,1214.954834,1201.601560,1188.392607,1175.326124,1162.402954,1149.622777,1136.986345,1124.493378,1112.142853,1099.935395,1087.870640,1075.948505,1064.169126,1052.532111,1041.037804,1029.685922,1018.476307,1007.409254,996.484101,985.700955,975.060332,964.561767,954.204975,943.989770,933.916273,923.984622,914.194102,904.545253,895.037819,885.671517,876.445814,867.361487,858.417676,849.615078,840.953304,832.432184,824.051342,815.811024,807.710997,799.751121,791.931686,784.252145,776.712313,769.312484,762.052404,754.931164,747.950002,741.107851,734.405516,727.842174,721.417794,715.132342,708.985888,702.977749,697.108337,691.377624,685.785340,680.331095,675.015323,669.837318,664.797152,659.894602,655.129834,650.502968,646.013107,641.660378,637.445044,633.366583,629.425071,625.620284,621.952260,618.420739,615.025637,611.766727,608.644106,605.657653,602.807059,600.091972,597.512829,595.069090,592.760727,590.587433,588.549341,586.646097,584.877791,583.244249,581.745280,580.380806,579.150465,578.054504,577.092388,576.264324,575.569937,575.009497,574.582245,574.288307,574.127611,574.099860,574.205072,574.443264,574.813977,575.317390,575.953044,576.720820,577.620601,578.652567,579.816042,581.111285,582.538054,584.096040,585.785315,587.605762,589.556889,591.638945,593.851654,596.194827,598.668474,601.272103,604.005468,606.868952,609.862394,612.985202,616.237424,619.618968,623.129477,626.769164,630.537716,634.434934,638.460762,642.614854,646.897326,651.307707,655.846433,660.512585,665.306403,670.227417,675.276029,680.451657,685.754565,691.184116,696.740465,702.423211,708.232205,714.167459,720.228721,726.416038,732.728995,739.167698,745.731817,752.421012,759.235512,766.174670,773.238773,780.427473,787.740619,795.178223,802.739990,810.425841,818.235564,826.168729,834.225522,842.405913,850.709426,859.135799,867.684960,876.357172,885.151645,894.068631,903.107757,912.269448,921.552886,930.957834,940.484304,950.132553,959.901810,969.792406,979.803939,989.936104,1000.188721,1010.561838,1021.055136,1031.669064,1042.402567,1053.256012,1064.229183,1075.321826,1086.533392,1097.864449,1109.314283,1120.882849,1132.570084,1144.375678,1156.299804,1168.342150,1180.502359,1192.780455,1205.176032,1217.689211,1230.319580,1243.067137,1255.931555,1268.913416,1282.011415,1295.225935,1308.556931,1322.003897
10964.019459,10913.459035,10862.989652,10812.614086,10762.330488,10712.140182,10662.043090,10612.041297,10562.135391,10512.320968,10462.605470,10412.979126,10363.452737,10314.022128,10264.688690,10215.448074,10166.306214,10117.262422,10068.314332,10019.464783,9970.713525,9922.061181,9873.507835,9825.054442,9776.699196,9728.441616,9680.284695,9632.228710,9584.274150,9536.420194,9488.668141,9441.017492,9393.469241,9346.022702,9298.678616,9251.437864,9204.300960,9157.266729,9110.336572,9063.511785,9016.790209,8970.173620,8923.662747,8877.257467,8830.958498,8784.764667,8738.677544,8692.696922,8646.822710,8601.056201,8555.396532,8509.845452,8464.402348,8419.067819,8373.842000,8328.725555,8283.718348,8238.820353,8194.033211,8149.355443,8104.788868,8060.333569,8015.989438,7971.756766,7927.636150,7883.627098,7839.730724,7795.947722,7752.277641,7708.720213,7665.276641,7621.946222,7578.730624,7535.629600,7492.643337,7449.772190,7407.016475,7364.376070,7321.851767,7279.443613,7237.152514,7194.977770,7152.920134,7110.979502,7069.156546,7027.451846,6985.864836,6944.396474,6903.046639,6861.815289,6820.703076,6779.711619,6738.839126,6698.086863,6657.454035,6616.942636,6576.552113,6536.282582,6496.134143,6456.107756,6416.203478,6376.421370,6336.761403,6297.223815,6257.809441,6218.518226,6179.350447,6140.306484,6101.386888,6062.590912,6023.919314,5985.372420,5946.949982,5908.652696,5870.480765,5832.434889,5794.514880,5756.720965,5719.053382,5681.512301,5644.098084,5606.810895,5569.651004,5532.617827,5495.713100,5458.936364,5422.287434,5385.766723,5349.375070,5313.112233,5276.978369,5240.974061,5205.098913,5169.353362,5133.737352,5098.251910,5062.896766,5027.672127,4992.577887,4957.614112,4922.781702,4888.080838,4853.511723,4819.074347,4784.768739,4750.595086,4716.553976,4682.644921,4648.868938,4615.225312,4581.714931,4548.337770,4515.093863,4481.983441,4449.007003,4416.164715,4383.455970,4350.882068,4318.442295,4286.137221,4253.966561,4221.931045,4190.030563,4158.265445,4126.635926,4095.141367,4063.783082,4032.560323,4001.474136,3970.524079,3939.709428,3909.032252,3878.491448,3848.087050,3817.819851,3787.689695,3757.696276,3727.840864,3698.122737,3668.542082,3639.099588,3609.794644,3580.627790,3551.598523,3522.707764,3493.955806,3465.341951,3436.866517,3408.530138,3380.332589,3352.273733,3324.354024,3296.573673,3268.931662,3241.429633,3214.067077,3186.844426,3159.761596,3132.818207,3106.014143,3079.350880,3052.827498,3026.444321,3000.201005,2974.098310,2948.135594,2922.313273,2896.632137,2871.091613,2845.691447,2820.432229,2795.313457,2770.336073,2745.499727,2720.804798,2696.250969,2671.838441,2647.567093,2623.437393,2599.448959,2575.601456,2551.896435,2528.331766,2504.909907,2481.628790,2458.490186,2435.493838,2412.638766,2389.924287,2367.353613,2344.923495,2322.636287,2300.490958,2278.487513,2256.625764,2234.906299,2213.330171,2191.896591,2170.604251,2149.454840,2128.447601,2107.582230,2086.858672,2066.278672,2045.840675,2025.545093,2005.392390,1985.382836,1965.515513,1945.791162,1926.208704,1906.768528,1887.470636,1868.316645,1849.302424,1830.430775,1811.704434,1793.120818,1774.680523,1756.391366,1738.241531,1720.233699,1702.374505,1684.645027,1667.063338,1649.626318,1632.323783,1615.156537,1598.137814,1581.264314,1564.532890,1547.942552,1531.494816,1515.187729,1499.023836,1483.002029,1467.123768,1451.387436,1435.793393,1420.341364,1405.031026,1389.863016,1374.837425,1359.953750,1345.211560,1330.611131,1316.152986,1301.837377,1287.663468,1273.631181,1259.741135,1245.991994,1232.385122,1218.919740,1205.596232,1192.413589,1179.373231,1166.473493,1153.715158,1141.098090,1128.622280,1116.288412,1104.095155,1092.043117,1080.131892,1068.361646,1056.732196,1045.243158,1033.895270,1022.688149,1011.621405,1000.695257,989.909355,979.264002,968.759173,958.394861,948.170778,938.086530,928.142133,918.338113,908.673600,899.149082,889.764506,880.519411,871.413344,862.447088,853.619799,844.932184,836.383868,827.974691,819.704290,811.572762,803.580364,795.726493,788.011604,780.435159,772.997003,765.697356,758.536180,751.512378,744.627264,737.879782,731.270750,724.799354,718.465576,712.269390,706.210878,700.289416,694.505252,688.858601,683.349006,677.976300,672.740742,667.641700,662.679251,657.853194,653.163691,648.610881,644.193869,639.912686,635.767936,631.758758,627.885393,624.147585,620.545308,617.078565,613.747032,610.550570,607.489286,604.563071,601.771617,599.114628,596.592442,594.204635,591.951215,589.831648,587.846331,585.994831,584.277245,582.693446,581.243136,579.926313,578.742839,577.692448,576.775002,575.990838,575.339296,574.820787,574.434352,574.180508,574.058840,574.069237,574.211771,574.486206,574.892405,575.430306,576.099628,576.900181,577.831830,578.894781,580.088556,581.413211,582.868449,584.454085,586.170201,588.016626,589.993011,592.099420,594.335784,596.701766,599.197436,601.822306,604.576139,607.459359,610.471701,613.612691,616.882364,620.280495,623.807038,627.461946,631.244993,635.155958,639.194880,643.361329,647.655471,652.077139,656.625730,661.301548,666.104257,671.033562,676.089683,681.272237,686.581521,692.016640,697.577879,703.264881,709.077552,715.015853,721.079431,727.268658,733.582926,740.022087,746.586181,753.274753,760.088036,767.025390,774.087099,781.272828,788.582429,796.015918,803.573005,811.253640,819.057541,826.984435,835.034256,843.207355,851.502749,859.920589,868.460738,877.123389,885.907781,894.814170,903.842187,912.992320,922.263583,931.655914,941.169437,950.803919,960.559179,970.435207,980.431675,990.548267,1000.784858,1011.141513,1021.617888,1032.214433,1042.930377,1053.765253,1064.719688,1075.793151,1086.985096,1098.296096,1109.725441,1121.273087,1132.938977,1144.722805,1156.624746,1168.644492,1180.781689,1193.036366,1205.408118,1217.897072,1230.502816,1243.225355,1256.064363,1269.020425,1282.092241,1295.280196,1308.584250,1322.003897
10753.016911,10703.853999,10654.778712,10605.789794,10556.888262,10508.077194,10459.353112,10410.717145,10362.169687,10313.711380,10265.340773,10217.060622,10168.870230,10120.769450,10072.760131,10024.842532,9977.016221,9929.284080,9881.641298,9834.089384,9786.630535,9739.266186,9691.993063,9644.814075,9597.728639,9550.737511,9503.842184,9457.041233,9410.335589,9363.725555,9317.210671,9270.793003,9224.472336,9178.247059,9132.118491,9086.088447,9040.155981,8994.321772,8948.585079,8902.948301,8857.409342,8811.969729,8766.629234,8721.388756,8676.249312,8631.210002,8586.271804,8541.434605,8496.698838,8452.064901,8407.532913,8363.102920,8318.776644,8274.552606,8230.432111,8186.415586,8142.502818,8098.694502,8054.990614,8011.391418,7967.898007,7924.509622,7881.226877,7838.050698,7794.980746,7752.017460,7709.160930,7666.411827,7623.770279,7581.236731,7538.811235,7496.494787,7454.286098,7412.187991,7370.198995,7328.319582,7286.549872,7244.890302,7203.340800,7161.902747,7120.575842,7079.360527,7038.256265,6997.264329,6956.383572,6915.616832,6874.962900,6834.422213,6793.994988,6753.681626,6713.482403,6673.397550,6633.426670,6593.570910,6553.830294,6514.204598,6474.694878,6435.300930,6396.022727,6356.861762,6317.817161,6278.890205,6240.080769,6201.387941,6162.813656,6124.357163,6086.019603,6047.800422,6009.700131,5971.719041,5933.857251,5896.115141,5858.492775,5820.990683,5783.609407,5746.348535,5709.208621,5672.189559,5635.292259,5598.516533,5561.862466,5525.331501,5488.922074,5452.635606,5416.472027,5380.431578,5344.514493,5308.721124,5273.051470,5237.505514,5202.083445,5166.786567,5131.614587,5096.567591,5061.645393,5026.849044,4992.178350,4957.633500,4923.214459,4888.922053,4854.756176,4820.717043,4786.804868,4753.019619,4719.361800,4685.830398,4652.427339,4619.153110,4586.007083,4552.989461,4520.099876,4487.339184,4454.707689,4422.205318,4389.832628,4357.589186,4325.476026,4293.492500,4261.638975,4229.915942,4198.323240,4166.861198,4135.530477,4104.330361,4073.261953,4042.323998,4011.517787,3980.843603,3950.301895,3919.891974,3889.614484,3859.469463,3829.456645,3799.576421,3769.829286,3740.215630,3710.734506,3681.387222,3652.173776,3623.093550,3594.147353,3565.334883,3536.656285,3508.112616,3479.703188,3451.428194,3423.288285,3395.282774,3367.411980,3339.676559,3312.076799,3284.612036,3257.282611,3230.088872,3203.030993,3176.108892,3149.323032,3122.672319,3096.158520,3069.780999,3043.540244,3017.436213,2991.468145,2965.636984,2939.943162,2914.386160,2888.966016,2863.683108,2838.537237,2813.528969,2788.658001,2763.925098,2739.328958,2714.871499,2690.551138,2666.368969,2642.324880,2618.419477,2594.651705,2571.022504,2547.531488,2524.179164,2500.964677,2477.889245,2454.951772,2432.153688,2409.493985,2386.973347,2364.591997,2342.349774,2320.244446,2298.279975,2276.453768,2254.767302,2233.219942,2211.811510,2190.541928,2169.413248,2148.423882,2127.573512,2106.863302,2086.292543,2065.860569,2045.568609,2025.416120,2005.403706,1985.530549,1965.797936,1946.205966,1926.753450,1907.441234,1888.268940,1869.235538,1850.342002,1831.589924,1812.974926,1794.501063,1776.168716,1757.976402,1739.928190,1722.024336,1704.262107,1686.634922,1669.153721,1651.803358,1634.593906,1617.526026,1600.598032,1583.795924,1567.144880,1550.634190,1534.263710,1518.031196,1501.939535,1485.986485,1470.174166,1454.502828,1438.972164,1423.580723,1408.329821,1393.218159,1378.246601,1363.415168,1348.723893,1334.172692,1319.759696,1305.487911,1291.356034,1277.364747,1263.512477,1249.800176,1236.227426,1222.794589,1209.501243,1196.347911,1183.333997,1170.459662,1157.724819,1145.129018,1132.672565,1120.355637,1108.178820,1096.140906,1084.242203,1072.482629,1060.862262,1049.380928,1038.038164,1026.834853,1015.770658,1004.845120,994.058211,983.410026,972.900703,962.530234,952.298622,942.205594,932.250765,922.434173,912.756346,903.216498,893.814920,884.551782,875.426562,866.438825,857.589359,848.877336,840.303473,831.867406,823.568803,815.407865,807.384148,799.498181,791.749142,784.137668,776.663332,769.325775,762.125404,755.061893,748.134740,741.344721,734.691068,728.174334,721.793941,715.549962,709.442152,703.470739,697.635080,691.935433,686.372042,680.944399,675.652410,670.496322,665.475512,660.590030,655.839798,651.224867,646.745302,642.400616,638.190652,634.115553,630.175056,626.369101,622.697799,619.160775,615.758160,612.489640,609.355083,606.354605,603.488214,600.755264,598.155680,595.690183,593.357742,591.158799,589.092550,587.159586,585.359410,583.692117,582.157607,580.755587,579.486044,578.348911,577.343865,576.470798,575.730025,575.121058,574.644003,574.298161,574.084020,574.001058,574.049286,574.228746,574.539210,574.980545,575.552699,576.255390,577.088385,578.051705,579.145491,580.369252,581.722981,583.206460,584.819454,586.562262,588.434486,590.435887,592.566459,594.826233,597.214859,599.732299,602.378185,605.152346,608.055062,611.086162,614.245158,617.532093,620.946747,624.489083,628.159077,631.956442,635.881035,639.932876,644.111540,648.417201,652.849696,657.408437,662.093727,666.905199,671.842619,676.906192,682.095539,687.411018,692.851574,698.417712,704.108877,709.925204,715.866382,721.932291,728.123234,734.438606,740.878264,747.442255,754.130307,760.942117,767.877592,774.936839,782.119498,789.425482,796.854831,804.407176,812.082512,819.880559,827.801050,835.843972,844.009535,852.296905,860.706191,869.237293,877.890304,886.664573,895.560303,904.577196,913.715677,922.974786,932.354466,941.854844,951.475714,961.216836,971.078264,981.059656,991.160698,1001.381270,1011.721441,1022.180869,1032.760110,1043.458099,1054.274668,1065.210348,1076.264615,1087.436924,1098.727853,1110.136695,1121.663411,1133.307945,1145.069996,1156.949742,1168.946880,1181.061058,1193.292209,1205.640229,1218.104951,1230.686067,1243.383583,1256.197178,1269.127439,1282.173070,1295.334459,1308.611569,1322.003897
10550.924036,10503.072232,10455.303176,10407.616765,10360.011029,10312.489025,10265.048674,10217.693603,10170.422026,10123.235898,10076.133777,10029.117763,9982.183348,9935.335868,9888.572965,9841.895805,9795.305578,9748.803271,9702.387976,9656.059134,9609.817091,9563.664064,9517.598669,9471.622122,9425.734605,9379.936367,9334.227447,9288.608125,9243.080306,9197.642471,9152.295402,9107.039162,9061.873868,9016.800144,8971.819272,8926.930857,8882.134870,8837.431574,8792.821871,8748.305722,8703.884225,8659.556357,8615.323533,8571.185779,8527.142376,8483.194692,8439.343438,8395.588688,8351.929620,8308.367349,8264.902811,8221.535313,8178.263926,8135.092367,8092.018993,8049.044246,8006.168318,7963.391985,7920.715335,7878.138726,7835.662318,7793.286094,7751.010703,7708.836572,7666.764024,7624.793471,7582.924787,7541.158362,7499.494666,7457.934103,7416.476689,7375.123025,7333.873090,7292.727222,7251.685159,7210.748586,7169.916855,7129.190746,7088.570390,7048.056167,7007.648285,6967.346798,6927.151716,6887.064316,6847.084023,6807.212105,6767.447711,6727.791609,6688.244584,6648.806398,6609.477216,6570.257693,6531.147189,6492.147009,6453.257740,6414.479006,6375.811862,6337.255321,6298.810264,6260.477515,6222.256256,6184.147387,6146.151288,6108.267614,6070.496457,6032.839409,5995.296226,5957.865824,5920.550612,5883.350154,5846.264471,5809.293124,5772.437710,5735.697644,5699.073725,5662.565448,5626.174020,5589.897871,5553.739894,5517.699112,5481.775689,5445.969912,5410.281698,5374.711979,5339.260665,5303.928005,5268.714194,5233.619502,5198.644120,5163.788259,5129.052594,5094.437043,5059.941775,5025.567042,4991.312964,4957.180169,4923.168578,4889.278407,4855.510268,4821.864292,4788.339826,4754.938183,4721.658904,4688.503273,4655.470788,4622.561690,4589.775943,4557.114192,4524.576187,4492.162731,4459.873401,4427.708682,4395.669177,4363.754815,4331.965620,4300.301621,4268.763584,4237.351349,4206.064717,4174.904570,4143.871486,4112.964708,4082.185011,4051.532299,4021.007091,3990.609630,3960.339209,3930.196701,3900.182426,3870.296287,3840.538928,3810.909150,3781.408792,3752.037681,3722.795240,3693.682274,3664.698861,3635.845443,3607.121609,3578.527344,3550.063319,3521.729936,3493.526637,3465.454350,3437.512591,3409.702098,3382.021750,3354.473399,3327.056611,3299.771388,3272.617636,3245.595685,3218.705396,3191.947746,3165.322431,3138.829352,3112.468677,3086.240794,3060.145729,3034.183647,3008.354428,2982.658083,2957.095467,2931.666707,2906.371691,2881.209677,2856.181736,2831.287988,2806.528166,2781.902280,2757.410939,2733.053575,2708.830312,2684.742751,2660.789611,2636.970589,2613.286764,2589.737853,2566.324428,2543.046685,2519.903599,2496.896413,2474.024495,2451.288356,2428.687324,2406.222409,2383.893014,2361.699857,2339.642074,2317.721348,2295.936876,2274.287992,2252.774797,2231.397642,2210.158480,2189.054875,2168.088209,2147.257821,2126.563547,2106.007651,2085.588713,2065.305543,2045.160020,2025.151032,2005.278873,1985.543775,1965.946837,1946.486155,1927.163113,1907.978316,1888.930669,1870.020831,1851.248089,1832.612363,1814.113495,1795.753488,1777.528751,1759.442513,1741.495436,1723.686162,1706.020433,1688.493814,1671.104431,1653.856646,1636.745637,1619.764163,1602.927932,1586.228683,1569.653350,1553.204832,1536.910970,1520.755319,1504.737047,1488.856109,1473.111651,1457.506157,1442.038172,1426.709546,1411.518194,1396.465051,1381.549596,1366.771398,1352.131535,1337.630052,1323.266551,1309.039584,1294.950840,1281.000474,1267.188460,1253.513900,1239.977308,1226.578166,1213.317120,1200.193662,1187.208432,1174.360512,1161.650463,1149.078251,1136.642770,1124.345460,1112.185063,1100.163350,1088.278731,1076.531534,1064.921875,1053.449380,1042.114413,1030.916111,1019.855633,1008.932661,998.146474,987.497418,976.985294,966.610366,956.372700,946.272261,936.308808,926.481913,916.791650,907.238594,897.821987,888.542057,879.399019,870.392363,861.521670,852.787732,844.189737,835.728412,827.403405,819.214393,811.161590,803.244595,795.463844,787.818645,780.309576,772.936253,765.698347,758.596183,751.629541,744.797895,738.102033,731.541196,725.115946,718.825645,712.670594,706.650342,700.765194,695.014476,689.398592,683.917656,678.571238,673.359193,668.281703,663.338539,658.529355,653.854219,649.313316,644.906496,640.633105,636.493611,632.487730,628.615303,624.876260,621.270777,617.798432,614.459345,611.253331,608.180138,605.239940,602.432751,599.757933,597.215420,594.805942,592.528473,590.383467,588.370125,586.489049,584.739747,583.122325,581.636777,580.282555,579.059868,577.968787,577.008639,576.179581,575.481868,574.914980,574.479093,574.173571,573.998754,573.954214,574.039959,574.256037,574.602233,575.078506,575.684529,576.420317,577.285546,578.280281,579.404559,580.657979,582.040585,583.552086,585.192347,586.961575,588.859205,590.885441,593.040130,595.322982,597.733977,600.273042,602.939638,605.734033,608.656202,611.705760,614.882589,618.186612,621.617628,625.175593,628.860495,632.672050,636.610123,640.674738,644.865522,649.182562,653.625710,658.194591,662.889061,667.709222,672.654631,677.725549,682.921661,688.243035,693.689031,699.259916,704.955193,710.775004,716.719042,722.787192,728.979763,735.296154,741.736227,748.300034,754.987308,761.797751,768.731305,775.787991,782.967544,790.270021,797.694968,805.242478,812.912480,820.704617,828.618650,836.654572,844.812597,853.091895,861.492578,870.014553,878.657916,887.422020,896.307073,905.312781,914.439574,923.686612,933.053489,942.540691,952.147897,961.874871,971.721759,981.687961,991.773428,1001.977957,1012.301621,1022.744149,1033.305899,1043.986012,1054.784254,1065.701164,1076.736218,1087.888877,1099.159721,1110.548048,1122.053820,1133.677021,1145.417251,1157.274793,1169.249314,1181.340464,1193.548181,1205.872365,1218.312850,1230.869333,1243.541822,1256.330000,1269.234458,1282.253902,1295.388723,1308.638888,1322.003897
10356.919555,10310.304936,10263.766249,10217.305666,10170.922883,10124.620013,10078.392830,10032.244859,9986.176427,9940.187331,9894.278812,9848.450141,9802.702653,9757.035424,9711.449405,9665.945202,9620.522787,9575.182136,9529.924895,9484.749989,9439.657985,9394.649949,9349.725626,9304.884841,9260.128699,9215.456466,9170.870090,9126.368717,9081.952981,9037.623096,8993.379552,8949.222655,8905.152400,8861.169842,8817.274796,8773.467421,8729.748389,8686.117720,8642.575155,8599.121629,8555.758091,8512.484123,8469.300124,8426.206791,8383.203361,8340.291235,8297.470791,8254.742107,8212.105044,8169.560153,8127.107915,8084.748525,8042.482188,8000.309909,7958.230379,7916.245727,7874.355319,7832.559489,7790.859182,7749.254223,7707.744921,7666.331619,7625.015295,7583.794756,7542.671434,7501.645135,7460.716383,7419.885780,7379.153347,7338.519199,7297.984113,7257.547704,7217.210087,7176.972850,7136.835370,7096.798348,7056.862139,7017.026582,6977.292237,6937.659996,6898.129003,6858.700154,6819.373363,6780.149629,6741.027755,6702.009835,6663.096215,6624.286458,6585.580596,6546.979230,6508.482426,6470.090249,6431.804439,6393.623923,6355.549574,6317.581118,6279.719292,6241.964270,6204.315553,6166.774919,6129.341164,6092.016002,6054.799310,6017.691095,5980.691358,5943.801035,5907.020092,5870.348554,5833.787163,5797.335963,5760.995172,5724.764930,5688.645808,5652.637887,5616.741332,5580.956538,5545.284565,5509.724752,5474.276711,5438.941644,5403.720546,5368.612888,5333.618167,5298.738034,5263.972254,5229.320683,5194.784119,5160.362253,5126.055565,5091.864749,5057.788241,5023.829201,4989.986420,4956.260147,4922.650020,4889.157514,4855.782257,4822.524312,4789.384038,4756.361817,4723.457926,4690.672105,4658.005175,4625.457352,4593.028454,4560.718878,4528.529356,4496.459657,4464.510091,4432.680837,4400.971347,4369.383297,4337.916173,4306.570278,4275.345871,4244.242360,4213.261340,4182.402671,4151.665871,4121.051987,4090.560908,4060.192652,4029.947080,3999.825381,3969.827044,3939.952473,3910.201072,3880.574690,3851.072690,3821.695238,3792.441852,3763.313946,3734.311384,3705.433453,3676.681046,3648.055247,3619.554943,3591.180525,3562.932213,3534.811155,3506.816277,3478.948097,3451.207437,3423.593705,3396.106931,3368.747953,3341.516119,3314.412922,3287.437575,3260.590366,3233.870550,3207.280139,3180.818414,3154.485348,3128.281447,3102.206396,3076.260289,3050.444043,3024.757344,2999.200415,2973.773285,2948.475915,2923.308921,2898.272030,2873.365240,2848.589392,2823.944615,2799.430827,2775.047084,2750.795120,2726.674365,2702.684665,2678.826470,2655.099708,2631.504435,2608.041302,2584.710381,2561.510772,2538.443677,2515.508538,2492.706454,2470.037276,2447.499896,2425.095668,2402.824311,2380.685746,2358.679800,2336.807601,2315.067688,2293.461734,2271.988616,2250.649981,2229.444841,2208.371936,2187.433481,2166.628675,2145.958016,2125.420806,2105.018682,2084.749157,2064.615080,2044.615934,2024.750078,2005.019674,1985.423118,1965.960915,1946.632597,1927.440629,1908.382102,1889.459132,1870.671976,1852.019502,1833.502369,1815.120133,1796.872376,1778.759380,1760.782172,1742.938717,1725.231975,1707.660851,1690.226421,1672.934638,1655.777694,1638.751447,1621.868264,1605.116863,1588.505495,1572.012226,1555.664163,1539.441936,1523.360454,1507.417081,1491.609131,1475.935214,1460.397317,1444.994155,1429.727443,1414.597375,1399.603312,1384.745363,1370.022833,1355.435938,1340.984694,1326.669943,1312.491102,1298.447725,1284.539753,1270.768387,1257.133373,1243.634069,1230.270626,1217.043286,1203.951392,1190.995744,1178.176135,1165.492576,1152.944173,1140.532406,1128.255512,1116.114832,1104.109411,1092.240735,1080.507556,1068.910112,1057.448245,1046.121929,1034.931464,1023.876001,1012.956690,1002.173125,991.524732,981.011870,970.634222,960.392165,950.285772,940.315003,930.479634,920.779243,911.213919,901.784200,892.489480,883.329855,874.305601,865.416218,856.661301,848.041649,839.556462,831.206479,822.991357,814.910785,806.964987,799.153506,791.476987,783.934473,776.526855,769.253350,762.114229,755.109320,748.238599,741.501496,734.898861,728.429894,722.095274,715.894241,709.827047,703.893718,698.093969,692.427309,686.894473,681.495218,676.229247,671.096547,666.096935,661.230566,656.496992,651.896238,647.428583,643.093824,638.891330,634.821609,630.884341,627.079339,623.406634,619.866371,616.458138,613.182041,610.037999,607.025608,604.145167,601.396671,598.779484,596.293554,593.939616,591.716651,589.625005,587.664241,585.834600,584.135695,582.567786,581.130536,579.824018,578.647791,577.602161,576.686655,575.901343,575.246275,574.721114,574.326107,574.060506,573.924697,573.918175,574.041208,574.293538,574.675225,575.186050,575.825755,576.594332,577.491554,578.517391,579.671950,580.954804,582.366013,583.905295,585.572520,587.367903,589.290864,591.341679,593.520186,595.825957,598.259152,600.819646,603.506838,606.321207,609.262529,612.330479,615.524897,618.845868,622.293123,625.866558,629.566223,633.391805,637.343210,641.420457,645.623176,649.951462,654.405172,658.983936,663.687605,668.516192,673.469606,678.547745,683.750428,689.077726,694.529056,700.104533,705.803825,711.627031,717.573828,723.644129,729.838240,736.155565,742.595971,749.159515,755.845934,762.654936,769.586467,776.640552,783.816931,791.115667,798.536310,806.079027,813.743542,821.529713,829.437234,837.466154,845.616552,853.887703,862.279750,870.792562,879.426225,888.180122,897.054503,906.049015,915.164185,924.398759,933.752983,943.226977,952.820488,962.533285,972.365517,982.316589,992.386456,1002.574918,1012.882052,1023.307591,1033.851898,1044.514115,1055.294014,1066.192136,1077.207961,1088.341167,1099.591700,1110.959497,1122.444314,1134.046137,1145.764570,1157.599899,1169.551794,1181.619909,1193.804185,1206.104526,1218.520769,1231.052613,1243.700072,1256.462830,1269.341481,1282.334736,1295.442988,1308.666207,1322.003897
10170.336900,10124.885934,10079.508797,10034.205469,9988.975352,9943.820215,9898.739622,9853.733398,9808.803720,9763.948809,9719.170091,9674.467493,9629.841041,9585.291738,9540.819843,9496.425036,9452.108027,9407.868698,9363.708574,9319.625887,9275.622831,9231.699221,9187.855481,9144.090738,9100.406287,9056.802486,9013.279553,8969.838187,8926.477754,8883.199241,8840.002811,8796.888309,8753.856692,8710.909113,8668.044622,8625.263408,8582.565872,8539.953098,8497.424454,8454.981238,8412.623234,8370.350777,8328.164495,8286.063336,8244.049497,8202.122449,8160.282878,8118.530464,8076.865214,8035.288220,7993.799813,7952.400259,7911.089894,7869.869030,7828.737323,7787.695859,7746.744523,7705.883923,7665.114069,7624.434821,7583.847985,7543.352645,7502.949270,7462.638196,7422.421134,7382.296256,7342.265110,7302.327217,7262.483574,7222.733971,7183.079029,7143.518742,7104.054075,7064.684866,7025.411330,6986.234338,6947.153515,6908.169345,6869.282196,6830.492395,6791.799782,6753.205263,6714.709699,6676.311895,6638.013412,6599.814095,6561.714244,6523.714081,6485.814056,6448.014144,6410.314922,6372.716873,6335.219719,6297.824242,6260.530834,6223.339538,6186.250692,6149.264238,6112.380530,6075.600657,6038.924461,6002.351898,5965.882667,5929.519056,5893.260117,5857.106107,5821.056974,5785.113815,5749.276493,5713.545604,5677.921136,5642.403394,5606.992539,5571.688505,5536.492565,5501.404253,5466.424366,5431.552877,5396.789813,5362.135948,5327.590397,5293.154758,5258.828987,5224.612972,5190.507690,5156.513209,5122.629559,5088.856763,5055.195569,5021.645996,4988.207363,4954.881613,4921.668483,4888.567197,4855.579655,4822.705207,4789.943954,4757.296700,4724.762896,4692.342029,4660.037348,4627.847348,4595.772166,4563.811681,4531.967216,4500.238118,4468.624703,4437.127962,4405.747607,4374.483388,4343.336309,4312.306026,4281.393399,4250.598525,4219.921442,4189.362377,4158.921564,4128.598575,4098.394772,4068.309386,4038.343710,4008.497330,3978.770600,3949.163545,3919.676620,3890.309687,3861.063643,3831.937370,3802.932875,3774.049464,3745.286796,3716.645845,3688.126572,3659.729006,3631.453727,3603.300832,3575.269431,3547.361350,3519.576490,3491.914920,3464.376063,3436.960853,3409.669555,3382.502106,3355.458854,3328.539520,3301.744813,3275.075021,3248.529790,3222.108612,3195.813057,3169.643290,3143.598792,3117.679869,3091.886021,3066.218692,3040.677830,3015.263045,2989.974628,2964.812534,2939.777652,2914.869702,2890.088861,2865.435160,2840.908720,2816.509684,2792.238340,2768.094852,2744.079700,2720.193067,2696.434240,2672.803599,2649.301976,2625.928769,2602.684266,2579.568870,2556.582016,2533.724717,2510.997077,2488.398094,2465.929068,2443.589628,2421.380624,2399.301764,2377.352134,2355.533417,2333.844658,2312.286465,2290.858151,2269.561491,2248.394200,2227.358315,2206.453591,2185.680479,2165.037460,2144.525219,2124.144703,2103.896275,2083.778585,2063.793177,2043.938435,2024.215609,2004.625967,1985.167221,1965.841412,1946.647547,1927.585037,1908.654491,1889.857540,1871.192210,1852.659756,1834.260988,1815.994327,1797.860770,1779.859857,1761.990854,1744.254983,1726.651872,1709.181390,1691.844191,1674.642041,1657.574874,1640.645871,1623.851275,1607.184525,1590.661373,1574.260826,1557.990616,1541.861524,1525.851634,1509.980449,1494.245012,1478.643308,1463.174746,1447.839551,1432.636332,1417.568539,1402.633812,1387.834411,1373.168119,1358.636215,1344.237479,1329.972393,1315.841652,1301.845220,1287.983005,1274.252747,1260.658128,1247.197605,1233.871375,1220.678812,1207.620709,1194.696040,1181.905961,1169.249822,1156.727932,1144.339659,1132.086135,1119.965897,1107.979658,1096.127425,1084.409613,1072.826296,1061.376527,1050.060954,1038.879008,1027.831292,1016.917129,1006.137122,995.491223,984.979005,974.600696,964.355998,954.245294,944.268667,934.426091,924.717354,915.142045,905.700388,896.392555,887.218329,878.177689,869.270922,860.497540,851.857151,843.350388,834.976979,826.737159,818.630699,810.657501,802.817592,795.110600,787.537139,780.096444,772.789097,765.614571,758.573091,751.664446,744.888596,738.245198,731.734704,725.356915,719.112007,712.999402,707.019359,701.171916,695.456719,689.873421,684.422825,679.104485,673.918209,668.863965,663.941664,659.151385,654.492717,649.965695,645.570606,641.307188,637.174999,633.174430,629.305103,625.567036,621.960063,618.484435,615.139751,611.926129,608.843452,605.891366,603.070187,600.379856,597.819690,595.389960,593.091101,590.922175,588.883466,586.974804,585.196070,583.547292,582.028418,580.639254,579.379793,578.249689,577.249235,576.377936,575.635907,575.023184,574.539454,574.184934,573.958979,573.861795,573.893034,574.052984,574.341347,574.758146,575.303284,575.976337,576.777457,577.706358,578.763093,579.947628,581.259667,582.699235,584.266059,585.960015,587.781325,589.729414,591.804567,594.006565,596.335168,598.790363,601.372087,604.079753,606.913838,609.874115,612.960260,616.172206,619.509933,622.973105,626.561964,630.276225,634.115685,638.080285,642.170020,646.384535,650.723873,655.188153,659.776592,664.489346,669.326354,674.287667,679.372775,684.581979,689.915013,695.371538,700.951559,706.654766,712.481265,718.430736,724.503183,730.698661,737.016924,743.457625,750.020695,756.706083,763.513477,770.443087,777.494519,784.667658,791.962588,799.378931,806.916657,814.575697,822.355905,830.256799,838.278614,846.421432,854.684354,863.067705,871.571356,880.195228,888.938878,897.802502,906.785752,915.889161,925.111476,934.452947,943.913700,953.493486,963.192076,973.009626,982.945542,992.999783,1003.172154,1013.462736,1023.871264,1034.398106,1045.042408,1055.803945,1066.683262,1077.679843,1088.793369,1100.023788,1111.371044,1122.834894,1134.415327,1146.112053,1157.925059,1169.854319,1181.899392,1194.060221,1206.336712,1218.728707,1231.235909,1243.858332,1256.595667,1269.448469,1282.415573,1295.497255,1308.693527,1322.003897
9990.568952,9946.224135,9901.947179,9857.741523,9813.606152,9769.541147,9725.546287,9681.624525,9637.772996,9593.994823,9550.288005,9506.653114,9463.091393,9419.602191,9376.186382,9332.844155,9289.575669,9246.381276,9203.261709,9160.217044,9117.247942,9074.354230,9031.536611,8988.794009,8946.128587,8903.540048,8861.028750,8818.594742,8776.238574,8733.959827,8691.759276,8649.638068,8607.595321,8565.631477,8523.747215,8481.942794,8440.219005,8398.575706,8357.012967,8315.531432,8274.131234,8232.812556,8191.575996,8150.421870,8109.350832,8068.361975,8027.457228,7986.635683,7945.898100,7905.244841,7864.676921,7824.193364,7783.794418,7743.481478,7703.253883,7663.112370,7623.057039,7583.087949,7543.206760,7503.412907,7463.707050,7424.089030,7384.558666,7345.117356,7305.764590,7266.501589,7227.327978,7188.243549,7149.249818,7110.346506,7071.533625,7032.812289,6994.182000,6955.643494,6917.197033,6878.842757,6840.581102,6802.412217,6764.336719,6726.354742,6688.466499,6650.672370,6612.972660,6575.367788,6537.857855,6500.443417,6463.124664,6425.901342,6388.774615,6351.744249,6314.810714,6277.974359,6241.235480,6204.594280,6168.050974,6131.606398,6095.260000,6059.012272,6022.863743,5986.814156,5950.865423,5915.016711,5879.268382,5843.620658,5808.073114,5772.627676,5737.283842,5702.041560,5666.901278,5631.863824,5596.928784,5562.096808,5527.367325,5492.742092,5458.220572,5423.802530,5389.489886,5355.281921,5321.178903,5287.181134,5253.289066,5219.502605,5185.822213,5152.248016,5118.779854,5085.418844,5052.164908,5019.018988,4985.979805,4953.049575,4920.227172,4887.513699,4854.909002,4822.413125,4790.026778,4757.749744,4725.582521,4693.525625,4661.578703,4629.742080,4598.016697,4566.401834,4534.899330,4503.508179,4472.228918,4441.061484,4410.006582,4379.063999,4348.234844,4317.518805,4286.915358,4256.426539,4226.051372,4195.790145,4165.643551,4135.611468,4105.694104,4075.891609,4046.205004,4016.633550,3987.177852,3957.838246,3928.613798,3899.506862,3870.516707,3841.643478,3812.887211,3784.248027,3755.726528,3727.322846,3699.037442,3670.869903,3642.820588,3614.889994,3587.078423,3559.385804,3531.812846,3504.359000,3477.024106,3449.809727,3422.715315,3395.741024,3368.887529,3342.154863,3315.542698,3289.052299,3262.682738,3236.435049,3210.308768,3184.304495,3158.422146,3132.662439,3107.024138,3081.508859,3056.116878,3030.847664,3005.701636,2980.677855,2955.778447,2931.002898,2906.350932,2881.822511,2857.418665,2833.139327,2808.984395,2784.953798,2761.048228,2737.267540,2713.611943,2690.081349,2666.676553,2643.397734,2620.244439,2597.216707,2574.315417,2551.540120,2528.891035,2506.368569,2483.972177,2461.702717,2439.560652,2417.544899,2395.656101,2373.895299,2352.262228,2330.756216,2309.378014,2288.127529,2267.005092,2246.010309,2225.144331,2204.405466,2183.795886,2163.314192,2142.962032,2122.738411,2102.642066,2082.675790,2062.838274,2043.129689,2023.551036,2004.100920,1984.780088,1965.589852,1946.528590,1927.597941,1908.796715,1890.124786,1871.582697,1853.171487,1834.890151,1816.739082,1798.719782,1780.829875,1763.071384,1745.442643,1727.944225,1710.576907,1693.339946,1676.232857,1659.257798,1642.415820,1625.709654,1609.135587,1592.691374,1576.383074,1560.205030,1544.147198,1528.231338,1512.438479,1496.778318,1481.236359,1465.838679,1450.571775,1435.435380,1420.431115,1405.557216,1390.816463,1376.207780,1361.731088,1347.386808,1333.173694,1319.092411,1305.143507,1291.326764,1277.642429,1264.088780,1250.667985,1237.379713,1224.224099,1211.200131,1198.308831,1185.549459,1172.922514,1160.427810,1148.065659,1135.835361,1123.738083,1111.772350,1099.938940,1088.237740,1076.669413,1065.233797,1053.930011,1042.758669,1031.719717,1020.812801,1010.038134,999.395779,988.886077,978.508525,968.263101,958.149818,948.168958,938.320617,928.604781,919.021249,909.569620,900.250127,891.062957,882.007900,873.084943,864.294388,855.635753,847.108695,838.713753,830.450766,822.319946,814.321075,806.454021,798.718947,791.115366,783.643944,776.303927,769.095903,762.019357,755.074523,748.261199,741.579203,735.028664,728.609501,722.321741,716.165840,710.140808,704.247081,698.484702,692.853245,687.352614,681.983400,676.745234,671.637895,666.661406,661.815812,657.100750,652.516340,648.062379,643.739273,639.546546,635.483956,631.551830,627.749911,624.078179,620.536376,617.124825,613.843133,610.691427,607.669593,604.777290,602.014839,599.382193,596.878672,594.504559,592.260305,590.145073,588.158812,586.301810,584.573573,582.974400,581.504187,580.162637,578.949858,577.865491,576.909826,576.082377,575.383355,574.812533,574.369876,574.055467,573.868863,573.809969,573.878705,574.075240,574.399313,574.850950,575.430063,576.136319,576.969639,577.929949,579.017306,580.231564,581.572536,583.040175,584.634347,586.354803,588.201813,590.174810,592.274084,594.499424,596.850595,599.327731,601.930350,604.658297,607.511873,610.490976,613.595160,616.824431,620.178747,623.657786,627.261796,630.990499,634.843733,638.821446,642.923417,647.149590,651.499904,655.974483,660.572571,665.294401,670.139572,675.108530,680.200631,685.416183,690.754926,696.216524,701.800987,707.508011,713.337694,719.289760,725.364305,731.561051,737.880052,744.320944,750.883570,757.567950,764.373755,771.301198,778.349890,785.519721,792.810850,800.222681,807.755437,815.408942,823.183071,831.077344,839.092002,847.227131,855.481834,863.856448,872.350832,880.965009,889.698420,898.551114,907.523154,916.614675,925.824695,935.153381,944.600861,954.166891,963.851275,973.654085,983.574818,993.613408,1003.769664,1014.043670,1024.435167,1034.944525,1045.570892,1056.314312,1067.174664,1078.151864,1089.245695,1100.455987,1111.782688,1123.225559,1134.784592,1146.459499,1158.250273,1170.156891,1182.178913,1194.316287,1206.568923,1218.936665,1231.419218,1244.016603,1256.728511,1269.555501,1282.496412,1295.551522,1308.720847,1322.003897
9817.110991,9773.814717,9730.585174,9687.422306,9644.326151,9601.297023,9558.335185,9515.441646,9472.616479,9429.859067,9387.170606,9344.550626,9301.999550,9259.518411,9217.107601,9174.767412,9132.496978,9090.297766,9048.169574,9006.112685,8964.128140,8922.215411,8880.375401,8838.607578,8796.912716,8755.291134,8713.742925,8672.268904,8630.869179,8589.543980,8548.293026,8507.117516,8466.016768,8424.992391,8384.043892,8343.171824,8302.376945,8261.658290,8221.016983,8180.453700,8139.967792,8099.560533,8059.231746,8018.981875,7978.810495,7938.718853,7898.707322,7858.775454,7818.923814,7779.152530,7739.462340,7699.853809,7660.326859,7620.881509,7581.518702,7542.238458,7503.041325,7463.927061,7424.896435,7385.949249,7347.086317,7308.307969,7269.614451,7231.005609,7192.481352,7154.042779,7115.691020,7077.425576,7039.246419,7001.154280,6963.148540,6925.230882,6887.400719,6849.659160,6812.005383,6774.440660,6736.965037,6699.578412,6662.281399,6625.074415,6587.957803,6550.931624,6513.996454,6477.152379,6440.399698,6403.738635,6367.169810,6330.693069,6294.309127,6258.018274,6221.820634,6185.716602,6149.706401,6113.790203,6077.968714,6042.241806,6006.610145,5971.073773,5935.633084,5900.288314,5865.039790,5829.887839,5794.832696,5759.874237,5725.013251,5690.250349,5655.585346,5621.018462,5586.550514,5552.180424,5517.910185,5483.739329,5449.668674,5415.697743,5381.827530,5348.057796,5314.388889,5280.820196,5247.353756,5213.989092,5180.726719,5147.566727,5114.509168,5081.554652,5048.703054,5015.954249,4983.310048,4950.769678,4918.333684,4886.001880,4853.774838,4821.653340,4789.636989,4757.725101,4725.920484,4694.222049,4662.629735,4631.144373,4599.765844,4568.494351,4537.330662,4506.274615,4475.326801,4444.487074,4413.756082,4383.133719,4352.619873,4322.215517,4291.920511,4261.735857,4231.660831,4201.696814,4171.842707,4142.098682,4112.466955,4082.946458,4053.537336,4024.240446,3995.055287,3965.982517,3937.022241,3908.174929,3879.440154,3850.819230,3822.311516,3793.916935,3765.637285,3737.470890,3709.419417,3681.482867,3653.661146,3625.954087,3598.362605,3570.886619,3543.526318,3516.282100,3489.153780,3462.142190,3435.246858,3408.468457,3381.807147,3355.263027,3328.835920,3302.527301,3276.335941,3250.261840,3224.307695,3198.471661,3172.753884,3147.155282,3121.676147,3096.316498,3071.075688,3045.954929,3020.954321,2996.073052,2971.311926,2946.671939,2922.152548,2897.753310,2873.475146,2849.318663,2825.283382,2801.369662,2777.576962,2753.906817,2730.358713,2706.932838,2683.628978,2660.447811,2637.389278,2614.453495,2591.640930,2568.952030,2546.386370,2523.943677,2501.625096,2479.430363,2457.359369,2435.412237,2413.589265,2391.891309,2370.317535,2348.868275,2327.543842,2306.345112,2285.271430,2264.322455,2243.499603,2222.801590,2202.230013,2181.783378,2161.462802,2141.268387,2121.199796,2101.258297,2081.443045,2061.752896,2042.190559,2022.754526,2003.445428,1984.263661,1965.208546,1946.280093,1927.480418,1908.807040,1890.262319,1871.844261,1853.553961,1835.391607,1817.357448,1799.451180,1781.673133,1764.024424,1746.503134,1729.111021,1711.846544,1694.710387,1677.703176,1660.823676,1644.073540,1627.453485,1610.963506,1594.608437,1578.384193,1562.282648,1546.319354,1530.478387,1514.766582,1499.184715,1483.719804,1468.389632,1453.191645,1438.123697,1423.184062,1408.374529,1393.692834,1379.142503,1364.722313,1350.432827,1336.272895,1322.243078,1308.343046,1294.573003,1280.933745,1267.424862,1254.045002,1240.795894,1227.677794,1214.690352,1201.833077,1189.106358,1176.509804,1164.044120,1151.708744,1139.504344,1127.430067,1115.486997,1103.673981,1091.991309,1080.439399,1069.018513,1057.728842,1046.569246,1035.540508,1024.642529,1013.875045,1003.238208,992.731887,982.356769,972.112231,961.998259,952.014880,942.162380,932.440869,922.850342,913.390610,904.061282,894.862477,885.794801,876.857570,868.051015,859.375413,850.830292,842.415319,834.131042,825.977309,817.954344,810.062080,802.299965,794.668602,787.167370,779.796730,772.556581,765.446877,758.467265,751.618172,744.899133,738.310269,731.851558,725.522632,719.324390,713.256470,707.318168,701.509930,695.831748,690.283379,684.864561,679.575954,674.417275,669.388075,664.488623,659.718892,655.078529,650.567664,646.186099,641.934151,637.811651,633.818020,629.953822,626.218692,622.612667,619.135429,615.787286,612.568168,609.477814,606.516272,603.683255,600.979155,598.403562,595.956237,593.637403,591.447030,589.384999,587.450862,585.644927,583.966899,582.416919,580.994918,579.700620,578.534140,577.495125,576.583875,575.799904,575.143458,574.614285,574.212686,573.937805,573.790040,573.769224,573.875115,574.107861,574.467493,574.953594,575.566398,576.305503,577.170814,578.162238,579.279962,580.523723,581.893380,583.388925,585.010018,586.756855,588.629342,590.627026,592.750207,594.998651,597.372213,599.870950,602.494412,605.242398,608.115374,611.113084,614.235141,617.481577,620.852295,624.347038,627.966043,631.709034,635.575856,639.566492,643.680637,647.918330,652.279485,656.764233,661.371822,666.102490,670.955845,675.932325,681.031307,686.253222,691.597433,697.064008,702.652813,708.363557,714.196318,720.150897,726.227323,732.425349,738.745031,745.186054,751.748137,758.431511,765.235658,772.160779,779.206662,786.373119,793.660313,801.067652,808.595363,816.243277,824.011271,831.898868,839.906409,848.033705,856.280142,864.645967,873.131044,881.735400,890.458481,899.300339,908.261040,917.340746,926.538390,935.854284,945.288460,954.840703,964.510823,974.298894,984.204417,994.227332,1004.367448,1014.624856,1024.999303,1035.491152,1046.099566,1056.824588,1067.666101,1078.624025,1089.698261,1100.888296,1112.194429,1123.616309,1135.153930,1146.807009,1158.575542,1170.459508,1182.458472,1194.572384,1206.801158,1219.144641,1231.602543,1244.174885,1256.861363,1269.662539,1282.577254,1295.605791,1308.748167,1322.003897
9649.502369,9607.205072,9564.971452,9522.801300,9480.695332,9438.653004,9396.674994,9354.761353,9312.913291,9271.130481,9229.412814,9187.760576,9146.175320,9104.656222,9063.203343,9021.818094,8980.500322,8939.250432,8898.068267,8856.954226,8815.908448,8774.930914,8734.022848,8693.185296,8652.416833,8611.718585,8571.091690,8530.534242,8490.047902,8449.632778,8409.288517,8369.016839,8328.818073,8288.691269,8248.637092,8208.655676,8168.748047,8128.913904,8089.153802,8049.468019,8009.855767,7970.319368,7930.858671,7891.473350,7852.164001,7812.930445,7773.773574,7734.693671,7695.690467,7656.764638,7617.916623,7579.146646,7540.455074,7501.842095,7463.307798,7424.852700,7386.477102,7348.180972,7309.964965,7271.829964,7233.775155,7195.801551,7157.909236,7120.098737,7082.370469,7044.724576,7007.161238,6969.680488,6932.283193,6894.969373,6857.739420,6820.593348,6783.531517,6746.554950,6709.663437,6672.857340,6636.136332,6599.501659,6562.952772,6526.491119,6490.116248,6453.827972,6417.627836,6381.515551,6345.491117,6309.555322,6273.708268,6237.950107,6202.281575,6166.702356,6131.212822,6095.813780,6060.505092,6025.287476,5990.161009,5955.125940,5920.182594,5885.331269,5850.572143,5815.905368,5781.331529,5746.851283,5712.464547,5678.171575,5643.972739,5609.868074,5575.858343,5541.943256,5508.123426,5474.399210,5440.771157,5407.239302,5373.803897,5340.465233,5307.222719,5274.078402,5241.031705,5208.082427,5175.231726,5142.479153,5109.825296,5077.270036,5044.814676,5012.459225,4980.203668,4948.048350,4915.993267,4884.038677,4852.185320,4820.433514,4788.783122,4757.234602,4725.787262,4694.442672,4663.200955,4632.062752,4601.027163,4570.095598,4539.267896,4508.544226,4477.924214,4447.409432,4416.999488,4386.693907,4356.494130,4326.400309,4296.412386,4266.530421,4236.754940,4207.086194,4177.524209,4148.068648,4118.721597,4089.481402,4060.350032,4031.326378,4002.410923,3973.604233,3944.906163,3916.318031,3887.839445,3859.470882,3831.212065,3803.063534,3775.025278,3747.097754,3719.280831,3691.574691,3663.980688,3636.498521,3609.127837,3581.869103,3554.723063,3527.689465,3500.768945,3473.961199,3447.266887,3420.685822,3394.218674,3367.865275,3341.625968,3315.501222,3289.489856,3263.594269,3237.814037,3212.148605,3186.598350,3161.163631,3135.845193,3110.642266,3085.556220,3060.586313,3035.733786,3010.997916,2986.379226,2961.877619,2937.493677,2913.227693,2889.078116,2865.047981,2841.136031,2817.342495,2793.666973,2770.110436,2746.673466,2723.355311,2700.156301,2677.077132,2654.117909,2631.278581,2608.559083,2585.959672,2563.480827,2541.122469,2518.884918,2496.769057,2474.774109,2452.899767,2431.147204,2409.516424,2388.007299,2366.619531,2345.353740,2324.210944,2303.189984,2282.291412,2261.515734,2240.863416,2220.333751,2199.927129,2179.643775,2159.484129,2139.447266,2119.534922,2099.745218,2080.079814,2060.539151,2041.122631,2021.829267,2002.661065,1983.617035,1964.697804,1945.903770,1927.234330,1908.688990,1890.270492,1871.976769,1853.808869,1835.765521,1817.848132,1800.056605,1782.390830,1764.851141,1747.438072,1730.151717,1712.991184,1695.957435,1679.048940,1662.267395,1645.611551,1629.083553,1612.680603,1596.408084,1580.266062,1564.252827,1548.366425,1532.608855,1516.984238,1501.471103,1486.105449,1470.839669,1455.702327,1440.699810,1425.827730,1411.082167,1396.464068,1381.972971,1367.610430,1353.375584,1339.270556,1325.292730,1311.443697,1297.722209,1284.128826,1270.664330,1257.328748,1244.121049,1231.040501,1218.090365,1205.268859,1192.575798,1180.011671,1167.575834,1155.269333,1143.091359,1131.042753,1119.122540,1107.331688,1095.669356,1084.135801,1072.731262,1061.456025,1050.310388,1039.293372,1028.405594,1017.646800,1007.017003,996.516322,986.144555,975.902454,965.789390,955.805427,945.950392,936.224798,926.628764,917.162057,907.824743,898.616436,889.537032,880.587279,871.766726,863.075425,854.513424,846.080598,837.776518,829.601733,821.555948,813.639863,805.852955,798.194834,790.666071,783.266181,775.995450,768.854005,761.841501,754.958005,748.203674,741.578075,735.081239,728.713552,722.474256,716.364390,710.383602,704.531197,698.807694,693.212900,687.746658,682.409001,677.200244,672.120162,667.168496,662.345264,657.650831,653.084447,648.646454,644.336665,640.155409,636.102327,632.177080,628.380167,624.711276,621.170303,617.757090,614.471902,611.314639,608.285160,605.383335,602.609140,599.962759,597.443861,595.052083,592.788205,590.651389,588.642014,586.759522,585.004289,583.375991,581.874775,580.500560,579.253109,578.132467,577.138583,576.271267,575.530460,574.916231,574.428334,574.067125,573.831682,573.722576,573.739480,573.882216,574.151024,574.545680,575.066189,575.712246,576.483914,577.380959,578.403221,579.551223,580.824118,582.222166,583.745344,585.393271,587.166146,589.063883,591.086063,593.232860,595.504295,597.900003,600.420142,603.064223,605.832143,608.724277,611.740433,614.880176,618.143587,621.530561,625.040848,628.674689,632.431816,636.312047,640.315461,644.441669,648.690744,653.062607,657.557393,662.174361,666.913739,671.775155,676.759046,681.864795,687.092880,692.442544,697.914063,703.507012,709.221396,715.057164,721.014141,727.092361,733.291583,739.611859,746.052889,752.614393,759.296639,766.099016,773.021827,780.064833,787.227849,794.511043,801.913828,809.436577,817.078699,824.840501,832.721397,840.721649,848.841155,857.079276,865.436266,873.911991,882.506484,891.219193,900.050175,908.999501,918.067334,927.252615,936.555656,945.976495,955.514921,965.170747,974.944051,984.834407,994.841552,1004.965506,1015.206293,1025.563665,1036.037989,1046.628430,1057.335036,1068.157643,1079.096334,1090.150835,1101.320716,1112.606267,1124.007143,1135.523342,1147.154583,1158.900865,1170.762171,1182.738068,1194.828513,1207.033419,1219.352638,1231.785882,1244.333177,1256.994222,1269.769581,1282.658099,1295.660060,1308.775487,1322.003897
9487.344675,9446.001108,9404.718435,9363.495724,9322.334264,9281.233746,9240.194696,9199.217849,9158.302677,9117.450262,9076.660976,9035.934094,8995.270432,8954.669721,8914.133041,8873.660418,8833.251887,8792.908225,8752.630351,8712.416781,8672.269108,8632.187365,8592.171112,8552.221923,8512.339550,8472.524654,8432.776829,8393.096918,8353.484717,8313.940258,8274.464363,8235.058097,8195.721011,8156.452830,8117.254611,8078.126655,8039.068919,8000.082248,7961.166523,7922.321176,7883.547983,7844.847157,7806.217984,7767.661417,7729.177544,7690.766817,7652.429420,7614.165375,7575.975541,7537.860166,7499.819567,7461.854020,7423.963055,7386.147580,7348.408397,7310.745265,7273.158572,7235.648351,7198.215246,7160.858976,7123.581098,7086.381184,7049.259530,7012.216141,6975.251535,6938.366536,6901.561013,6864.834810,6828.189202,6791.623301,6755.138812,6718.735389,6682.413298,6646.172517,6610.013909,6573.937314,6537.943617,6502.031854,6466.203545,6430.459215,6394.798610,6359.222068,6323.729442,6288.321933,6252.999037,6217.761781,6182.609638,6147.543860,6112.564161,6077.670769,6042.864338,6008.144636,5973.512650,5938.968472,5904.511797,5870.143854,5835.864449,5801.673887,5767.572669,5733.560940,5699.638976,5665.807122,5632.065593,5598.414201,5564.854111,5531.385459,5498.008586,5464.723291,5431.530245,5398.429774,5365.421804,5332.506980,5299.685405,5266.957674,5234.323528,5201.783962,5169.338901,5136.988634,5104.732646,5072.572623,5040.508484,5008.539987,4976.667893,4944.892408,4913.213660,4881.630933,4850.146411,4818.759771,4787.470458,4756.280177,4725.188403,4694.195321,4663.301091,4632.506530,4601.811302,4571.216142,4540.720923,4510.325944,4480.031865,4449.838023,4419.746089,4389.756301,4359.868347,4330.081952,4300.398467,4270.817081,4241.338829,4211.964049,4182.692417,4153.524773,4124.460903,4095.501314,4066.646040,4037.895568,4009.250293,3980.710220,3952.274838,3923.946220,3895.722514,3867.605958,3839.595968,3811.691965,3783.894798,3756.205878,3728.624865,3701.151373,3673.786135,3646.529228,3619.380514,3592.340366,3565.409297,3538.587513,3511.875141,3485.272996,3458.780859,3432.397735,3406.126145,3379.965317,3353.915279,3327.976051,3302.148531,3276.432518,3250.828119,3225.335660,3199.955683,3174.687380,3149.532567,3124.490881,3099.561649,3074.745600,3050.043965,3025.455095,3000.980714,2976.620812,2952.375058,2928.244351,2904.228578,2880.327731,2856.541943,2832.872108,2809.317205,2785.877979,2762.555414,2739.349260,2716.258696,2693.284911,2670.428599,2647.688741,2625.066029,2602.560991,2580.173466,2557.903692,2535.751641,2513.717783,2491.801795,2470.004581,2448.326383,2426.767279,2405.326875,2384.005055,2362.803003,2341.720494,2320.757054,2299.913609,2279.190244,2258.586927,2238.103763,2217.741161,2197.499998,2177.379106,2157.378919,2137.500330,2117.742430,2098.105820,2078.591309,2059.197178,2039.925374,2020.776168,2001.749213,1982.842712,1964.059770,1945.398750,1926.860382,1908.445340,1890.152282,1871.982033,1853.935548,1836.013062,1818.213735,1800.536999,1782.983757,1765.554499,1748.249148,1731.068327,1714.012172,1697.080112,1680.272323,1663.588875,1647.028950,1630.593499,1614.283076,1598.097498,1582.036974,1566.103325,1550.300921,1534.624596,1519.068188,1503.645468,1488.340169,1473.165595,1458.106891,1443.170569,1428.362125,1413.682052,1399.127417,1384.698352,1370.395449,1356.217111,1342.166044,1328.242206,1314.444010,1300.773207,1287.227937,1273.808978,1260.516797,1247.351588,1234.313593,1221.400553,1208.615441,1195.958012,1183.427274,1171.023300,1158.746650,1146.596860,1134.574384,1122.679442,1110.911508,1099.270871,1087.757437,1076.371260,1065.112230,1053.980754,1042.977503,1032.101251,1021.352636,1010.731525,1000.237815,989.871795,979.633015,969.522287,959.539182,949.683670,939.955592,930.355463,920.883426,911.539167,902.322967,893.234266,884.273028,875.440009,866.734734,858.157363,849.707855,841.386059,833.191761,825.125312,817.186496,809.375929,801.693377,794.138124,786.711001,779.411377,772.239599,765.195747,758.279650,751.491218,744.830645,738.297724,731.892008,725.614163,719.463783,713.441436,707.546904,701.779610,696.139970,690.627851,685.243061,679.985685,674.855987,669.853918,664.978992,660.231380,655.611422,651.118376,646.752593,642.513979,638.402701,634.418399,630.560926,626.830696,623.227279,619.750959,616.401206,613.178420,610.082507,607.113369,604.270691,601.554824,598.965659,596.502944,594.166336,591.956712,589.873102,587.915832,586.084660,584.379739,582.800687,581.347884,580.021082,578.820158,577.744940,576.795720,575.972027,575.273895,574.701595,574.254606,573.933433,573.737205,573.666379,573.720648,573.899958,574.204440,574.633912,575.188388,575.867568,576.671514,577.599940,578.652914,579.830624,581.132597,582.558950,584.109435,585.783964,587.582710,589.505365,591.551844,593.722123,596.016275,598.433995,600.975286,603.639825,606.427480,609.338676,612.372981,615.530249,618.810466,622.213449,625.739205,629.387723,633.158833,637.052354,641.068372,645.206502,649.466953,653.849304,658.353892,662.980171,667.728142,672.597498,677.588674,682.701088,687.935193,693.290255,698.766526,704.363650,710.081524,715.920206,721.879488,727.959464,734.159741,740.480532,746.921488,753.482335,760.163345,766.963911,773.884365,780.924401,788.083909,795.363039,802.761208,810.278793,817.915335,825.670674,833.544875,841.537813,849.649492,857.879236,866.227344,874.693782,883.278259,891.980555,900.800621,909.738533,918.794459,927.967341,937.257496,946.664966,956.189545,965.831161,975.589558,985.464652,995.456089,1005.563837,1015.787981,1026.128257,1036.585035,1047.157484,1057.845656,1068.649390,1079.568773,1090.603533,1101.753379,1113.018203,1124.398063,1135.892828,1147.502221,1159.226242,1171.064879,1183.017703,1195.084672,1207.265704,1219.560654,1231.969236,1244.491481,1257.127088,1269.876627,1282.738946,1295.714331,1308.802808,1322.003897
9330.282340,9289.850806,9249.476545,9209.160138,9168.902569,9128.703610,9088.562704,9048.480458,9008.458087,8968.494740,8928.591790,8888.749235,8848.967056,8809.245739,8769.585899,8729.987098,8690.449732,8650.974072,8611.561324,8572.211058,8532.923564,8493.699301,8454.538640,8415.441209,8376.407837,8337.438804,8298.534051,8259.694518,8220.920005,8182.211207,8143.567555,8104.990900,8066.480613,8028.036606,7989.660044,7951.350221,7913.107208,7874.932487,7836.826288,7798.788272,7760.818979,7722.919209,7685.088418,7647.327457,7609.636204,7572.015366,7534.465069,7496.985616,7459.577241,7422.240120,7384.974852,7347.781756,7310.661028,7273.612605,7236.637309,7199.735434,7162.906945,7126.151695,7089.471450,7052.865310,7016.334233,6979.878140,6943.497556,6907.192314,6870.963191,6834.810468,6798.734590,6762.735328,6726.812929,6690.967718,6655.200844,6619.512140,6583.901600,6548.369795,6512.915981,6477.542640,6442.248969,6407.035209,6371.901418,6336.848408,6301.876158,6266.985075,6232.175105,6197.446750,6162.800856,6128.237294,6093.756441,6059.357660,6025.042840,5990.811381,5956.663111,5922.599572,5888.620800,5854.726766,5820.917524,5787.193706,5753.555677,5720.003642,5686.537828,5653.158474,5619.866042,5586.660507,5553.542405,5520.512287,5487.569733,5454.715983,5421.950829,5389.274626,5356.687420,5324.189902,5291.782184,5259.464057,5227.236612,5195.100156,5163.054652,5131.100260,5099.237218,5067.466142,5035.787169,5004.201021,4972.707569,4941.307155,4909.999031,4878.785558,4847.665709,4816.640017,4785.709093,4754.872919,4724.131653,4693.485099,4662.934683,4632.480110,4602.121859,4571.859868,4541.694609,4511.626286,4481.655289,4451.781940,4422.006591,4392.329101,4362.749731,4333.269773,4303.887733,4274.605977,4245.422737,4216.340277,4187.357660,4158.475184,4129.693459,4101.012842,4072.432485,4043.954231,4015.577806,3987.303020,3959.130459,3931.060313,3903.092999,3875.228749,3847.467713,3819.810268,3792.256306,3764.805557,3737.459450,3710.218479,3683.081840,3656.050493,3629.123520,3602.303118,3575.588171,3548.979858,3522.477792,3496.081895,3469.792773,3443.610690,3417.535879,3391.568757,3365.709148,3339.957599,3314.313910,3288.779026,3263.353163,3238.035987,3212.827935,3187.729617,3162.740593,3137.860878,3113.091797,3088.432826,3063.884360,3039.446734,3015.119861,2990.904403,2966.800090,2942.807532,2918.926251,2895.157839,2871.501605,2847.958177,2824.527427,2801.209558,2778.004666,2754.913283,2731.935003,2709.070294,2686.320144,2663.684307,2641.161986,2618.754356,2596.462114,2574.284260,2552.221196,2530.274157,2508.442611,2486.726512,2465.126181,2443.641747,2422.273576,2401.022087,2379.887576,2358.869917,2337.968560,2317.184559,2296.518205,2275.969308,2255.537201,2235.223381,2215.027769,2194.949844,2174.990310,2155.150116,2135.428328,2115.824870,2096.341045,2076.975862,2057.730182,2038.603775,2019.596340,2000.708999,1981.942188,1963.295579,1944.767432,1926.360894,1908.074031,1889.908037,1871.863190,1853.938347,1836.134638,1818.452359,1800.892119,1783.453062,1766.134370,1748.938080,1731.863570,1714.911409,1698.080735,1681.373852,1664.788058,1648.325654,1631.984758,1615.766382,1599.670967,1583.697067,1567.846417,1552.121895,1536.523142,1521.050223,1505.700584,1490.475344,1475.379882,1460.394788,1445.537664,1430.792182,1416.175957,1401.684078,1387.317586,1373.075348,1358.956881,1344.961024,1331.090856,1317.345598,1303.725318,1290.229566,1276.858092,1263.611816,1250.489534,1237.493331,1224.621743,1211.874173,1199.252263,1186.756465,1174.385872,1162.139984,1150.020487,1138.025507,1126.156560,1114.413376,1102.795565,1091.303391,1079.937260,1068.696189,1057.581167,1046.591739,1035.729104,1024.992052,1014.380877,1003.895794,993.536573,983.303524,973.196314,963.215477,953.360802,943.632278,934.029718,924.553641,915.204201,905.981094,896.884303,887.914142,879.069835,870.352280,861.761069,853.296369,844.958151,836.746272,828.660528,820.701275,812.868310,805.162238,797.582886,790.129494,782.802717,775.602541,768.528749,761.581572,754.760603,748.066503,741.498784,735.057487,728.742005,722.553389,716.490871,710.555231,704.746162,699.063078,693.506562,688.076309,682.772099,677.594344,672.543036,667.618119,662.819314,658.146625,653.600458,649.180077,644.885740,640.717671,636.675748,632.759688,628.969390,625.305261,621.766851,618.354230,615.067634,611.906701,608.871584,605.962244,603.178333,600.520189,597.987749,595.580665,593.298884,591.142981,589.112123,587.206594,585.426264,583.771050,582.241027,580.836166,579.556454,578.401509,577.371431,576.466430,575.686042,575.030307,574.499499,574.093196,573.811659,573.654277,573.621436,573.712672,573.928294,574.268087,574.732147,575.320299,576.032321,576.868250,577.827893,578.911274,580.118503,581.449226,582.903528,584.481169,586.182054,588.006436,589.953792,592.024370,594.217920,596.534618,598.974061,601.536361,604.221167,607.028351,609.958368,613.010724,616.185344,619.482198,622.901109,626.442088,630.105160,633.890072,637.796736,641.825214,645.975125,650.246727,654.639779,659.153858,663.789222,668.545689,673.422925,678.421223,683.540246,688.780397,694.140658,699.621470,705.222635,710.943939,716.785437,722.746934,728.828525,735.029824,741.351046,747.791848,754.351959,761.031657,767.830339,774.748342,781.785362,788.941297,796.216298,803.609836,811.122150,818.752921,826.501962,834.369326,842.355021,850.458688,858.680021,867.019180,875.476278,884.050736,892.742567,901.551678,910.478335,919.522200,928.682567,937.959804,947.353970,956.864632,966.491839,976.235413,986.095219,996.070904,1006.162442,1016.369920,1026.693078,1037.132289,1047.686728,1058.356448,1069.141291,1080.041350,1091.056356,1102.186019,1113.430235,1124.789068,1136.262389,1147.849922,1159.551673,1171.367634,1183.297376,1195.340863,1207.498014,1219.768689,1232.152605,1244.649794,1257.259962,1269.983679,1282.819795,1295.768603,1308.830129,1322.003897
9177.996838,9138.437163,9098.933030,9059.484279,9020.091693,8980.755396,8941.474537,8902.250652,8863.083513,8823.973692,8784.921045,8745.926276,8706.989584,8668.111242,8629.291360,8590.530097,8551.828125,8513.184980,8474.602400,8436.079576,8397.616805,8359.214924,8320.874200,8282.594303,8244.375343,8206.218448,8168.123550,8130.090929,8092.120886,8054.213731,8016.369233,7978.589018,7940.872271,7903.219178,7865.630691,7828.106991,7790.647821,7753.254038,7715.925819,7678.663526,7641.467333,7604.337534,7567.273722,7530.277581,7493.348075,7456.486866,7419.693107,7382.967895,7346.311149,7309.723167,7273.204303,7236.754742,7200.374839,7164.064953,7127.825256,7091.655898,7055.557579,7019.530509,6983.574780,6947.690310,6911.878320,6876.138776,6840.471958,6804.878008,6769.357303,6733.909685,6698.536624,6663.237464,6628.012752,6592.862318,6557.787247,6522.786944,6487.863040,6453.015089,6418.243068,6383.547603,6348.929395,6314.387972,6279.924121,6245.537670,6211.229512,6177.000025,6142.849220,6108.777083,6074.784437,6040.871369,6007.037561,5973.283708,5939.611172,5906.019401,5872.508694,5839.079197,5805.731551,5772.465579,5739.282192,5706.180883,5673.162873,5640.227747,5607.375960,5574.608209,5541.924188,5509.324873,5476.810333,5444.380740,5412.036274,5379.777064,5347.604135,5315.517230,5283.516593,5251.602818,5219.776000,5188.036498,5156.384381,5124.820005,5093.344442,5061.957408,5030.659167,4999.449935,4968.329963,4937.299386,4906.359252,4875.508984,4844.749651,4814.081040,4783.503664,4753.016197,4722.621937,4692.319597,4662.109293,4631.991874,4601.967223,4572.035762,4542.196631,4512.452074,4482.801523,4453.245427,4423.783837,4394.417057,4365.145523,4335.968871,4306.887925,4277.903302,4249.014490,4220.222316,4191.527011,4162.928109,4134.427563,4106.024481,4077.719179,4049.511156,4021.402709,3993.392699,3965.481673,3937.669813,3909.957836,3882.345030,3854.832373,3827.419942,3800.108450,3772.897975,3745.788376,3718.780315,3691.873452,3665.068636,3638.365470,3611.765475,3585.266983,3558.872617,3532.580910,3506.392346,3480.307369,3454.326976,3428.450314,3402.678081,3377.011045,3351.449041,3325.992057,3300.639944,3275.393947,3250.253971,3225.219580,3200.291557,3175.470238,3150.756353,3126.149258,3101.649605,3077.257483,3052.972840,3028.795953,3004.727900,2980.768098,2956.916586,2933.174297,2909.541420,2886.017390,2862.603162,2839.298774,2816.104515,2793.020496,2770.047065,2747.184715,2724.433129,2701.792518,2679.263418,2656.845439,2634.539093,2612.345214,2590.263490,2568.293773,2546.436549,2524.692631,2503.061108,2481.542747,2460.138102,2438.847325,2417.669562,2396.606203,2375.656234,2354.821410,2334.100847,2313.495438,2293.004640,2272.628646,2252.368242,2232.223215,2212.193064,2192.278823,2172.481203,2152.798987,2133.233065,2113.784375,2094.452308,2075.236384,2056.138159,2037.156609,2018.292322,1999.545406,1980.915998,1962.404313,1944.011249,1925.735688,1907.577830,1889.539087,1871.617921,1853.816359,1836.133536,1818.568702,1801.123454,1783.797761,1766.591719,1749.505102,1732.537063,1715.689130,1698.962136,1682.354886,1665.867736,1649.501849,1633.256314,1617.131502,1601.126276,1585.241730,1569.477852,1553.835732,1538.314522,1522.916897,1507.645178,1492.498691,1477.466377,1462.566994,1447.779102,1433.117125,1418.567037,1404.136259,1389.831639,1375.651019,1361.591949,1347.655557,1333.840215,1320.148738,1306.579459,1293.134457,1279.811372,1266.612161,1253.535050,1240.580927,1227.750648,1215.043920,1202.459346,1189.998689,1177.662292,1165.449961,1153.360380,1141.395663,1129.553945,1117.836552,1106.242961,1094.773584,1083.428245,1072.207268,1061.109771,1050.136805,1039.287999,1028.564247,1017.964599,1007.489352,997.138688,986.912536,976.810764,966.833497,956.981130,947.253492,937.650484,928.172026,918.818611,909.590401,900.487103,891.508710,882.655543,873.926835,865.323493,856.845118,848.491882,840.263767,832.160640,824.182273,816.329126,808.600907,800.998263,793.521031,786.168402,778.941203,771.839265,764.862348,758.010953,751.284418,744.683453,738.207716,731.857016,725.631117,719.530755,713.555280,707.705482,701.981053,696.381456,690.907183,685.558033,680.333655,675.234790,670.261215,665.412691,660.689245,656.090789,651.617703,647.269363,643.045928,638.947556,634.974661,631.126041,627.402379,623.803619,620.329711,616.980480,613.756231,610.656609,607.681773,604.831692,602.106024,599.505115,597.029021,594.677036,592.449540,590.346914,588.368353,586.514159,584.784204,583.178432,581.696853,580.339539,579.106432,577.997166,577.011847,576.150666,575.413245,574.799539,574.309866,573.943809,573.701694,573.582878,573.587590,573.715631,573.967175,574.342043,574.840335,575.461881,576.206467,577.074152,578.064707,579.178180,580.414721,581.773946,583.255955,584.860514,586.587535,588.437275,590.409197,592.503651,594.720429,597.059232,599.520232,602.103346,604.808085,607.634758,610.583402,613.653646,616.845446,620.158764,623.593444,627.149487,630.826925,634.625520,638.545180,642.585975,646.747572,651.030104,655.433466,659.957342,664.601579,669.366373,674.251304,679.256676,684.382215,689.628082,694.993520,700.478994,706.083995,711.808703,717.652853,723.616474,729.699593,735.901970,742.223397,748.663964,755.223261,761.901572,768.698300,775.613778,782.647714,789.800009,797.070724,804.459613,811.966672,819.591594,827.334277,835.194726,843.173028,851.268755,859.481692,867.811813,876.259427,884.823892,893.505227,902.303344,911.218571,920.250396,929.398295,938.662579,948.043430,957.540066,967.152892,976.881618,986.726107,996.686016,1006.761422,1016.952109,1027.258127,1037.679753,1048.216162,1058.867411,1069.633347,1080.514036,1091.509302,1102.618768,1113.842354,1125.180158,1136.632023,1148.197687,1159.877159,1171.670434,1183.577087,1195.597185,1207.730349,1219.976744,1232.335989,1244.808119,1257.392843,1270.090734,1282.900648,1295.822876,1308.857450,1322.003897
9030.200954,8991.478413,8952.808774,8914.192312,8875.629628,8837.120680,8798.665673,8760.264671,8721.917927,8683.626668,8645.390080,8607.209178,8569.084396,8531.014551,8493.001028,8455.044412,8417.144530,8379.301633,8341.516092,8303.788090,8266.117984,8228.505860,8190.952378,8153.457544,8116.021832,8078.645469,8041.328649,8004.071638,7966.874672,7929.738332,7892.662343,7855.647573,7818.694305,7781.802633,7744.972715,7708.205135,7671.499674,7634.857275,7598.277860,7561.761478,7525.309204,7488.920794,7452.596235,7416.336478,7380.141411,7344.011747,7307.947071,7271.948396,7236.014777,7200.147901,7164.347534,7128.614248,7092.947888,7057.349047,7021.818110,6986.355127,6950.960458,6915.634528,6880.377372,6845.189392,6810.070691,6775.021918,6740.043347,6705.135263,6670.297486,6635.530926,6600.835622,6566.211986,6531.660201,6497.180406,6462.772823,6428.438423,6394.176917,6359.988984,6325.874049,6291.833682,6257.867471,6223.975986,6190.159445,6156.417345,6122.751259,6089.160977,6055.645582,6022.207747,5988.846306,5955.562078,5922.355004,5889.225343,5856.173783,5823.200308,5790.305030,5757.488547,5724.750971,5692.093122,5659.514981,5627.015581,5594.597556,5562.259811,5530.003157,5497.827213,5465.733122,5433.720757,5401.790173,5369.942347,5338.176833,5306.494066,5274.894729,5243.378466,5211.946250,5180.598264,5149.334807,5118.155778,5087.061919,5056.053424,5025.130488,4994.293206,4963.542067,4932.877414,4902.299713,4871.808610,4841.404977,4811.089249,4780.861321,4750.721552,4720.669999,4690.707017,4660.833804,4631.049941,4601.354981,4571.750292,4542.236275,4512.812003,4483.479272,4454.237428,4425.086720,4396.027497,4367.060551,4338.186102,4309.404147,4280.715056,4252.118742,4223.616080,4195.206769,4166.891387,4138.669947,4110.542237,4082.510520,4054.573058,4026.731519,3998.985488,3971.335261,3943.781434,3916.323915,3888.962009,3861.697965,3834.531429,3807.462384,3780.491022,3753.617227,3726.841367,3700.164988,3673.586723,3647.108027,3620.728828,3594.448893,3568.268928,3542.189226,3516.209392,3490.330369,3464.552141,3438.875521,3413.300408,3387.826138,3362.454192,3337.184774,3312.016723,3286.952633,3261.991457,3237.133549,3212.378876,3187.727359,3163.180410,3138.737614,3114.398433,3090.164340,3066.035447,3042.011523,3018.093025,2994.280015,2970.572819,2946.971576,2923.476823,2900.088263,2876.806916,2853.632406,2830.565252,2807.605144,2784.752964,2762.008283,2739.371917,2716.844528,2694.425431,2672.115459,2649.914381,2627.822384,2605.840010,2583.966882,2562.203452,2540.550707,2519.007932,2497.575582,2476.253999,2455.043464,2433.943836,2412.955568,2392.078980,2371.314294,2350.660703,2330.119666,2309.690776,2289.374667,2269.171531,2249.081355,2229.103593,2209.239302,2189.488661,2169.851057,2150.327175,2130.917964,2111.622257,2092.441068,2073.374812,2054.423453,2035.586222,2016.864801,1998.258135,1979.766786,1961.390953,1943.130599,1924.986223,1906.958579,1889.046523,1871.250276,1853.570914,1836.007643,1818.562131,1801.232898,1784.020642,1766.926025,1749.949262,1733.089912,1716.347314,1699.723288,1683.216909,1666.829291,1650.560064,1634.409733,1618.377532,1602.464952,1586.669728,1570.994022,1555.437085,1539.997709,1524.678935,1509.481408,1494.407843,1479.454960,1464.621766,1449.910187,1435.320525,1420.846864,1406.485649,1392.243574,1378.123215,1364.125087,1350.247491,1336.490070,1322.853404,1309.336996,1295.941881,1282.669060,1269.517044,1256.486868,1243.577296,1230.789005,1218.122857,1205.578807,1193.155762,1180.853391,1168.674707,1156.618222,1144.683292,1132.871173,1121.180619,1109.612836,1098.167456,1086.844507,1075.644076,1064.566556,1053.611109,1042.778293,1032.068386,1021.481866,1011.018040,1000.677180,990.459308,980.364674,970.392668,960.543854,950.818517,941.216414,931.737536,922.381788,913.149665,904.041339,895.056528,886.195234,877.457784,868.843297,860.353059,851.986308,843.743346,835.624166,827.628642,819.756557,812.008375,804.383815,796.883531,789.507369,782.254526,775.125837,768.121143,761.240204,754.483555,747.850514,741.341806,734.956982,728.696018,722.558916,716.545951,710.656678,704.891892,699.251295,693.734358,688.341465,683.072766,677.927534,672.906757,668.010093,663.237324,658.588521,654.063804,649.663026,645.386045,641.232842,637.203687,633.298849,629.517278,625.859591,622.325748,618.915710,615.629339,612.466779,609.428007,606.512963,603.721588,601.053656,598.509486,596.089138,593.791954,591.618186,589.568340,587.641689,585.838399,584.158388,582.601603,581.168104,579.857972,578.670891,577.607054,576.666116,575.848414,575.153567,574.581564,574.132681,573.806620,573.603481,573.522890,573.564883,573.729369,574.016555,574.426185,574.958434,575.613091,576.390026,577.289125,578.310292,579.453689,580.719244,582.106725,583.616200,585.247442,587.000368,588.875243,590.871532,592.989565,595.229192,597.590128,600.072631,602.676222,605.400783,608.246687,611.213764,614.301691,617.510467,620.840113,624.290439,627.861388,631.553053,635.365165,639.297675,643.350643,647.523744,651.817115,656.230656,660.764038,665.417165,670.190185,675.082702,680.095024,685.226883,690.478392,695.848953,701.338882,706.947725,712.675668,718.522449,724.487996,730.572662,736.775889,743.097581,749.537834,756.096421,762.773088,769.567786,776.480671,783.511424,790.660044,797.926504,805.310591,812.812307,820.431415,828.167616,836.021122,843.991955,852.079692,860.284122,868.605222,877.043306,885.597673,894.268511,903.055610,911.959318,920.979127,930.114522,939.365820,948.733207,958.215905,967.814321,977.528170,987.357318,997.301425,1007.360573,1017.534548,1027.823406,1038.227425,1048.745792,1059.378546,1070.125558,1080.986891,1091.962371,1103.051627,1114.254580,1125.571264,1137.001730,1148.545515,1160.202699,1171.973280,1183.856836,1195.853438,1207.962816,1220.184818,1232.519387,1244.966454,1257.525731,1270.197795,1282.981503,1295.877150,1308.884772,1322.003897
8886.634012,8848.714616,8810.847520,8773.031859,8735.266650,8697.552910,8659.890950,8622.281360,8584.723654,8547.218917,8509.767102,8472.368748,8435.023523,8397.731640,8360.493730,8323.310514,8286.181533,8249.107720,8212.088967,8175.125241,8138.217567,8101.365600,8064.570014,8027.831052,7991.148718,7954.523430,7917.955306,7881.444857,7844.992643,7808.597918,7772.261955,7735.984949,7699.766575,7663.607785,7627.508690,7591.469420,7555.489769,7519.570822,7483.713089,7447.916384,7412.180775,7376.506643,7340.893940,7305.343665,7269.856004,7234.430781,7199.068702,7163.770114,7128.534644,7093.363428,7058.256631,7023.214191,6988.236800,6953.323660,6918.476167,6883.694596,6848.978873,6814.329097,6779.746152,6745.229841,6710.780720,6676.399016,6642.084821,6607.838778,6573.661166,6539.551723,6505.511359,6471.540253,6437.638394,6403.805915,6370.043640,6336.351990,6302.730886,6269.180821,6235.701703,6202.294405,6168.958595,6135.695197,6102.503866,6069.385458,6036.340132,6003.367990,5970.469710,5937.644583,5904.894196,5872.218361,5839.616656,5807.090694,5774.639594,5742.264622,5709.965532,5677.741952,5645.595846,5613.526675,5581.534587,5549.619156,5517.782279,5486.023450,5454.342677,5422.740363,5391.217235,5359.773319,5328.409186,5297.123894,5265.919718,5234.795999,5203.752633,5172.790603,5141.909767,5111.110643,5080.393414,5049.758329,5019.205423,4988.735590,4958.348452,4928.045124,4897.825463,4867.689749,4837.638003,4807.670947,4777.788756,4747.991626,4718.279943,4688.653897,4659.114043,4629.659793,4600.292816,4571.012335,4541.819384,4512.713365,4483.695307,4454.764562,4425.923097,4397.169863,4368.505529,4339.930758,4311.445096,4283.048841,4254.743066,4226.527662,4198.403019,4170.368483,4142.425746,4114.574570,4086.814844,4059.147151,4031.571980,4004.088601,3976.697805,3949.400788,3922.196986,3895.087168,3868.071296,3841.149506,3814.322342,3787.589519,3760.952046,3734.409492,3707.963388,3681.612760,3655.358530,3629.200441,3603.138462,3577.173865,3551.306484,3525.536332,3499.864174,3474.289841,3448.814174,3423.436635,3398.157938,3372.977866,3347.897088,3322.916542,3298.035488,3273.253421,3248.572438,3223.992217,3199.513098,3175.134864,3150.858182,3126.683008,3102.609370,3078.637990,3054.769182,3031.002687,3007.338266,2983.777727,2960.320129,2936.966101,2913.715915,2890.570053,2867.527817,2844.590302,2821.757517,2799.029706,2776.407278,2753.889693,2731.477884,2709.172098,2686.972321,2664.878534,2642.891966,2621.012166,2599.239497,2577.574034,2556.015805,2534.565288,2513.222482,2491.987263,2470.861092,2449.843186,2428.933858,2408.133940,2387.442497,2366.860545,2346.388476,2326.026300,2305.773691,2285.631417,2265.598898,2245.677629,2225.867306,2206.168107,2186.579392,2167.102216,2147.736914,2128.482643,2109.340319,2090.310448,2071.392503,2052.586823,2033.894679,2015.315371,1996.848340,1978.495057,1960.255092,1942.128483,1924.115281,1906.215593,1888.430976,1870.760286,1853.203605,1835.760979,1818.433881,1801.220960,1784.123475,1767.140755,1750.272850,1733.521483,1716.886173,1700.366566,1683.961322,1667.673216,1651.501894,1635.446512,1619.507870,1603.686972,1587.982569,1572.395072,1556.923912,1541.569753,1526.332678,1511.213531,1496.213229,1481.331628,1466.572034,1451.935821,1437.408919,1423.013821,1408.723077,1394.552118,1380.494733,1366.556832,1352.737612,1339.038243,1325.458291,1311.997100,1298.653920,1285.430730,1272.327939,1259.344517,1246.481285,1233.737105,1221.112583,1208.608197,1196.224179,1183.960290,1171.815039,1159.792072,1147.889498,1136.106940,1124.445804,1112.904485,1101.484558,1090.185245,1079.007125,1067.949862,1057.014145,1046.198753,1035.504563,1024.931876,1014.481041,1004.151475,993.943361,983.856773,973.891855,964.048407,954.326576,944.726798,935.248839,925.892697,916.658287,907.546403,898.556343,889.688717,880.943241,872.320250,863.818872,855.440399,847.184079,839.050218,831.038821,823.149767,815.382852,807.738543,800.216568,792.817589,785.541472,778.387387,771.356210,764.447682,757.661865,750.999005,744.458690,738.041166,731.746418,725.574273,719.524973,713.598670,707.794766,702.114236,696.556434,691.121389,685.809378,680.620259,675.553472,670.610013,665.789521,661.091857,656.516871,652.065189,647.736160,643.529912,639.446332,635.485729,631.648298,627.933239,624.340945,620.871432,617.524727,614.300583,611.199296,608.220729,605.364933,602.631809,600.021109,597.533186,595.168105,592.925093,590.804772,588.807290,586.932048,585.179220,583.548729,582.040529,580.654687,579.391289,578.250037,577.231052,576.334170,575.559578,574.906904,574.376375,573.967858,573.681383,573.516914,573.474236,573.553236,573.753881,574.076385,574.520537,575.086402,575.773940,576.582871,577.513135,578.564696,579.737687,581.032040,582.447531,583.984260,585.641924,587.420527,589.320312,591.340751,593.482178,595.744421,598.127286,600.630950,603.254968,605.999229,608.864109,611.849431,614.954917,618.180531,621.526314,624.991967,628.577777,632.283504,636.109031,640.054208,644.119209,648.303674,652.607750,657.031338,661.574115,666.235980,671.016991,675.917242,680.936262,686.074329,691.331424,696.706952,702.201233,707.813820,713.544909,719.394221,725.361711,731.447728,737.651720,743.973596,750.413453,756.971072,763.646201,770.438828,777.349018,784.376552,791.521532,798.783541,806.162764,813.659077,821.272248,829.002055,836.848488,844.811801,852.891498,861.087373,869.399406,877.827917,886.372168,895.032467,903.808493,912.700723,921.708391,930.831314,940.069528,949.423420,958.892148,968.476125,978.175069,987.988849,997.917130,1007.959996,1018.117238,1028.389000,1038.775306,1049.275605,1059.889852,1070.617924,1081.459884,1092.415565,1103.484596,1114.666904,1125.962524,1137.371512,1148.893407,1160.528293,1172.276266,1184.136623,1196.109739,1208.195201,1220.392911,1232.702800,1245.124800,1257.658627,1270.304860,1283.062360,1295.931426,1308.912094,1322.003897
8747.063565,8709.918643,8672.822710,8635.775537,8598.777749,8561.829326,8524.930687,8488.081997,8451.282821,8414.535389,8377.838628,8341.192897,8304.598890,8268.056116,8231.564658,8195.126137,8158.739681,8122.406391,8086.126111,8049.898783,8013.725111,7977.605815,7941.539993,7905.528823,7869.572339,7833.670570,7797.824370,7762.033404,7726.298183,7690.619289,7654.996499,7619.430339,7583.921243,7548.469078,7513.074304,7477.736750,7442.457470,7407.236712,7372.074541,7336.971090,7301.926746,7266.941305,7232.016030,7197.150713,7162.345733,7127.600912,7092.917312,7058.294277,7023.733063,6989.233436,6954.795178,6920.419781,6886.106999,6851.856464,6817.669502,6783.545818,6749.485826,6715.489864,6681.557328,6647.689811,6613.887517,6580.150032,6546.478282,6512.872249,6479.332189,6445.858413,6412.451341,6379.111034,6345.838085,6312.632133,6279.494077,6246.424303,6213.422691,6180.489173,6147.624982,6114.830117,6082.104642,6049.449188,6016.863437,5984.348340,5951.903774,5919.530260,5887.227621,5854.997000,5822.838233,5790.751615,5758.737439,5726.795394,5694.926742,5663.131459,5631.409556,5599.761569,5568.188057,5536.689202,5505.265054,5473.915943,5442.642405,5411.444597,5380.322339,5349.275381,5318.306426,5287.414341,5256.599421,5225.861498,5195.201549,5164.619474,5134.115769,5103.691107,5073.345377,5043.078639,5012.891016,4982.783747,4952.756698,4922.809832,4892.943836,4863.158787,4833.455110,4803.833007,4774.292519,4744.834387,4715.458337,4686.165256,4656.955333,4627.828824,4598.785870,4569.826887,4540.952102,4512.161669,4483.455512,4454.834642,4426.299099,4397.849686,4369.486033,4341.208004,4313.017167,4284.912883,4256.895709,4228.965862,4201.123874,4173.369313,4145.702359,4118.125110,4090.636653,4063.237324,4035.927349,4008.707008,3981.576583,3954.535785,3927.586039,3900.726204,3873.957601,3847.280977,3820.694486,3794.200812,3767.799675,3741.491094,3715.275025,3689.151450,3663.121571,3637.185281,3611.341267,3585.593080,3559.939113,3534.379338,3508.914860,3483.545025,3458.270810,3433.091663,3408.008904,3383.022333,3358.132121,3333.339224,3308.643225,3284.043766,3259.542308,3235.138186,3210.832527,3186.624738,3162.514709,3138.505073,3114.593840,3090.781920,3067.069866,3043.457760,3019.945675,2996.533689,2973.222157,2950.011838,2926.901758,2903.893225,2880.986454,2858.180977,2835.478547,2812.877922,2790.379229,2767.984077,2745.691333,2723.502051,2701.416311,2679.434022,2657.555700,2635.781200,2614.111515,2592.545945,2571.086071,2549.731141,2528.481441,2507.337379,2486.298826,2465.365814,2444.538973,2423.819166,2403.205648,2382.698994,2362.299236,2342.006919,2321.821975,2301.744504,2281.775314,2261.914012,2242.161066,2222.515893,2202.980564,2183.553734,2164.236535,2145.028070,2125.928971,2106.940097,2088.060330,2069.290943,2050.632057,2032.082989,2013.644987,1995.318337,1977.102913,1958.997811,1941.004777,1923.122905,1905.353010,1887.694803,1870.148290,1852.715019,1835.393723,1818.184950,1801.088930,1784.105778,1767.235771,1750.478956,1733.835771,1717.305481,1700.890016,1684.588668,1668.400511,1652.326584,1636.367721,1620.523504,1604.794069,1589.180081,1573.680987,1558.297781,1543.028618,1527.875077,1512.837359,1497.913843,1483.107258,1468.418283,1453.850347,1439.400444,1425.065048,1410.857709,1396.753385,1382.764317,1368.887494,1355.128072,1341.486519,1327.963362,1314.557987,1301.269589,1288.097723,1275.044678,1262.109056,1249.292278,1236.593566,1224.012472,1211.549456,1199.205176,1186.979214,1174.872498,1162.882440,1151.012636,1139.262347,1127.630312,1116.118119,1104.724227,1093.450337,1082.295478,1071.260309,1060.344565,1049.548773,1038.871858,1028.314742,1017.877583,1007.560599,997.363919,987.287020,977.330150,967.493664,957.777211,948.180872,938.705233,929.350022,920.115242,911.000821,902.007554,893.134749,884.383025,875.752107,867.242336,858.852849,850.584944,842.437878,834.411962,826.507212,818.723462,811.060670,803.519156,796.098715,788.799895,781.622826,774.566569,767.631918,760.818685,754.126907,747.556923,741.108228,734.781222,728.575693,722.491614,716.529199,710.688608,704.969253,699.372112,693.896553,688.542601,683.310551,678.200263,673.211094,668.344323,663.599337,658.976044,654.474353,650.094878,645.836979,641.700787,637.686199,633.793509,630.022980,626.373573,622.846308,619.440558,616.156556,612.994131,609.953565,607.034709,604.237663,601.562204,599.008264,596.576176,594.265809,592.076622,590.009340,588.063601,586.239462,584.536532,582.955156,581.495049,580.156520,578.939460,577.843639,576.869184,576.015936,575.284052,574.673277,574.183768,573.815300,573.568353,573.442093,573.436904,573.552598,573.789098,574.146642,574.625045,575.224409,575.944284,576.784953,577.746160,578.827779,580.030206,581.353123,582.796332,584.360007,586.043929,587.847983,589.772457,591.816855,593.981438,596.266105,598.670682,601.195311,603.839534,606.603336,609.486971,612.490413,615.613228,618.855574,622.217308,625.698239,629.298640,633.018275,636.857024,640.814909,644.891660,649.087353,653.401939,657.835583,662.387572,667.058039,671.847036,676.754639,681.780381,686.924608,692.187102,697.567563,703.066042,708.682274,714.416406,720.268163,726.237505,732.324787,738.529548,744.851569,751.290819,757.847392,764.520877,771.311360,778.218817,785.243063,792.384206,799.641832,807.016106,814.506982,822.114157,829.837440,837.676870,845.632709,853.704171,861.891418,870.194364,878.613257,887.147388,895.797069,904.561982,913.442610,922.438189,931.548539,940.773701,950.114066,959.568795,969.138426,978.822316,988.620702,998.533132,1008.559691,1018.700177,1028.954736,1039.323414,1049.805606,1060.401329,1071.110443,1081.933016,1092.868882,1103.917675,1115.079324,1126.353869,1137.741367,1149.241363,1160.853942,1172.579203,1184.416448,1196.366054,1208.427611,1220.601024,1232.886227,1245.283157,1257.791530,1270.411930,1283.143220,1295.985702,1308.939416,1322.003897
8611.275681,8574.875158,8538.521783,8502.215444,8465.956400,8429.745473,8393.582122,8357.466853,8321.399991,8285.381549,8249.412376,8213.492358,8177.621783,8141.799711,8106.029161,8070.308730,8034.638610,7999.019327,7963.451082,7927.933917,7892.468423,7857.054872,7821.693658,7786.384616,7751.128305,7715.924010,7680.773874,7645.676903,7610.633687,7575.644329,7540.709319,7505.828756,7471.003412,7436.233225,7401.518571,7366.859417,7332.256095,7297.709174,7263.218523,7228.784812,7194.407623,7160.088268,7125.826766,7091.622892,7057.477182,7023.389792,6989.360769,6955.391320,6921.480792,6887.630112,6853.839283,6820.108274,6786.437942,6752.828091,6719.279147,6685.791951,6652.366428,6619.001957,6585.700001,6552.460605,6519.283669,6486.169886,6453.118472,6420.131290,6387.208515,6354.349423,6321.554805,6288.825009,6256.160050,6223.560533,6191.026710,6158.558517,6126.156566,6093.820846,6061.552083,6029.350341,5997.215909,5965.148736,5933.149687,5901.218730,5869.356456,5837.562778,5805.838105,5774.183010,5742.597449,5711.081931,5679.636196,5648.261428,5616.957180,5585.724334,5554.562634,5523.472506,5492.454724,5461.508749,5430.635943,5399.835228,5369.108334,5338.454636,5307.874562,5277.368861,5246.937473,5216.580614,5186.298059,5156.091486,5125.959891,5095.903986,5065.924355,5036.021324,5006.195213,4976.445681,4946.773805,4917.179220,4887.662169,4858.223843,4828.863842,4799.582128,4770.379938,4741.257155,4712.213924,4683.250586,4654.367432,4625.564647,4596.842736,4568.201467,4539.641532,4511.163113,4482.767188,4454.453490,4426.222232,4398.073832,4370.008202,4342.026266,4314.127405,4286.312900,4258.582518,4230.936725,4203.375320,4175.899691,4148.509118,4121.204368,4093.985385,4066.852422,4039.805911,4012.846756,3985.974608,3959.190052,3932.492571,3905.883478,3879.362742,3852.930352,3826.586897,3800.331772,3774.166228,3748.090247,3722.104384,3696.208755,3670.402894,3644.688483,3619.064804,3593.532842,3568.092259,3542.743398,3517.486737,3492.321687,3467.249541,3442.270977,3417.385659,3392.593527,3367.894999,3343.290399,3318.779757,3294.364159,3270.042907,3245.817029,3221.686873,3197.652013,3173.712586,3149.868944,3126.122305,3102.471889,3078.917618,3055.461669,3032.103155,3008.841970,2985.678462,2962.613723,2939.647299,2916.779126,2894.010220,2871.340431,2848.769210,2826.298151,2803.926835,2781.655705,2759.485539,2737.415431,2715.446060,2693.578165,2671.811123,2650.146502,2628.583182,2607.121621,2585.762560,2564.506013,2543.352008,2522.301027,2501.353862,2480.510183,2459.770062,2439.133496,2418.600817,2398.173278,2377.849342,2357.630675,2337.517148,2317.508714,2297.605975,2277.808272,2258.116570,2238.531540,2219.052587,2199.679742,2180.413357,2161.254791,2142.202950,2123.259056,2104.422312,2085.692771,2067.071898,2048.558322,2030.153592,2011.856910,1993.669288,1975.590605,1957.621503,1939.761811,1922.010807,1904.370277,1886.838704,1869.417546,1852.107047,1834.906289,1817.816754,1800.837443,1783.969307,1767.212235,1750.565598,1734.031342,1717.608384,1701.296471,1685.097815,1669.011182,1653.036732,1637.173776,1621.424439,1605.788197,1590.264995,1574.854462,1559.558464,1544.375247,1529.305680,1514.349258,1499.506826,1484.777276,1470.163237,1455.664099,1441.280910,1427.018291,1412.873269,1398.837029,1384.930036,1371.127294,1357.419681,1343.837135,1330.370686,1317.020859,1303.787908,1290.670125,1277.667313,1264.781123,1252.011034,1239.358647,1226.822200,1214.402517,1202.099095,1189.912133,1177.842903,1165.890421,1154.053996,1142.335585,1130.735336,1119.252238,1107.886902,1096.639063,1085.509080,1074.496939,1063.603080,1052.827009,1042.169506,1031.629479,1021.207722,1010.904563,1000.720134,990.654609,980.707307,970.878730,961.169106,951.578186,942.105966,932.753068,923.519230,914.404460,905.408676,896.532741,887.775907,879.138821,870.621219,862.223403,853.944651,845.786135,837.747163,829.828052,822.028828,814.349332,806.789531,799.349616,792.029789,784.830209,777.751143,770.791647,763.952600,757.233749,750.635025,744.156814,737.799020,731.561568,725.444438,719.447546,713.571173,707.815275,702.179849,696.665279,691.271153,685.997585,680.844730,675.812341,670.900396,666.109460,661.439284,656.889671,652.460600,648.152673,643.965254,639.898429,635.952262,632.126969,628.422578,624.838487,621.375356,618.032855,614.811079,611.709835,608.729421,605.869767,603.130937,600.512698,598.015002,595.638192,593.382052,591.246314,589.231496,587.337176,585.563408,583.910202,582.377424,580.965200,579.673539,578.502388,577.451660,576.521281,575.711409,575.021848,574.452625,574.003714,573.675045,573.466997,573.378752,573.410842,573.562837,573.834969,574.227237,574.739538,575.371986,576.124132,576.996269,577.988061,579.099635,580.331146,581.682338,583.153097,584.743530,586.453322,588.282772,590.231650,592.299765,594.487268,596.794220,599.220295,601.765692,604.429960,607.213034,610.115391,613.136710,616.276720,619.535539,622.913079,626.409129,630.023964,633.757355,637.609158,641.579485,645.667985,649.874769,654.199791,658.643222,663.204353,667.883460,672.680185,677.595024,682.627374,687.777698,693.045455,698.430674,703.933303,709.553081,715.290138,721.144271,727.115528,733.203863,739.409192,745.731231,752.169928,758.725378,765.397017,772.185412,779.090065,786.110956,793.248196,800.501385,807.870735,815.356019,822.957142,830.673844,838.506180,846.454400,854.517711,862.696307,870.990178,879.399325,887.923294,896.562294,905.316078,914.185100,923.168520,932.266263,941.478340,950.805146,960.245886,969.800979,979.469909,989.252876,999.149429,1009.159659,1019.283366,1029.520700,1039.871711,1050.335797,1060.912978,1071.603117,1082.406286,1093.322323,1104.350864,1115.491977,1126.745298,1138.111297,1149.589382,1161.179644,1172.882186,1184.696311,1196.622399,1208.660045,1220.809157,1233.069670,1245.441524,1257.924440,1270.519005,1283.224083,1296.039980,1308.966738,1322.003897
8479.074810,8443.392473,8407.754966,8372.163046,8336.616802,8301.116616,8265.662170,8230.253994,8194.892579,8159.578081,8124.310731,8089.090666,8053.918320,8018.793740,7983.717368,7948.689525,7913.710319,7878.779802,7843.898413,7809.065604,7774.283666,7739.551978,7704.870348,7670.238938,7635.658340,7601.128954,7566.650934,7532.224599,7497.850040,7463.527625,7429.256714,7395.039328,7360.874378,7326.763085,7292.705260,7258.700908,7224.751011,7190.855190,7157.014086,7123.227623,7089.496143,7055.819808,7022.199260,6988.634535,6955.126269,6921.674672,6888.280019,6854.942139,6821.661585,6788.438600,6755.273480,6722.166148,6689.117596,6656.127794,6623.197044,6590.325324,6557.512956,6524.760720,6492.068232,6459.436316,6426.865251,6394.354596,6361.905578,6329.517944,6297.192329,6264.928835,6232.726880,6200.588175,6168.512699,6136.500152,6104.551254,6072.666323,6040.845687,6009.089216,5977.397300,5945.770284,5914.208586,5882.712110,5851.281819,5819.917401,5788.619597,5757.388020,5726.223860,5695.126954,5664.097495,5633.135492,5602.242089,5571.416710,5540.660429,5509.972531,5479.354529,5448.805993,5418.327430,5387.918726,5357.580303,5327.312791,5297.116147,5266.991098,5236.937367,5206.956024,5177.046875,5147.210005,5117.445926,5087.754971,5058.137077,5028.592812,4999.122908,4969.727149,4940.405616,4911.159356,4881.987750,4852.891311,4823.871039,4794.926983,4766.058972,4737.267685,4708.553224,4679.915758,4651.355998,4622.873831,4594.469486,4566.143129,4537.896047,4509.727856,4481.638848,4453.629313,4425.699337,4397.849527,4370.079906,4342.391102,4314.782646,4287.256036,4259.810780,4232.447078,4205.165477,4177.966568,4150.850440,4123.816493,4096.865512,4069.998802,4043.215687,4016.516947,3989.902288,3963.371510,3936.926509,3910.566907,3884.292806,3858.104136,3832.001372,3805.985415,3780.055727,3754.213210,3728.457298,3702.789178,3677.209234,3651.716616,3626.312484,3600.997251,3575.770831,3550.632784,3525.584551,3500.626140,3475.757986,3450.979615,3426.292156,3401.694854,3377.188246,3352.773612,3328.450766,3304.219839,3280.080241,3256.033689,3232.080165,3208.218211,3184.450652,3160.776028,3137.195701,3113.709304,3090.316461,3067.017788,3043.814545,3020.706518,2997.692520,2974.775413,2951.953936,2929.228476,2906.599078,2884.066863,2861.631115,2839.292502,2817.051271,2794.907271,2772.860783,2750.912749,2729.063182,2707.311471,2685.659788,2664.106551,2642.652640,2621.298160,2600.043353,2578.889031,2557.834578,2536.880892,2516.027118,2495.275349,2474.624066,2454.074541,2433.626906,2413.281290,2393.037838,2372.896408,2352.857397,2332.920985,2313.087959,2293.358608,2273.732418,2254.209822,2234.790988,2215.476149,2196.266384,2177.160915,2158.160228,2139.263783,2120.473494,2101.788488,2083.209274,2064.735973,2046.367904,2028.106848,2009.951511,1991.903296,1973.961626,1956.126964,1938.399826,1920.780673,1903.269087,1885.864656,1868.568927,1851.380731,1834.300893,1817.329654,1800.467729,1783.714554,1767.070654,1750.535599,1734.110188,1717.793866,1701.588202,1685.492145,1669.505938,1653.630712,1637.866310,1622.212118,1606.668505,1591.236881,1575.916241,1560.707192,1545.610248,1530.624903,1515.752015,1500.989611,1486.340514,1471.802603,1457.377057,1443.064239,1428.865677,1414.789150,1400.823510,1386.967273,1373.237653,1359.613699,1346.169983,1332.680549,1319.388310,1306.208589,1293.145281,1280.195808,1267.360104,1254.638940,1242.032134,1229.542040,1217.165588,1204.905178,1192.758951,1180.728079,1168.812739,1157.013247,1145.327943,1133.759538,1122.307707,1110.971455,1099.751249,1088.647345,1077.659693,1066.788698,1056.034186,1045.396157,1034.875365,1024.470641,1014.182595,1004.011833,993.958354,984.022596,974.203312,964.501611,954.917434,945.450596,936.101005,926.869563,917.755809,908.759654,899.881220,891.121307,882.479178,873.955486,865.549976,857.262956,849.093711,841.043420,833.111399,825.297970,817.603168,810.026840,802.568962,795.229731,788.009362,780.907993,773.925943,767.062181,760.317789,753.692332,747.185825,740.798626,734.530679,728.381921,722.352188,716.441748,710.650593,704.978641,699.426270,693.993504,688.680062,683.486061,678.411666,673.456356,668.620957,663.905197,659.309051,654.832550,650.475537,646.238342,642.120795,638.122763,634.244342,630.485790,626.847060,623.327633,619.928092,616.648342,613.488153,610.447550,607.526789,604.725804,602.044667,599.483075,597.041208,594.719271,592.516880,590.434027,588.471320,586.627916,584.904250,583.300223,581.815708,580.450815,579.205629,578.080121,577.073969,576.187367,575.420445,574.772860,574.244795,573.836196,573.546953,573.377497,573.327058,573.395958,573.584067,573.891447,574.318082,574.864056,575.529243,576.313445,577.216742,578.238974,579.380201,580.640670,582.019753,583.517816,585.134743,586.870290,588.724739,590.697865,592.789483,594.999749,597.328729,599.776157,602.342073,605.026195,607.828428,610.749235,613.788222,616.945279,620.220430,623.613613,627.124625,630.753736,634.500731,638.365468,642.348065,646.448174,650.665911,655.001280,659.454325,664.024477,668.711958,673.516436,678.438388,683.477235,688.633496,693.906449,699.296331,704.802992,710.426237,716.166133,722.022540,727.995530,734.084896,740.290737,746.612735,753.050776,759.605005,766.274903,773.060962,779.962759,786.980228,794.113570,801.362246,808.726482,816.206187,823.801261,831.511267,839.336488,847.276993,855.332103,863.502013,871.786681,880.186122,888.699886,897.328230,906.070779,914.928147,923.899383,932.984484,942.183469,951.496658,960.923432,970.463907,980.118019,989.885430,999.766021,1009.759899,1019.866804,1030.087112,1040.420216,1050.866177,1061.424798,1072.095945,1082.879695,1093.775887,1104.784162,1115.904591,1127.136812,1138.481299,1149.937464,1161.505401,1173.185214,1184.976211,1196.878776,1208.892505,1221.017309,1233.253127,1245.599902,1258.057358,1270.626084,1283.304948,1296.094258,1308.994061,1322.003897
8350.283278,8315.292998,8280.346972,8245.444640,8210.585888,8175.771027,8141.000730,8106.275487,8071.595230,8036.960067,8002.370321,7967.825974,7933.327746,7898.875815,7864.470251,7830.111703,7795.799736,7761.535190,7727.317886,7693.148391,7659.026896,7624.953498,7590.928704,7556.952393,7523.024614,7489.146846,7455.318382,7421.539954,7387.811497,7354.133173,7320.505576,7286.928748,7253.403447,7219.929372,7186.506903,7153.135799,7119.817691,7086.551613,7053.338648,7020.178258,6987.071393,6954.018055,6921.018568,6888.073231,6855.182123,6822.345633,6789.564019,6756.837421,6724.166022,6691.550679,6658.991138,6626.488098,6594.041239,6561.651166,6529.318564,6497.042976,6464.825433,6432.665779,6400.564299,6368.521398,6336.536844,6304.611626,6272.745045,6240.938925,6209.192239,6177.505552,6145.879745,6114.314221,6082.809911,6051.367056,6019.985110,5988.665039,5957.407725,5926.212312,5895.080106,5864.010568,5833.004723,5802.062359,5771.183567,5740.369004,5709.618729,5678.933447,5648.312807,5617.757680,5587.267302,5556.843566,5526.485825,5496.194443,5465.969835,5435.812063,5405.721812,5375.699128,5345.743802,5315.856980,5286.038714,5256.288998,5226.608160,5196.996549,5167.454674,5137.982215,5108.580343,5079.248420,5049.987892,5020.798490,4991.680206,4962.633695,4933.659120,4904.755762,4875.925862,4847.168590,4818.484362,4789.873079,4761.335560,4732.872409,4704.483102,4676.168548,4647.928326,4619.763495,4591.674342,4563.660750,4535.723220,4507.861889,4480.076769,4452.368845,4424.737960,4397.184034,4369.708320,4342.310227,4314.990562,4287.749481,4260.587418,4233.504361,4206.500641,4179.576783,4152.732260,4125.968747,4099.285363,4072.683211,4046.162253,4019.722003,3993.364054,3967.087941,3940.893741,3914.782778,3888.754528,3862.808978,3836.947093,3811.168830,3785.474934,3759.865328,3734.340044,3708.899678,3683.544241,3658.274137,3633.089751,3607.990881,3582.978506,3558.052814,3533.214176,3508.462723,3483.797972,3459.220764,3434.731749,3410.330918,3386.018570,3361.794817,3337.660251,3313.614521,3289.657804,3265.791762,3242.015642,3218.329972,3194.734894,3171.230267,3147.817230,3124.495654,3101.265589,3078.127789,3055.081888,3032.128931,3009.267674,2986.499525,2963.825314,2941.244649,2918.756556,2896.363852,2874.065099,2851.861440,2829.751792,2807.737582,2785.818669,2763.995731,2742.268001,2720.636058,2699.101247,2677.662511,2656.320296,2635.075759,2613.928826,2592.878744,2571.927124,2551.072767,2530.317502,2509.660706,2489.102206,2468.642969,2448.282776,2428.021952,2407.861018,2387.800584,2367.840370,2347.980535,2328.221003,2308.562154,2289.004943,2269.548213,2250.194086,2230.941551,2211.790716,2192.742224,2173.796097,2154.952769,2136.212686,2117.575417,2099.041095,2080.611037,2062.284594,2044.062357,2025.944332,2007.930024,1990.020925,1972.216134,1954.516739,1936.922370,1919.433232,1902.049885,1884.773481,1867.602507,1850.537464,1833.578733,1816.726689,1799.981688,1783.343054,1766.812747,1750.388792,1734.073158,1717.864524,1701.763723,1685.771313,1669.887727,1654.111562,1638.444296,1622.886592,1607.437427,1592.097049,1576.866890,1561.746471,1546.735861,1531.834396,1517.044664,1502.364264,1487.794475,1473.334500,1458.985223,1444.746006,1430.618755,1416.602763,1402.704352,1388.919743,1375.243607,1361.693886,1348.251450,1334.932206,1321.657139,1308.535347,1295.524251,1282.628851,1269.845726,1257.174870,1244.616293,1232.170870,1219.840305,1207.622525,1195.518775,1183.528340,1171.650854,1159.888106,1148.239445,1136.703623,1125.282952,1113.977557,1102.786457,1091.709783,1080.748210,1069.901072,1059.169385,1048.552666,1038.051147,1027.665319,1017.394229,1007.238413,997.198514,987.274510,977.466895,967.774390,958.197979,948.737827,939.393608,930.165422,921.053989,912.058876,903.180137,894.417814,885.772606,877.243934,868.832410,860.537786,852.360375,844.299472,836.356260,828.529997,820.821206,813.229736,805.755506,798.398498,791.158860,784.036905,777.032839,770.146638,763.377883,756.727174,750.194141,743.778926,737.481849,731.302860,725.241832,719.298811,713.473934,707.767157,702.178520,696.708234,691.356579,686.122968,681.007851,676.011127,671.132426,666.372592,661.731312,657.208577,652.804425,648.518706,644.351757,640.303410,636.373568,632.562161,628.869827,625.296186,621.840855,618.504390,615.286731,612.187521,609.207063,606.345504,603.602697,600.978726,598.473361,596.086765,593.819149,591.670177,589.639733,587.728553,585.935781,584.261732,582.706463,581.269800,579.951857,578.752727,577.672399,576.710519,575.867304,575.142937,574.537022,574.049628,573.681123,573.430987,573.299796,573.286839,573.392252,573.616117,573.958484,574.419253,574.998556,575.696258,576.512232,577.446424,578.498786,579.669354,580.958311,582.365308,583.890478,585.533622,587.294765,589.173963,591.171028,593.285984,595.518804,597.869644,600.338137,602.924433,605.628220,608.449408,611.388477,614.445003,617.618915,620.910232,624.318813,627.844706,631.487970,635.248390,639.125914,643.120638,647.232216,651.460943,655.806310,660.268895,664.847926,669.543664,674.355769,679.284726,684.329956,689.491986,694.770097,700.164609,705.675140,711.301736,717.044390,722.902966,728.877540,734.967913,741.174177,747.496073,753.933359,760.486345,767.154376,773.938043,780.836898,787.850876,794.980185,802.224276,809.583417,817.057483,824.646390,832.349707,840.167719,848.100557,856.147371,864.308536,872.583915,880.973645,889.477162,898.094766,906.826086,915.671738,924.630777,933.703202,942.889201,952.188624,961.601288,971.127208,980.766306,990.518245,1000.382909,1010.360410,1020.450491,1030.653532,1040.968929,1051.396746,1061.936788,1072.588927,1083.353242,1094.229576,1105.217570,1116.317301,1127.528411,1138.851376,1150.285610,1161.831212,1173.488288,1185.256150,1197.135184,1209.124989,1221.225480,1233.436598,1245.758291,1258.190283,1270.733168,1283.385816,1296.148538,1309.021384,1322.003897
8224.732062,8190.411929,8156.133639,8121.897438,8087.703884,8053.552458,8019.443210,7985.378000,7951.355536,7917.376777,7883.442070,7849.551397,7815.704949,7781.903095,7748.146092,7714.434340,7680.767620,7647.146120,7613.570541,7580.040997,7546.558419,7513.122149,7479.732710,7446.390022,7413.095309,7379.847992,7346.648442,7313.496922,7280.392733,7247.338523,7214.332868,7181.376539,7148.469582,7115.612222,7082.804721,7050.047569,7017.340892,6984.684603,6952.079178,6919.524968,6887.022676,6854.572106,6822.173546,6789.827337,6757.534046,6725.293247,6693.105812,6660.971918,6628.891556,6596.865112,6564.892711,6532.974958,6501.111407,6469.303351,6437.550640,6405.853510,6374.212201,6342.626998,6311.097952,6279.625527,6248.210303,6216.851903,6185.551054,6154.307891,6123.123167,6091.996757,6060.928511,6029.919568,5998.969481,5968.079009,5937.248352,5906.477682,5875.767174,5845.116670,5814.527369,5783.999284,5753.532587,5723.127587,5692.784413,5662.503748,5632.285598,5602.130249,5572.037427,5542.008316,5512.043071,5482.141237,5452.304147,5422.531128,5392.823231,5363.180145,5333.602781,5304.090601,5274.644719,5245.265146,5215.952073,5186.705365,5157.526156,5128.414105,5099.369879,5070.392915,5041.484711,5012.644959,4983.873815,4955.171599,4926.539273,4897.976658,4869.483525,4841.061057,4812.708964,4784.427678,4756.216718,4728.077948,4700.010925,4672.015313,4644.092450,4616.242050,4588.464578,4560.759925,4533.129110,4505.571912,4478.088571,4450.679016,4423.344707,4396.085090,4368.900679,4341.791694,4314.758240,4287.801035,4260.920113,4234.115257,4207.387571,4180.737143,4154.164164,4127.668701,4101.251516,4074.912621,4048.651771,4022.469785,3996.366831,3970.343984,3944.400794,3918.536937,3892.754045,3867.051583,3841.429822,3815.889377,3790.430333,3765.052267,3739.757146,3714.544164,3689.413628,3664.365932,3639.401687,3614.520649,3589.723073,3565.009397,3540.379558,3515.834989,3491.374231,3466.999572,3442.710262,3418.506241,3394.388158,3370.356075,3346.410306,3322.551918,3298.780447,3275.095841,3251.498666,3227.989671,3204.568796,3181.235352,3157.991284,3134.835862,3111.770388,3088.793441,3065.906802,3043.110218,3020.403837,2997.787913,2975.262773,2952.828377,2930.485225,2908.233767,2886.074582,2864.007011,2842.031306,2820.149289,2798.359875,2776.663843,2755.060774,2733.551546,2712.136044,2690.815020,2669.588132,2648.455684,2627.418599,2606.476253,2585.629320,2564.878389,2544.223241,2523.664398,2503.201953,2482.836051,2462.567204,2442.395643,2422.320741,2402.343532,2382.464523,2362.683522,2343.001055,2323.417134,2303.932352,2284.546535,2265.258961,2246.071979,2226.983601,2207.996319,2189.109111,2170.321858,2151.635537,2133.049804,2114.565177,2096.182266,2077.900631,2059.720319,2041.642750,2023.667124,2005.794231,1988.023926,1970.355725,1952.791222,1935.329366,1917.970982,1900.716721,1883.565900,1866.519714,1849.578408,1832.740829,1816.008064,1799.379785,1782.856915,1766.438995,1750.127077,1733.920595,1717.820277,1701.825710,1685.937323,1670.154372,1654.479133,1638.910167,1623.448200,1608.093728,1592.846766,1577.707312,1562.675181,1547.751714,1532.935942,1518.228923,1503.630566,1489.140833,1474.759870,1460.486966,1446.324280,1432.268272,1418.323762,1404.488251,1390.766493,1377.158018,1363.663826,1350.277302,1337.020513,1323.879582,1310.764890,1297.811454,1284.967503,1272.236901,1259.617618,1247.108936,1234.711344,1222.425716,1210.252216,1198.191247,1186.242021,1174.405004,1162.679822,1151.067327,1139.567362,1128.180008,1116.904791,1105.744088,1094.696205,1083.761423,1072.940233,1062.232136,1051.638002,1041.157490,1030.790720,1020.538287,1010.399390,1000.374273,990.463841,980.667667,970.986704,961.419494,951.967070,942.629505,933.406573,924.298391,915.305635,906.427897,897.665515,889.017704,880.486001,872.069558,863.768993,855.584066,847.515097,839.561385,831.724121,824.002571,816.397254,808.908047,801.534858,794.277510,787.136670,780.112147,773.204321,766.413176,759.738222,753.180201,746.738806,740.413978,734.206135,728.115236,722.141159,716.283957,710.543824,704.920456,699.414396,694.025301,688.754032,683.599614,678.562571,673.642875,668.840058,664.155051,659.587582,655.137525,650.804986,646.590036,642.492794,638.512917,634.650626,630.905830,627.279266,623.769810,620.377980,617.104051,613.947799,610.909268,607.988387,605.185405,602.500275,599.932993,597.483277,595.151559,592.937797,590.841589,588.863268,587.003109,585.260566,583.635816,582.128834,580.739636,579.468222,578.314755,577.279211,576.361262,575.561061,574.878869,574.314269,573.867327,573.538445,573.327243,573.233838,573.257990,573.399726,573.659038,574.036034,574.530645,575.142986,575.872930,576.720365,577.685212,578.767411,579.967119,581.284408,582.718970,584.270945,585.940139,587.726502,589.630332,591.651127,593.789277,596.044472,598.416873,600.906412,603.512751,606.235872,609.075974,612.033136,615.107017,618.297614,621.604929,625.028828,628.569362,632.226596,636.000318,639.890483,643.897190,648.020099,652.259508,656.615215,661.086836,665.674670,670.378569,675.198232,680.134017,685.185575,690.353275,695.636393,701.035343,706.549745,712.179576,717.924890,723.785543,729.761664,735.852903,742.059511,748.381181,754.817676,761.369309,768.035514,774.816635,781.712477,788.722898,795.848109,803.087565,810.441680,817.909906,825.492590,833.189162,840.999912,848.924974,856.963502,865.115874,873.382014,881.761893,890.255121,898.861945,907.582068,916.416072,925.362819,934.422417,943.595232,952.881001,962.279545,971.790978,981.414938,991.151379,1001.000092,1010.961193,1021.034428,1031.220180,1041.517850,1051.927503,1062.448977,1073.082063,1083.826927,1094.683387,1105.651087,1116.730109,1127.920095,1139.221526,1150.633820,1162.157077,1173.791408,1185.536126,1197.391623,1209.357498,1221.433670,1233.620085,1245.916690,1258.323215,1270.840256,1283.466686,1296.202819,1309.048707,1322.003897
8102.272754,8068.599837,8034.967210,8001.374463,7967.823430,7934.312721,7900.844011,7867.416977,7834.031549,7800.687916,7767.386150,7734.127739,7700.912074,7667.739014,7634.609670,7601.523860,7568.481761,7535.483521,7502.529826,7469.620481,7436.755943,7403.936284,7371.161933,7338.433088,7305.749953,7273.112909,7240.521824,7207.977566,7175.479659,7143.028701,7110.625535,7078.269715,7045.961102,7013.701464,6981.489688,6949.326805,6917.212767,6885.147717,6853.131769,6821.165767,6789.249368,6757.383369,6725.567346,6693.801964,6662.087947,6630.425050,6598.813665,6567.253614,6535.745925,6504.290094,6472.887065,6441.536695,6410.239594,6378.995808,6347.805246,6316.668898,6285.586231,6254.558400,6223.585087,6192.666863,6161.803831,6130.996275,6100.244129,6069.548345,6038.908855,6008.326072,5977.799350,5947.330228,5916.918295,5886.563693,5856.267742,5826.029720,5795.850350,5765.729794,5735.668380,5705.666293,5675.723174,5645.840308,5616.017876,5586.255621,5556.554352,5526.914083,5497.334930,5467.817502,5438.361915,5408.968185,5379.636915,5350.368541,5321.162915,5292.020758,5262.941709,5233.926698,5204.975987,5176.089657,5147.267328,5118.510476,5089.818922,5061.192371,5032.631929,5004.137853,4975.709933,4947.348810,4919.054066,4890.827171,4862.667223,4834.575647,4806.551344,4778.596201,4750.709630,4722.891696,4695.143361,4667.464309,4639.854455,4612.315553,4584.847021,4557.448711,4530.121693,4502.865227,4475.680842,4448.568035,4421.527756,4394.559439,4367.663973,4340.841582,4314.092407,4287.416271,4260.814458,4234.286842,4207.833607,4181.455040,4155.151180,4128.922706,4102.769816,4076.692211,4050.691212,4024.766667,3998.918790,3973.147741,3947.453647,3921.836878,3896.298483,3870.837811,3845.455749,3820.151912,3794.927433,3769.782035,3744.716327,3719.730328,3694.823844,3669.998279,3645.253576,3620.589860,3596.007285,3571.506025,3547.086753,3522.749335,3498.494272,3474.321210,3450.231782,3426.224782,3402.301890,3378.462812,3354.707261,3331.036429,3307.449867,3283.948211,3260.531090,3237.199918,3213.954567,3190.794951,3167.721144,3144.734254,3121.833912,3099.019985,3076.293636,3053.655136,3031.104253,3008.641567,2986.267482,2963.982069,2941.785495,2919.678075,2897.659856,2875.731289,2853.892718,2832.144243,2810.486451,2788.919403,2767.442943,2746.058272,2724.765214,2703.564168,2682.454784,2661.437071,2640.512668,2619.681333,2598.942409,2578.296899,2557.745182,2537.287200,2516.923103,2496.653916,2476.478717,2456.398611,2436.413319,2416.523659,2396.729858,2377.031166,2357.428285,2337.922048,2318.512230,2299.199454,2279.983869,2260.865492,2241.844693,2222.920583,2204.095501,2185.367523,2166.738854,2148.209006,2129.777444,2111.445268,2093.212207,2075.078721,2057.044986,2039.111535,2021.277643,2003.545043,1985.912820,1968.381869,1950.951669,1933.622520,1916.394852,1899.269197,1882.245181,1865.323653,1848.504102,1831.787987,1815.174874,1798.663726,1782.256234,1765.951686,1749.751110,1733.654610,1717.661818,1701.773292,1685.989533,1670.309535,1654.734177,1639.264272,1623.899516,1608.639825,1593.485607,1578.437260,1563.495397,1548.658930,1533.929284,1519.306729,1504.790060,1490.380332,1476.078612,1461.884118,1447.796332,1433.816008,1419.942532,1406.176871,1392.519199,1378.972714,1365.541528,1352.217352,1338.999605,1325.913876,1312.906959,1300.001798,1287.214907,1274.535598,1261.967761,1249.510422,1237.161825,1224.923092,1212.794356,1200.776650,1188.869939,1177.073772,1165.388284,1153.812936,1142.349016,1130.996054,1119.754830,1108.623842,1097.605957,1086.699589,1075.905099,1065.222473,1054.651836,1044.193774,1033.847659,1023.614240,1013.493405,1003.485252,993.589263,983.806675,974.137004,964.581209,955.137894,945.808024,936.591778,927.488721,918.499191,909.623799,900.862143,892.214624,883.680297,875.260743,866.955443,858.764646,850.688245,842.726490,834.878910,827.146480,819.528546,812.025630,804.637622,797.364309,790.205891,783.162670,776.234587,769.421998,762.724941,756.142968,749.676726,743.325775,737.090630,730.970979,724.967471,719.079497,713.307281,707.650921,702.110428,696.686040,691.377594,686.185752,681.109742,676.150038,671.306613,666.579008,661.968155,657.473749,653.095849,648.834284,644.689328,640.661057,636.749141,632.953737,629.274914,625.713283,622.267763,618.938969,615.726918,612.631654,609.653032,606.791312,604.046424,601.418512,598.907346,596.512894,594.235478,592.075102,590.031357,588.104578,586.295055,584.602224,583.026305,581.567251,580.224998,578.999828,577.891684,576.900522,576.026030,575.268549,574.628147,574.104537,573.697834,573.408051,573.235264,573.179518,573.240515,573.418225,573.712698,574.124048,574.652212,575.297408,576.059217,576.937865,577.933084,579.044848,580.273487,581.618869,583.080709,584.659279,586.354262,588.165698,590.093861,592.138252,594.299241,596.576716,598.970428,601.480673,604.107007,606.849417,609.708115,612.683164,615.774209,618.981288,622.304501,625.743560,629.298578,632.969637,636.756504,640.659164,644.677712,648.811856,653.061770,657.427384,661.908423,666.504752,671.216664,676.043719,680.986277,686.044016,691.217394,696.505429,701.908656,707.426770,713.059745,718.807629,724.670267,730.647794,736.739864,742.946733,749.268096,755.703721,762.253926,768.918147,775.696758,782.589495,789.596292,796.717340,803.952098,811.300984,818.763582,826.339859,834.029631,841.833158,849.750301,857.780493,865.924031,874.180825,882.550867,891.033763,899.629766,908.338671,917.160796,926.095210,935.142127,944.301726,953.573811,962.958205,972.455113,982.063996,991.784863,1001.617570,1011.562247,1021.618613,1031.787186,1042.066978,1052.458449,1062.961310,1073.575620,1084.300750,1095.137321,1106.084714,1117.143012,1128.311863,1139.591750,1150.982093,1162.482996,1174.094573,1185.816141,1197.648092,1209.590032,1221.641881,1233.803586,1246.075100,1258.456155,1270.947349,1283.547559,1296.257101,1309.076031,1322.003897
7982.761664,7949.715123,7916.707064,7883.738754,7850.810077,7817.920205,7785.070800,7752.261555,7719.492170,7686.763469,7654.075865,7621.429534,7588.824533,7556.261102,7523.739189,7491.258995,7458.821734,7426.426607,7394.074488,7361.765111,7329.499244,7297.277187,7265.098973,7232.964736,7200.874663,7168.829095,7136.828262,7104.872416,7072.961872,7041.096835,7009.277350,6977.504117,6945.777232,6914.096560,6882.462844,6850.875816,6819.335574,6787.843352,6756.399032,6725.002644,6693.654911,6662.355554,6631.105049,6599.903465,6568.751533,6537.649197,6506.595946,6475.593331,6444.641053,6413.739727,6382.889306,6352.089808,6321.341964,6290.645841,6260.001679,6229.409683,6198.870238,6168.383243,6137.949299,6107.568339,6077.241483,6046.968508,6016.749434,5986.584962,5956.475085,5926.419779,5896.419966,5866.475631,5836.586999,5806.754069,5776.977455,5747.257610,5717.594249,5687.988297,5658.439259,5628.947797,5599.514385,5570.139509,5540.823087,5511.564770,5482.365733,5453.226339,5424.146013,5395.126019,5366.166140,5337.266562,5308.427749,5279.649885,5250.933090,5222.277759,5193.684423,5165.152897,5136.683667,5108.277061,5079.933685,5051.653499,5023.436584,4995.283364,4967.194440,4939.169736,4911.209187,4883.313938,4855.483981,4827.719074,4800.019740,4772.386629,4744.819891,4717.319836,4689.886170,4662.520124,4635.221696,4607.990638,4580.827893,4553.733373,4526.706622,4499.749611,4472.861423,4446.042510,4419.293793,4392.614801,4366.006285,4339.467963,4313.000717,4286.604162,4260.279408,4234.026349,4207.845574,4181.737028,4155.700886,4129.737236,4103.847116,4078.030563,4052.287708,4026.618399,4001.023775,3975.503645,3950.057948,3924.687859,3899.393076,3874.173956,3849.030910,3823.963755,3798.973532,3774.059632,3749.222201,3724.463313,3699.781824,3675.178495,3650.653395,3626.205951,3601.837517,3577.548480,3553.339213,3529.209795,3505.160040,3481.190298,3457.301173,3433.492951,3409.764893,3386.118850,3362.554075,3339.071689,3315.671206,3292.353432,3269.118143,3245.965570,3222.896581,3199.911212,3177.009081,3154.190984,3131.457781,3108.809353,3086.245469,3063.766721,3041.373382,3019.065385,2996.843969,2974.708397,2952.659573,2930.697537,2908.823030,2887.035208,2865.335816,2843.723249,2822.199813,2800.763622,2779.416669,2758.159052,2736.990428,2715.910302,2694.920995,2674.021652,2653.212648,2632.493926,2611.865512,2591.328349,2570.883003,2550.528490,2530.266044,2510.095766,2490.017429,2470.031702,2450.138874,2430.339291,2410.632837,2391.019911,2371.500833,2352.075909,2332.745247,2313.508462,2294.366548,2275.319883,2256.368586,2237.513251,2218.753236,2200.089445,2181.521119,2163.049820,2144.674423,2126.396742,2108.216432,2090.132705,2072.147353,2054.259311,2036.469210,2018.777786,2001.184413,1983.690225,1966.295312,1948.998934,1931.802944,1914.705688,1897.708393,1880.811364,1864.014673,1847.317712,1830.722064,1814.227425,1797.834539,1781.542733,1765.352043,1749.263194,1733.276146,1717.391287,1701.609055,1685.929321,1670.352634,1654.878914,1639.507819,1624.239478,1609.075556,1594.015309,1579.058750,1564.205906,1549.458534,1534.815823,1520.276673,1505.843939,1491.515415,1477.292553,1463.175899,1449.164689,1435.258813,1421.459055,1407.764797,1394.176171,1380.694098,1367.321911,1354.060624,1340.908172,1327.860926,1314.937354,1302.111886,1289.365763,1276.743052,1264.226869,1251.819511,1239.521207,1227.331445,1215.249629,1203.275997,1191.412023,1179.657808,1168.012653,1156.476870,1145.049559,1133.732023,1122.524656,1111.427421,1100.438715,1089.561887,1078.795493,1068.139413,1057.593879,1047.159011,1036.835260,1026.622162,1016.520420,1006.529928,996.650865,986.882495,977.226442,967.681683,958.249649,948.928802,939.720107,930.623751,921.639194,912.767253,904.007792,895.360946,886.826980,878.404960,870.096468,861.900993,853.818790,845.849759,837.994157,830.251518,822.622822,815.107422,807.705732,800.417988,793.243646,786.182860,779.236427,772.403807,765.685523,759.081558,752.591655,746.216282,739.955117,733.808377,727.776349,721.859193,716.056477,710.368478,704.795185,699.336640,693.992969,688.764545,683.651456,678.653142,673.770007,669.001933,664.349001,659.811658,655.389681,651.083181,646.891990,642.816388,638.856460,635.011878,631.282724,627.669323,624.172086,620.789882,617.523489,614.372855,611.338056,608.418890,605.615704,602.928385,600.357128,597.901663,595.561981,593.338467,591.230979,589.239219,587.363539,585.604211,583.960477,582.433162,581.021434,579.726005,578.546594,577.483337,576.536097,575.704870,574.989697,574.390756,573.907799,573.540838,573.289999,573.155331,573.136934,573.234359,573.447736,573.777027,574.222484,574.783977,575.461580,576.255129,577.164634,578.189986,579.331112,580.588349,581.961569,583.450491,585.055394,586.775964,588.612248,590.564523,592.632323,594.815942,597.115377,599.530286,602.061041,604.707180,607.468629,610.345798,613.338562,616.446636,619.670081,623.008897,626.462996,630.032341,633.717064,637.516970,641.431974,645.462192,649.607389,653.867716,658.243107,662.733274,667.338157,672.057941,676.892409,681.841487,686.905361,692.084096,697.376972,702.784498,708.306206,713.942315,719.692601,725.557133,731.535979,737.628814,743.835840,750.156816,756.591492,763.140193,769.802357,776.578362,783.467948,790.471054,797.587875,804.817872,812.161470,819.618248,827.188193,834.871139,842.667272,850.576537,858.598345,866.732995,874.980404,883.340646,891.813221,900.398229,909.095787,917.906086,926.828195,935.862334,945.008683,954.267051,963.637265,973.119534,982.713320,992.418636,1002.235342,1012.163571,1022.203047,1032.354290,1042.616314,1052.989584,1063.473812,1074.069064,1084.774711,1095.591379,1106.518450,1117.556013,1128.703716,1139.962047,1151.330429,1162.808969,1174.397784,1186.096193,1197.904593,1209.822590,1221.850110,1233.987102,1246.233521,1258.589102,1271.054447,1283.628434,1296.311385,1309.103355,1322.003897
7866.070981,7833.631184,7801.228944,7768.864418,7736.537437,7704.249475,7671.999928,7639.789241,7607.617465,7575.484709,7543.391729,7511.338060,7479.324399,7447.350607,7415.418083,7383.526082,7351.675155,7319.865444,7288.097010,7256.369397,7224.684135,7193.041087,7161.440381,7129.882503,7098.367183,7066.895120,7035.466630,7004.081611,6972.740173,6941.442758,6910.189600,6878.980937,6847.817422,6816.698961,6785.625805,6754.598202,6723.616284,6692.680544,6661.791111,6630.947198,6600.151147,6569.402164,6538.700327,6508.046242,6477.439808,6446.881492,6416.371381,6385.909648,6355.497280,6325.133706,6294.819427,6264.554900,6234.340199,6204.176034,6174.061790,6143.998723,6113.986450,6084.025526,6054.116066,6024.258335,5994.452446,5964.698966,5934.997575,5905.349357,5875.754091,5846.212298,5816.723887,5787.289537,5757.909065,5728.583043,5699.311868,5670.095767,5640.934435,5611.828871,5582.778759,5553.784611,5524.847065,5495.965794,5467.141503,5438.374437,5409.664589,5381.012182,5352.417013,5323.880597,5295.402980,5266.984177,5238.624478,5210.324074,5182.083237,5153.902102,5125.781233,5097.720471,5069.720363,5041.781370,5013.903767,4986.087266,4958.332790,4930.640558,4903.010466,4875.442971,4847.938620,4820.497259,4793.119158,4765.805208,4738.555190,4711.369446,4684.247749,4657.191533,4630.200177,4603.274357,4576.414070,4549.619909,4522.892343,4496.230770,4469.636577,4443.109190,4416.648803,4390.256782,4363.932835,4337.676722,4311.489065,4285.370511,4259.320880,4233.341079,4207.430938,4181.590316,4155.820004,4130.120593,4104.491682,4078.933736,4053.447605,4028.032974,4002.689786,3977.419487,3952.221695,3927.096506,3902.044114,3877.065553,3852.160633,3827.329165,3802.572259,3777.889777,3753.281941,3728.749386,3704.292264,3679.909860,3655.604361,3631.374276,3607.221093,3583.144803,3559.145541,3535.222902,3511.378427,3487.611478,3463.922888,3440.312971,3416.781893,3393.329925,3369.956732,3346.662664,3323.449241,3300.315115,3277.262148,3254.289847,3231.398407,3208.588096,3185.859251,3163.211890,3140.646982,3118.164248,3095.763811,3073.446058,3051.211699,3029.061243,3006.994141,2985.010548,2963.111297,2941.296217,2919.566519,2897.921878,2876.361840,2854.888317,2833.500453,2812.198029,2790.982808,2769.854082,2748.812570,2727.856999,2706.989494,2686.210266,2665.518308,2644.914293,2624.399508,2603.973587,2583.636422,2563.388553,2543.229786,2523.161574,2503.183134,2483.294501,2463.497153,2443.790226,2424.174430,2404.649932,2385.217056,2365.876141,2346.626980,2327.470372,2308.406454,2289.435333,2270.556631,2251.771342,2233.080025,2214.482659,2195.979134,2177.570119,2159.255559,2141.035073,2122.910244,2104.879843,2086.945725,2069.107535,2051.364499,2033.718339,2016.168096,1998.714407,1981.357983,1964.098327,1946.936068,1929.871645,1912.904714,1896.036422,1879.265737,1862.593202,1846.019688,1829.544983,1813.169210,1796.892897,1780.716167,1764.640003,1748.663257,1732.786262,1717.009365,1701.333405,1685.758942,1670.284801,1654.911988,1639.641211,1624.470879,1609.401968,1594.435998,1579.572134,1564.809736,1550.150490,1535.594535,1521.141736,1506.791874,1492.545282,1478.403021,1464.363987,1450.429017,1436.598861,1422.872806,1409.250920,1395.733479,1382.319778,1369.010928,1355.810414,1342.717331,1329.733812,1316.859006,1304.095709,1291.449583,1278.855970,1266.394842,1254.039800,1241.790355,1229.650141,1217.616578,1205.689099,1193.869062,1182.156695,1170.553101,1159.056908,1147.668732,1136.387787,1125.215183,1114.151457,1103.196412,1092.348525,1081.611293,1070.982895,1060.463345,1050.053524,1039.752650,1029.561781,1019.480070,1009.508484,999.646805,989.895227,980.253100,970.722119,961.300903,951.991139,942.791440,933.702424,924.724761,915.857383,907.101603,898.456938,889.923648,881.502111,873.191074,864.992449,856.905622,848.930865,841.068056,833.317442,825.678685,818.152639,810.738708,803.437268,796.248683,789.172297,782.208308,775.357422,768.619395,761.994468,755.482724,749.083911,742.798448,736.626163,730.567115,724.621799,718.790171,713.071893,707.467094,701.976073,696.598865,691.335314,686.185944,681.150784,676.229322,671.422236,666.728944,662.149896,657.685340,653.335124,649.099399,644.977876,640.970993,637.078816,633.300958,629.637538,626.088999,622.655424,619.335948,616.131395,613.041690,610.066803,607.206613,604.461430,601.831189,599.316059,596.915807,594.630438,592.460299,590.405276,588.465090,586.640226,584.930486,583.335801,581.856298,580.491766,579.242475,578.108440,577.089688,576.186070,575.397615,574.724501,574.166558,573.723871,573.396425,573.184170,573.087296,573.105824,573.239470,573.488129,573.852064,574.331252,574.925800,575.635675,576.460522,577.400639,578.455890,579.626104,580.911741,582.312495,583.828284,585.459243,587.205217,589.066188,591.042291,593.133260,595.339327,597.660429,600.096426,602.647497,605.313221,608.093616,610.988972,613.999302,617.124244,620.363867,623.718187,627.187008,630.770637,634.468871,638.281633,642.208841,646.250618,650.406732,654.677338,659.062375,663.561559,668.174825,672.902267,677.744017,682.699640,687.769452,692.953471,698.251135,703.662802,709.188060,714.827142,720.579801,726.446031,732.426213,738.519831,744.726827,751.047335,757.481167,764.028106,770.688140,777.461468,784.347835,791.347184,798.459713,805.684884,813.023135,820.474040,828.037506,835.713631,843.502344,851.403695,859.417056,867.542772,875.780749,884.131067,892.593226,901.167332,909.853506,918.651960,927.561709,936.583035,945.716102,954.960723,964.316756,973.784327,983.362988,993.052728,1002.853409,1012.765167,1022.787730,1032.921719,1043.165857,1053.520882,1063.986553,1074.562687,1085.248810,1096.045559,1106.952295,1117.969109,1129.095653,1140.332417,1151.678829,1163.135094,1174.701040,1186.376348,1198.161125,1210.055174,1222.058359,1234.170632,1246.391952,1258.722056,1271.161549,1283.709312,1296.365669,1309.130679,1322.003897
7752.076943,7720.225137,7688.409055,7656.630265,7624.888228,7593.183269,7561.515586,7529.885371,7498.292488,7466.738010,7435.221458,7403.743752,7372.304344,7340.903533,7309.542340,7278.220061,7246.937330,7215.694253,7184.491671,7153.329459,7122.207748,7091.126330,7060.085841,7029.087132,6998.129733,6967.214308,6936.340744,6905.509613,6874.720929,6843.974749,6813.271687,6782.611801,6751.995375,6721.422211,6690.893282,6660.408550,6629.968220,6599.572314,6569.221313,6538.915553,6508.655468,6478.440881,6448.271965,6418.148623,6388.072367,6358.042984,6328.060398,6298.125054,6268.236707,6238.396354,6208.603750,6178.859492,6149.163330,6119.515374,6089.916679,6060.367342,6030.867822,6001.417783,5972.017646,5942.668043,5913.368959,5884.120385,5854.923013,5825.776727,5796.682254,5767.639167,5738.648576,5709.710320,5680.824419,5651.991628,5623.211819,5594.485231,5565.812555,5537.193884,5508.629409,5480.118938,5451.663773,5423.263065,5394.918059,5366.628604,5338.394546,5310.216967,5282.095736,5254.031126,5226.022798,5198.071839,5170.178120,5142.342220,5114.564805,5086.845644,5059.184927,5031.583098,5004.040344,4976.556726,4949.132754,4921.768883,4894.465109,4867.221469,4840.038811,4812.917194,4785.856731,4758.857542,4731.920736,4705.045846,4678.233156,4651.483539,4624.796690,4598.173180,4571.612620,4545.116372,4518.683926,4492.315905,4466.012331,4439.774165,4413.601186,4387.493497,4361.451702,4335.475566,4309.565539,4283.722308,4257.946359,4232.236864,4206.595235,4181.021286,4155.515237,4130.077726,4104.708723,4079.408657,4054.177655,4029.016135,4003.924210,3978.902356,3953.950669,3929.069569,3904.259137,3879.519595,3854.851807,3830.255770,3805.731604,3781.279583,3756.900308,3732.593675,3708.359513,3684.199184,3660.112739,3636.100245,3612.161731,3588.297338,3564.508076,3540.793386,3517.154496,3493.591401,3470.103407,3446.692281,3423.357700,3400.099549,3376.918074,3353.814267,3330.788255,3307.839818,3284.968881,3262.177384,3239.463761,3216.829642,3194.274641,3171.799289,3149.403568,3127.088004,3104.852690,3082.698156,3060.623972,3038.631359,3016.719551,2994.889554,2973.141758,2951.476529,2929.893451,2908.393291,2886.974972,2865.641573,2844.391588,2823.225429,2802.142442,2781.144891,2760.231223,2739.403297,2718.660397,2698.003217,2677.431130,2656.944806,2636.545826,2616.232943,2596.005871,2575.867305,2555.815530,2535.851157,2515.975321,2496.186846,2476.486802,2456.875953,2437.353492,2417.920483,2398.576678,2379.322782,2360.158394,2341.084053,2322.100795,2303.207673,2284.405535,2265.694792,2247.075593,2228.547146,2210.110761,2191.767118,2173.515764,2155.356977,2137.291298,2119.318239,2101.438739,2083.653059,2065.960326,2048.362671,2030.859374,2013.449972,1996.135856,1978.916358,1961.792066,1944.763648,1927.830813,1910.993985,1894.253524,1877.609218,1861.061889,1844.610651,1828.256979,1812.000595,1795.841257,1779.780237,1763.816752,1747.952314,1732.186261,1716.517925,1700.948583,1685.478136,1670.107470,1654.835751,1639.664374,1624.592841,1609.621236,1594.748908,1579.977519,1565.307077,1550.737187,1536.267874,1521.900309,1507.635363,1493.471515,1479.408884,1465.449862,1451.591637,1437.836680,1424.185252,1410.636076,1397.189793,1383.846542,1370.606010,1357.467588,1344.436484,1331.510555,1318.695313,1305.982044,1293.378388,1280.890180,1268.470037,1256.168773,1243.971694,1231.879815,1219.894741,1208.015245,1196.240696,1184.571935,1173.009185,1161.554392,1150.205260,1138.963107,1127.827022,1116.797517,1105.875376,1095.060742,1084.352238,1073.752513,1063.260300,1052.876248,1042.600108,1032.431843,1022.372137,1012.420375,1002.577421,992.842829,983.217569,973.700147,964.292784,954.993832,945.805009,936.725042,927.754510,918.894107,910.142709,901.501696,892.970539,884.549602,876.239218,868.038027,859.948090,851.968655,844.100291,836.342591,828.695905,821.159899,813.735434,806.421918,799.219733,792.129249,785.149890,778.281641,771.525429,764.880931,758.348439,751.927994,745.619377,739.422828,733.338633,727.366571,721.506969,715.759904,710.125296,704.603099,699.193589,693.896795,688.712601,683.641534,678.683633,673.838341,669.106485,664.487279,659.981429,655.588984,651.309984,647.144235,643.091802,639.153014,635.327942,631.616152,628.017823,624.533443,621.163157,617.905919,614.762667,611.733341,608.817784,606.015963,603.328358,600.754696,598.295219,595.949703,593.718149,591.600918,589.597919,587.708786,585.934129,584.273786,582.727551,581.295583,579.977796,578.774345,577.685288,576.710749,575.850316,575.104290,574.472766,573.955587,573.552819,573.264476,573.090505,573.031394,573.086353,573.255771,573.539516,573.937717,574.450384,575.077627,575.819418,576.675407,577.645909,578.730687,579.929826,581.243561,582.671665,584.214058,585.870883,587.641878,589.527360,591.527139,593.641064,595.869320,598.212004,600.668824,603.240018,605.925167,608.724295,611.637757,614.665422,617.806975,621.062650,624.432310,627.915812,631.513451,635.225045,639.050477,642.989895,647.042979,651.209872,655.490624,659.885178,664.393276,669.014789,673.749883,678.598674,683.560728,688.636430,693.825614,699.127910,704.543617,710.072327,715.714277,721.469225,727.337168,733.318492,739.412685,745.619692,751.939652,758.372379,764.917663,771.575496,778.346074,785.229122,792.224846,799.332756,806.553183,813.886003,821.330952,828.887969,836.557108,844.338494,852.231745,860.236623,868.353359,876.582049,884.922209,893.373910,901.937075,910.611825,919.398378,928.295724,937.304230,946.423983,955.654825,964.996618,974.449492,984.013001,993.687139,1003.471769,1013.367033,1023.372660,1033.489277,1043.715887,1054.052393,1064.499396,1075.056438,1085.723047,1096.499863,1107.386250,1118.382302,1129.487675,1140.702862,1152.027292,1163.461236,1175.004342,1186.656476,1198.417687,1210.287782,1222.266627,1234.354177,1246.550394,1258.855018,1271.268656,1283.790193,1296.419955,1309.158003,1322.003897
7640.668774,7609.387264,7578.140927,7546.930125,7515.754539,7484.614888,7453.511084,7422.443911,7391.413124,7360.419028,7329.461828,7298.541747,7267.659482,7236.814973,7206.008088,7175.239559,7144.508870,7113.817243,7083.164410,7052.550170,7021.975700,6991.440045,6960.944877,6930.489190,6900.074032,6869.699422,6839.364652,6809.071295,6778.818763,6748.607293,6718.438304,6688.310983,6658.226043,6628.183239,6598.183139,6568.225579,6538.311225,6508.440218,6478.612882,6448.829345,6419.089843,6389.394385,6359.743478,6330.137602,6300.576680,6271.060538,6241.589721,6212.165600,6182.787382,6153.455443,6124.170035,6094.930974,6065.739384,6036.595081,6007.498318,5978.449019,5949.447524,5920.494742,5891.590579,5862.735346,5833.928465,5805.171297,5776.464061,5747.806669,5719.199085,5690.642164,5662.135720,5633.680125,5605.275444,5576.922302,5548.621114,5520.371857,5492.174793,5464.029866,5435.937933,5407.898987,5379.913193,5351.980592,5324.102183,5296.277880,5268.507220,5240.791815,5213.130866,5185.525428,5157.975388,5130.480986,5103.041903,5075.659364,5048.333543,5021.064305,4993.852074,4966.696925,4939.599325,4912.559880,4885.578269,4858.655193,4831.790642,4804.985194,4778.238928,4751.551722,4724.924564,4698.357285,4671.850343,4645.403877,4619.018473,4592.693930,4566.430624,4540.229065,4514.089450,4488.012346,4461.996942,4436.045091,4410.155773,4384.329921,4358.567767,4332.869710,4307.235700,4281.666147,4256.161463,4230.721441,4205.346601,4180.037629,4154.794087,4129.616756,4104.505687,4079.461500,4054.484169,4029.574436,4004.732006,3979.957540,3955.251079,3930.612933,3906.043314,3881.542792,3857.111501,3832.749639,3808.457660,3784.235169,3760.082825,3736.001724,3711.991573,3688.052583,3664.184818,3640.388574,3616.664693,3593.012217,3569.433214,3545.927047,3522.493321,3499.133673,3475.847239,3452.635071,3429.496820,3406.432797,3383.444063,3360.530766,3337.692682,3314.930020,3292.243169,3269.632473,3247.098428,3224.640669,3202.260351,3179.956974,3157.731862,3135.584204,3113.514863,3091.523936,3069.611800,3047.778624,3026.024308,3004.349900,2982.754636,2961.239806,2939.804666,2918.450939,2897.177207,2875.985130,2854.874925,2833.845683,2812.897897,2792.033453,2771.251375,2750.552015,2729.934076,2709.400993,2688.951368,2668.585860,2648.304245,2628.107016,2607.993842,2587.965726,2568.023302,2548.165160,2528.393887,2508.708251,2489.108952,2469.596276,2450.169741,2430.830528,2411.578962,2392.414290,2373.337826,2354.349547,2335.449333,2316.637461,2297.914247,2279.280542,2260.735734,2242.280770,2223.915656,2205.640272,2187.455031,2169.360211,2151.356774,2133.444271,2115.622983,2097.893331,2080.255196,2062.709017,2045.255353,2027.893567,2010.625371,1993.449924,1976.367449,1959.378585,1942.483096,1925.681759,1908.974473,1892.361946,1875.843668,1859.420381,1843.092649,1826.859768,1810.721916,1794.680636,1778.734779,1762.884907,1747.132037,1731.475840,1715.916931,1700.455019,1685.089701,1669.821826,1654.651624,1639.580384,1624.606314,1609.731218,1594.955109,1580.276591,1565.697074,1551.216851,1536.836415,1522.554826,1508.373399,1494.293173,1480.312849,1466.432084,1452.652937,1438.974166,1425.396682,1411.920361,1398.546144,1385.272819,1372.101981,1359.030903,1346.061432,1333.198168,1320.437202,1307.784020,1295.232536,1282.792197,1270.472901,1258.206224,1246.062691,1234.022038,1222.085418,1210.253415,1198.526368,1186.902307,1175.383199,1163.968821,1152.660145,1141.456691,1130.358411,1119.365434,1108.477028,1097.695159,1087.019159,1076.448138,1065.984542,1055.627200,1045.376700,1035.232784,1025.195661,1015.265518,1005.442033,995.726392,986.117737,976.616627,967.222978,957.937707,948.759611,939.690472,930.728860,921.875451,913.131034,904.494363,895.966861,887.547958,879.238174,871.037695,862.945219,854.962809,847.089721,839.326454,831.672829,824.128981,816.694602,809.370505,802.156576,795.052624,788.059173,781.175844,774.402435,767.739940,761.188046,754.747030,748.416937,742.197665,736.089263,730.092248,724.206161,718.431547,712.768386,707.216558,701.776114,696.447299,691.229998,686.124486,681.131062,676.249685,671.479895,666.822518,662.276775,657.843375,653.522374,649.313756,645.217367,641.233496,637.362337,633.603654,629.957385,626.423610,623.002925,619.695087,616.499613,613.417055,610.447561,607.590727,604.846947,602.216303,599.698778,597.294467,595.003206,592.825003,590.760244,588.808659,586.970319,585.245500,583.634013,582.135813,580.751011,579.479527,578.321522,577.277076,576.346247,575.528737,574.824777,574.234538,573.757716,573.394519,573.144961,573.009029,572.986985,573.078349,573.283224,573.601766,574.033938,574.579795,575.239456,576.012823,576.899808,577.900362,579.014448,580.242262,581.583809,583.039020,584.607803,586.290246,588.086208,589.995801,592.019041,594.155710,596.406000,598.770012,601.247514,603.838583,606.542970,609.360614,612.292025,615.336829,618.494922,621.766414,625.151252,628.649271,632.260771,635.985573,639.823566,643.774902,647.839263,652.016801,656.307550,660.711586,665.228388,669.858167,674.600657,679.456372,684.424744,689.506315,694.700452,700.007345,705.426938,710.959001,716.603700,722.360867,728.230433,734.212812,740.307583,746.514563,752.833761,759.265307,765.808828,772.464447,779.232176,786.111867,793.103702,800.207191,807.422671,814.750022,822.189048,829.739494,837.401616,845.175478,853.060699,861.057095,869.164734,877.383924,885.714071,894.155274,902.707457,911.371001,920.145360,929.030295,938.025919,947.132324,956.349356,965.676880,975.115028,984.663359,994.321868,1004.090423,1013.969170,1023.957906,1034.057062,1044.265844,1054.584092,1065.012410,1075.550343,1086.197421,1096.954290,1107.820314,1118.795592,1129.879782,1141.073379,1152.375818,1163.787371,1175.307690,1186.936642,1198.674281,1210.520415,1222.474914,1234.537737,1246.708847,1258.987987,1271.375768,1283.871076,1296.474241,1309.185328,1322.003897
7531.738878,7501.011201,7470.317405,7439.657492,7409.032587,7378.442374,7347.887225,7317.366696,7286.881578,7256.431903,7226.017943,7195.640475,7165.299293,7134.994575,7104.726339,7074.494870,7044.300900,7014.143790,6984.024158,6953.943065,6923.899345,6893.894500,6863.928089,6834.000025,6804.110818,6774.261394,6744.451415,6714.681037,6684.950629,6655.259655,6625.609761,6595.999921,6566.431104,6536.903623,6507.417381,6477.972904,6448.570057,6419.208798,6389.890431,6360.614319,6331.381062,6302.190970,6273.044119,6243.940753,6214.880939,6185.865276,6156.893830,6127.966849,6099.084110,6070.246112,6041.454010,6012.707285,5984.005985,5955.350550,5926.741607,5898.179262,5869.663617,5841.195000,5812.772506,5784.398480,5756.071995,5727.793661,5699.563132,5671.381473,5643.248520,5615.164572,5587.129387,5559.143845,5531.208392,5503.322808,5475.486882,5447.702198,5419.968352,5392.285317,5364.653717,5337.073485,5309.545403,5282.069414,5254.645781,5227.274722,5199.956087,5172.690963,5145.478896,5118.321004,5091.216784,5064.166752,5037.171482,5010.230950,4983.345423,4956.514163,4929.739457,4903.020414,4876.357594,4849.751081,4823.201224,4796.708108,4770.271611,4743.893223,4717.572340,4691.309535,4665.105052,4638.958690,4612.871254,4586.843125,4560.874190,4534.964769,4509.115299,4483.325922,4457.596465,4431.928419,4406.321345,4380.775061,4355.290433,4329.867693,4304.506598,4279.208105,4253.972446,4228.799799,4203.690156,4178.644139,4153.661966,4128.743126,4103.889271,4079.099962,4054.374979,4029.715268,4005.121204,3980.592164,3956.129935,3931.732960,3907.403144,3883.140238,3858.944537,3834.816143,3810.755163,3786.762211,3762.837369,3738.981168,3715.193499,3691.474908,3667.825535,3644.245153,3620.735494,3597.295972,3573.926747,3550.627945,3527.400210,3504.243614,3481.158860,3458.145179,3435.204444,3412.335826,3389.540105,3366.816961,3344.166241,3321.590022,3299.087429,3276.659130,3254.305145,3232.025579,3209.820557,3187.690870,3165.636309,3143.657811,3121.754861,3099.928835,3078.179172,3056.506390,3034.910543,3013.392189,2991.951693,2970.588983,2949.304197,2928.097755,2906.970059,2885.921449,2864.951789,2844.061701,2823.251327,2802.521228,2781.871916,2761.302276,2740.814208,2720.407609,2700.082330,2679.837702,2659.675455,2639.595832,2619.598914,2599.684800,2579.853420,2560.105369,2540.440349,2520.859997,2501.363322,2481.950597,2462.623137,2443.380861,2424.223278,2405.151417,2386.164808,2367.264641,2348.450369,2329.722795,2311.082077,2292.528130,2274.061393,2255.681573,2237.390181,2219.186416,2201.071095,2183.044316,2165.105854,2147.256491,2129.495992,2111.825803,2094.245070,2076.754348,2059.353906,2042.043687,2024.824119,2007.695538,1990.657884,1973.712514,1956.858392,1940.095959,1923.425859,1906.847908,1890.363092,1873.970525,1857.671800,1841.465943,1825.353760,1809.335839,1793.411175,1777.580910,1761.845242,1746.204207,1730.658151,1715.207314,1699.852060,1684.593003,1669.428668,1654.360459,1639.388455,1624.513798,1609.734781,1595.053786,1580.469586,1565.982401,1551.592533,1537.300070,1523.106178,1509.009499,1495.011618,1481.112946,1467.313561,1453.612637,1440.010568,1426.508504,1413.105782,1399.802998,1386.601114,1373.498650,1360.497000,1347.594750,1334.791188,1322.092521,1309.495579,1297.002170,1284.613587,1272.332647,1260.169820,1248.063171,1236.075043,1224.188980,1212.405401,1200.724951,1189.147954,1177.673081,1166.301686,1155.033209,1143.869496,1132.809811,1121.853556,1111.001615,1100.253270,1089.609587,1079.070735,1068.635869,1058.306405,1048.082253,1037.963845,1027.950597,1018.043040,1008.240942,998.544303,988.954455,979.470218,970.092350,960.820799,951.656115,942.597567,933.646708,924.802067,916.064618,907.434846,898.911666,890.496437,882.188621,873.988738,865.896983,857.912059,850.035962,842.268163,834.608958,827.058265,819.616220,812.282445,805.057768,797.942212,790.935485,784.038140,777.249697,770.570271,764.000550,757.540279,751.189835,744.949281,738.818426,732.797352,726.886439,721.085737,715.395179,709.815128,704.345291,698.985665,693.736913,688.598444,683.570832,678.654260,673.848703,669.153762,664.569873,660.097026,655.735517,651.485300,647.346456,643.318902,639.402863,635.598565,631.905771,628.324439,624.854621,621.496965,618.251191,615.116764,612.094492,609.184262,606.385761,603.699396,601.125250,598.663350,596.313685,594.076134,591.950886,589.938202,588.037655,586.249540,584.574188,583.010963,581.560496,580.222454,578.996837,577.883912,576.883690,575.996274,575.221212,574.558987,574.009650,573.572890,573.248970,573.037796,572.939519,572.954307,573.081708,573.321828,573.674852,574.140681,574.719442,575.411235,576.215967,577.133557,578.163968,579.307139,580.563290,581.932511,583.414528,585.009472,586.717290,588.537932,590.471529,592.517949,594.677173,596.949292,599.334467,601.832509,604.443171,607.166609,610.002620,612.951720,616.013517,619.187974,622.475143,625.874916,629.387375,633.012612,636.750442,640.600850,644.563960,648.639461,652.827563,657.128136,661.541442,666.066859,670.704676,675.454580,680.317103,685.291681,690.378860,695.578000,700.889328,706.312758,711.848076,717.495453,723.254723,729.126032,735.109196,741.204344,747.411171,753.729660,760.159947,766.701738,773.354932,780.119772,786.996039,793.983880,801.082921,808.293368,815.615214,823.048193,830.592155,838.247130,846.013415,853.890557,861.878391,869.976939,878.186562,886.506665,894.937317,903.478477,912.130521,920.892904,929.765392,938.748101,947.841127,957.044317,966.357542,975.780936,985.314061,994.956915,1004.709371,1014.571576,1024.543332,1034.625073,1044.816008,1055.115979,1065.525594,1076.044401,1086.671934,1097.408840,1108.254487,1119.208978,1130.271973,1141.443971,1152.724407,1164.113560,1175.611083,1187.216845,1198.930905,1210.753073,1222.683221,1234.721311,1246.867310,1259.120963,1271.482884,1283.951962,1296.528529,1309.212653,1322.003897
7425.190443,7395.000226,7364.843331,7334.719213,7304.628863,7274.571955,7244.548578,7214.559675,7184.605019,7154.684752,7124.799241,7094.948157,7065.132528,7035.351872,7005.607244,6975.898442,6946.225227,6916.588649,6886.988179,6857.424737,6827.897946,6798.408526,6768.956389,6739.541046,6710.164359,6680.825107,6651.523591,6622.261196,6593.037918,6563.853695,6534.708652,6505.603112,6476.536434,6447.510331,6418.523720,6389.577860,6360.672801,6331.808558,6302.985075,6274.203178,6245.462808,6216.764003,6188.107277,6159.492447,6130.920271,6102.390944,6073.904770,6045.461691,6017.062176,5988.706354,5960.394086,5932.125284,5903.902016,5875.723420,5847.589497,5819.500985,5791.457720,5763.460064,5735.508190,5707.602818,5679.743530,5651.930823,5624.165426,5596.446913,5568.776086,5541.152696,5513.577171,5486.050093,5458.571279,5431.141302,5403.760105,5376.427809,5349.144572,5321.911824,5294.729080,5267.596264,5240.514211,5213.482889,5186.502016,5159.572832,5132.695174,5105.869383,5079.095359,5052.373896,5025.704643,4999.088558,4972.525153,4946.015186,4919.558990,4893.156655,4866.808625,4840.514166,4814.275214,4788.091070,4761.962254,4735.888907,4709.871124,4683.909515,4658.004176,4632.155045,4606.362403,4580.627495,4554.949574,4529.329451,4503.767362,4478.263463,4452.817767,4427.430995,4402.102914,4376.834146,4351.624790,4326.475537,4301.386090,4276.356506,4251.388009,4226.480331,4201.633953,4176.848572,4152.125494,4127.463645,4102.864769,4078.328342,4053.854078,4029.443641,4005.096555,3980.812582,3956.593030,3932.437340,3908.345975,3884.319797,3860.358326,3836.462105,3812.631463,3788.866492,3765.167914,3741.535691,3717.970479,3694.471942,3671.040535,3647.676924,3624.380759,3601.152951,3577.993386,3554.901997,3531.879854,3508.926806,3486.043350,3463.229257,3440.485697,3417.811979,3395.208606,3372.676758,3350.215635,3327.826085,3305.508283,3283.261544,3261.087599,3238.986584,3216.958189,3195.002778,3173.120906,3151.312292,3129.577308,3107.916725,3086.330290,3064.819090,3043.382589,3022.021742,3000.736369,2979.526407,2958.393156,2937.335875,2916.355578,2895.451842,2874.625524,2853.876247,2833.204717,2812.610926,2792.095421,2771.659006,2751.300301,2731.021926,2710.822600,2690.702210,2670.662445,2650.702474,2630.822948,2611.024269,2591.306075,2571.669699,2552.114728,2532.641759,2513.249940,2493.940716,2474.714871,2455.570886,2436.509670,2417.532823,2398.639572,2379.829952,2361.104793,2342.463520,2323.907296,2305.435742,2287.049860,2268.749159,2250.534251,2232.405201,2214.361804,2196.405397,2178.535833,2160.752986,2143.057294,2125.448869,2107.928917,2090.495548,2073.151824,2055.896106,2038.729181,2021.650557,2004.662300,1987.762498,1970.952815,1954.232758,1937.603547,1921.064231,1904.615796,1888.258189,1871.991308,1855.816081,1839.732848,1823.741276,1807.841910,1792.034780,1776.320478,1760.698157,1745.169668,1729.733691,1714.391493,1699.143380,1683.988861,1668.929164,1653.963396,1639.091692,1624.314928,1609.633623,1595.047556,1580.556904,1566.162249,1551.863680,1537.660294,1523.553011,1509.542801,1495.628432,1481.811657,1468.092845,1454.471557,1440.947858,1427.520482,1414.192714,1400.962479,1387.830796,1374.798828,1361.865143,1349.030464,1336.293946,1323.655514,1311.119141,1298.683680,1286.349175,1274.118498,1262.007008,1249.993838,1238.039918,1226.204735,1214.471707,1202.838423,1191.307554,1179.878702,1168.551172,1157.326098,1146.201570,1135.180911,1124.263355,1113.447897,1102.734955,1092.124439,1081.617512,1071.214132,1060.913623,1050.717153,1040.624622,1030.636680,1020.752483,1010.973054,1001.297506,991.726367,982.260764,972.899551,963.643487,954.492526,945.447073,936.506854,927.672973,918.944117,910.321262,901.804827,893.393952,885.089856,876.891846,868.800683,860.816486,852.938001,845.167125,837.503361,829.947196,822.498335,815.156883,807.922797,800.796569,793.778363,786.867867,780.065604,773.371282,766.784739,760.306873,753.937325,747.676579,741.524628,735.481226,729.546701,723.721289,718.004852,712.397600,706.899759,701.511168,696.231762,691.062171,686.001840,681.051346,676.210866,671.480374,666.859571,662.348702,657.948032,653.657544,649.477553,645.407808,641.448490,637.599763,633.861619,630.234119,626.717129,623.310707,620.015664,616.831180,613.757393,610.794793,607.943298,605.202628,602.573160,600.055003,597.648259,595.352753,593.168513,591.095690,589.134462,587.284654,585.546324,583.919926,582.404726,581.001510,579.709705,578.529720,577.461463,576.505121,575.660712,574.927766,574.306890,573.798085,573.401087,573.115869,572.942968,572.882037,572.933254,573.096432,573.371533,573.758641,574.257903,574.869279,575.593025,576.428750,577.376713,578.436675,579.608640,580.892969,582.289560,583.798157,585.419064,587.151992,588.997091,590.954428,593.023770,595.205463,597.499233,599.905274,602.423552,605.053762,607.796064,610.650260,613.616872,616.695473,619.886140,623.188821,626.603450,630.130111,633.768901,637.519640,641.382316,645.357059,649.443559,653.642150,657.952357,662.374793,666.908699,671.554445,676.311641,681.180860,686.161531,691.254281,696.458259,701.773984,707.201053,712.739548,718.389494,724.150788,730.023542,736.007588,742.103052,748.309644,754.627345,761.056296,767.595971,774.246977,781.008858,787.881633,794.865452,801.959945,809.165321,816.481577,823.908453,831.445798,839.093697,846.852319,854.721318,862.700524,870.789951,878.989962,887.299903,895.720012,904.250125,912.890639,921.641092,930.501016,939.470776,948.550604,957.739707,967.038716,976.447214,985.965174,995.592280,1005.328612,1015.174252,1025.129007,1035.193311,1045.366378,1055.648054,1066.038948,1076.538613,1087.146583,1097.863512,1108.688770,1119.622392,1130.664248,1141.814635,1153.073060,1164.439803,1175.914521,1187.497087,1199.187560,1210.985756,1222.891548,1234.904901,1247.025784,1259.253946,1271.590005,1284.032851,1296.582818,1309.239978,1322.003897
7320.929215,7291.261978,7261.626647,7232.023571,7202.452940,7172.914667,7143.409237,7113.936756,7084.497501,7055.090978,7025.718726,6996.379967,6967.075634,6937.805569,6908.569602,6879.368593,6850.202227,6821.071413,6791.975913,6762.916035,6733.891956,6704.903441,6675.951628,6647.035783,6618.156720,6589.314946,6560.509878,6531.742312,6503.012665,6474.320312,6445.665957,6417.050447,6388.472853,6359.934172,6331.434779,6302.973873,6274.553174,6246.171782,6217.830410,6189.529365,6161.268679,6133.048581,6104.868915,6076.730698,6048.633453,6020.577738,5992.564095,5964.592483,5936.662922,5908.775884,5880.930856,5853.129490,5825.371516,5797.656672,5769.985085,5742.358194,5714.775310,5687.237021,5659.743238,5632.294147,5604.890601,5577.532460,5550.219771,5522.952155,5495.731522,5468.557325,5441.429941,5414.349231,5387.315893,5360.329831,5333.391543,5306.501157,5279.658926,5252.864810,5226.119652,5199.423013,5172.775241,5146.177308,5119.629358,5093.131202,5066.682799,5040.285443,5013.938569,4987.642895,4961.398082,4935.205127,4909.063618,4882.974422,4856.937110,4830.952604,4805.020867,4779.142144,4753.316335,4727.544482,4701.826523,4676.162547,4650.553229,4624.998562,4599.498782,4574.054175,4548.664992,4523.331365,4498.053847,4472.831938,4447.666469,4422.558462,4397.507491,4372.513746,4347.577434,4322.699185,4297.879047,4273.116846,4248.413722,4223.769092,4199.183850,4174.657783,4150.191961,4125.785646,4101.439601,4077.154677,4052.930396,4028.767231,4004.665344,3980.624780,3956.646208,3932.730267,3908.876864,3885.085719,3861.357860,3837.693182,3814.092282,3790.555066,3767.081957,3743.673331,3720.329536,3697.050140,3673.836122,3650.687973,3627.605231,3604.588734,3581.638451,3558.754624,3535.937959,3513.188360,3490.506392,3467.891550,3445.344954,3422.866579,3400.456550,3378.115597,3355.843752,3333.640989,3311.507900,3289.444904,3267.452343,3245.529662,3223.677787,3201.897146,3180.187718,3158.550232,3136.984532,3115.490678,3094.069430,3072.720066,3051.444180,3030.241411,3009.112404,2988.057025,2967.075749,2946.168847,2925.336642,2904.579095,2883.896926,2863.290151,2842.758894,2822.303910,2801.924691,2781.622245,2761.395788,2741.246621,2721.175023,2701.181240,2681.264594,2661.426870,2641.666714,2621.985719,2602.383514,2582.860521,2563.417383,2544.053321,2524.769339,2505.565994,2486.443405,2467.400698,2448.439660,2429.559881,2410.761427,2392.044842,2373.410690,2354.859027,2336.390192,2318.004142,2299.701202,2281.481625,2263.345793,2245.294289,2227.326780,2209.443764,2191.645619,2173.931500,2156.303280,2138.760815,2121.303624,2103.932673,2086.647616,2069.449463,2052.337368,2035.313341,2018.376107,2001.526447,1984.764000,1968.090169,1951.503856,1935.006788,1918.598096,1902.278557,1886.047954,1869.907286,1853.855758,1837.894490,1822.023236,1806.242745,1790.552450,1774.953536,1759.445525,1744.028425,1728.703448,1713.470394,1698.328761,1683.279853,1668.323652,1653.460034,1638.689874,1624.011830,1609.427683,1594.937277,1580.540870,1566.238148,1552.030679,1537.917071,1523.897698,1509.973318,1496.144201,1482.410452,1468.771451,1455.229662,1441.784122,1428.434406,1415.180739,1402.024642,1388.964672,1376.002128,1363.137219,1350.369514,1337.700031,1325.127118,1312.651010,1300.276125,1287.999682,1275.822121,1263.749583,1251.783548,1239.956828,1228.133486,1216.450701,1204.867222,1193.383877,1182.000272,1170.718055,1159.535724,1148.454803,1137.473003,1126.593730,1115.815868,1105.139336,1094.564658,1084.089757,1073.717932,1063.448240,1053.280761,1043.215213,1033.253361,1023.394005,1013.637614,1003.984629,994.434332,984.987338,975.644462,966.404878,957.269244,948.237518,939.310107,930.486763,921.768454,913.154023,904.644693,896.240428,887.940564,879.746320,871.657013,863.673340,855.795538,848.022331,840.355672,832.794920,825.340620,817.992552,810.750641,803.615220,796.586437,789.664575,782.849454,776.141225,769.539980,763.045307,756.658301,750.378791,744.206793,738.142468,732.185915,726.336969,720.595943,714.963232,709.438403,704.022077,698.713932,693.513975,688.422539,683.439855,678.565748,673.800657,669.144556,664.597153,660.158686,655.829389,651.609409,647.498923,643.497672,639.605937,635.823812,632.151318,628.588531,625.135298,621.791784,618.558611,615.435027,612.421237,609.517806,606.724562,604.041191,601.468107,599.005460,596.653355,594.411554,592.280072,590.259300,588.349170,586.549590,584.860635,583.282730,581.815181,580.458821,579.212852,578.078031,577.054081,576.141195,575.339427,574.648304,574.068398,573.599752,573.242157,572.995635,572.860364,572.836418,572.923925,573.122470,573.432132,573.853188,574.385490,575.029344,575.784584,576.651131,577.629166,578.718453,579.919004,581.231181,582.654864,584.189874,585.836447,587.594322,589.463577,591.444515,593.536702,595.740486,598.055662,600.482447,603.020767,605.670306,608.431172,611.303515,614.287484,617.382731,620.589356,623.907434,627.336757,630.877463,634.529666,638.293189,642.167952,646.154185,650.251592,654.460378,658.780503,663.211578,667.753937,672.407464,677.171838,682.047623,687.034287,692.132428,697.341218,702.661149,708.091855,713.633413,719.285844,725.049057,730.923165,736.908004,743.003705,749.210042,755.526813,761.954362,768.492070,775.140565,781.899433,788.768647,795.748448,802.838335,810.038574,817.349111,824.769824,832.300497,839.941228,847.692305,855.552979,863.523509,871.603817,879.794124,888.093923,896.503408,905.022419,913.651356,922.389760,931.237166,940.193943,949.260325,958.435584,967.720176,977.113863,986.616563,996.227963,1005.948146,1015.777198,1025.714928,1035.761776,1045.916955,1056.180316,1066.552472,1077.032977,1087.621371,1098.318307,1109.123161,1120.035970,1131.056607,1142.185373,1153.421776,1164.766100,1176.218005,1187.777366,1199.444247,1211.218463,1223.099893,1235.088504,1247.184269,1259.387379,1271.697130,1284.113742,1296.637108,1309.267304,1322.003897
7218.870179,7189.711306,7160.583057,7131.485887,7102.420393,7073.386545,7044.384469,7015.414395,6986.476489,6957.570910,6928.697898,6899.857822,6871.050112,6842.276317,6813.535979,6784.829312,6756.156531,6727.517471,6698.912952,6670.342268,6641.807194,6613.307038,6584.842117,6556.412438,6528.018192,6499.660148,6471.337975,6443.052287,6414.803075,6386.590054,6358.414568,6330.275862,6302.174513,6274.110687,6246.085285,6218.097967,6190.148900,6162.238435,6134.366070,6106.532808,6078.738434,6050.984130,6023.269715,5995.595023,5967.960803,5940.366972,5912.813765,5885.301345,5857.829969,5830.400043,5803.011663,5775.664809,5748.360293,5721.097865,5693.878146,5666.700111,5639.565200,5612.474086,5585.426748,5558.423239,5531.463693,5504.548056,5477.676758,5450.850569,5424.069217,5397.332607,5370.641590,5343.996480,5317.397065,5290.843999,5264.337576,5237.877806,5211.464781,5185.098903,5158.780608,5132.509901,5106.287254,5080.112388,5053.986192,5027.908831,5001.880116,4975.900427,4949.970335,4924.090245,4898.259588,4872.479666,4846.749952,4821.070987,4795.442840,4769.866339,4744.340969,4718.867727,4693.446467,4668.077520,4642.760531,4617.496433,4592.285893,4567.128386,4542.024755,4516.974973,4491.979299,4467.037870,4442.151208,4417.319263,4392.542670,4367.821508,4343.155537,4318.545618,4293.992011,4269.495028,4245.054950,4220.671979,4196.346121,4172.077897,4147.867558,4123.715406,4099.620896,4075.585739,4051.608601,4027.691308,4003.833303,3980.035429,3956.297193,3932.619364,3909.002281,3885.445148,3861.949899,3838.515782,3815.143083,3791.832501,3768.584284,3745.398321,3722.275219,3699.214865,3676.217866,3653.284551,3630.414986,3607.609392,3584.868059,3562.191709,3539.580039,3517.033501,3494.552269,3472.136856,3449.787580,3427.504497,3405.288253,3383.137999,3361.055376,3339.040471,3317.092942,3295.212432,3273.401252,3251.658368,3229.983940,3208.378923,3186.842760,3165.376538,3143.980216,3122.653730,3101.397695,3080.212708,3059.098525,3038.055609,3017.083342,2996.183630,2975.355316,2954.600040,2933.917536,2913.307385,2892.770491,2872.307021,2851.917339,2831.601753,2811.360115,2791.193296,2771.101217,2751.084286,2731.141900,2711.275733,2691.484195,2671.769987,2652.132285,2632.570601,2613.086108,2593.678461,2574.348515,2555.096735,2535.922882,2516.826863,2497.809522,2478.870670,2460.011470,2441.231733,2422.531080,2403.910080,2385.369561,2366.909640,2348.529885,2330.231300,2312.014593,2293.879042,2275.825184,2257.853473,2239.963941,2222.156732,2204.432735,2186.791554,2169.233680,2151.759407,2134.368311,2117.061300,2099.839429,2082.701517,2065.648339,2048.680432,2031.797807,2015.000390,1998.289628,1981.664608,1965.125921,1948.673283,1932.308075,1916.029129,1899.838027,1883.734773,1867.719235,1851.791360,1835.952129,1820.201027,1804.538600,1788.965769,1773.482202,1758.087857,1742.783156,1727.568803,1712.444117,1697.410004,1682.466550,1667.614246,1652.853115,1638.183009,1623.605313,1609.118941,1594.723985,1580.421716,1566.211742,1552.095221,1538.071296,1524.140488,1510.303487,1496.558917,1482.908558,1469.351570,1455.889034,1442.522004,1429.249148,1416.072064,1402.989237,1390.001813,1377.110005,1364.314202,1351.614008,1339.010766,1326.503746,1314.092506,1301.777153,1289.559944,1277.441811,1265.420012,1253.500735,1241.707130,1229.979615,1218.343536,1206.809965,1195.375505,1184.039659,1172.801568,1161.664106,1150.625160,1139.686458,1128.845446,1118.105844,1107.466531,1096.927086,1086.488218,1076.148214,1065.909778,1055.772567,1045.736013,1035.800383,1025.967081,1016.235119,1006.604931,997.076877,987.650512,978.326191,969.104706,959.985378,950.968821,942.054997,933.244319,924.536533,915.932641,907.431556,899.034218,890.740786,882.550859,874.465283,866.483510,858.606253,850.833514,843.164674,835.601057,828.142236,820.788760,813.540609,806.397129,799.359239,792.426902,785.600399,778.879519,772.264536,765.755278,759.351827,753.054833,746.864280,740.780016,734.802722,728.931956,723.167823,717.510518,711.960433,706.517433,701.181791,695.953320,690.832039,685.818248,680.912224,676.113794,671.423415,666.840891,662.366276,657.999549,653.740981,649.590896,645.549208,641.615746,637.791103,634.074891,630.467480,626.968810,623.578639,620.297508,617.125782,614.062485,611.108321,608.263401,605.527730,602.901213,600.384110,597.976484,595.678516,593.489953,591.410885,589.441676,587.582050,585.832346,584.192428,582.662512,581.242238,579.932234,578.731826,577.641720,576.661689,575.791883,575.032355,574.382660,573.843507,573.414592,573.096060,572.887804,572.789988,572.802712,572.926119,573.159743,573.503772,573.958360,574.523608,575.199413,575.986085,576.883068,577.890882,579.009266,580.238149,581.577928,583.028486,584.589647,586.261655,588.044251,589.937583,591.941763,594.056557,596.282224,598.618768,601.065963,603.624131,606.292840,609.072201,611.962337,614.963496,618.075239,621.297702,624.630960,628.074822,631.629418,635.294867,639.071004,642.957776,646.955329,651.063460,655.282350,659.611963,664.052059,668.602538,673.263726,678.035357,682.917408,687.909987,693.013365,698.226850,703.550946,708.985162,714.529660,720.184484,725.949525,731.824898,737.810444,743.906296,750.112235,756.428059,762.854118,769.389796,776.035725,782.791494,789.657079,796.632727,803.717939,810.912984,818.217812,825.632367,833.156252,840.789792,848.533096,856.385539,864.347321,872.418475,880.599046,888.888623,897.287480,905.795349,914.412757,923.138988,931.973842,940.917602,949.970507,959.131831,968.402034,977.780883,987.268295,996.863982,1006.567973,1016.380414,1026.301101,1036.330466,1046.467739,1056.712766,1067.066165,1077.527495,1088.096295,1098.773225,1109.557661,1120.449645,1131.449051,1142.556184,1153.770556,1165.092452,1176.521535,1188.057684,1199.700964,1211.451195,1223.308258,1235.272123,1247.342764,1259.520377,1271.804261,1284.194635,1296.691399,1309.294630,1322.003897
7118.931727,7090.266860,7061.632567,7033.028485,7004.454441,6975.911337,6947.398711,6918.917480,6890.467495,6862.048610,6833.661722,6805.306715,6776.983588,6748.692879,6720.434477,6692.208273,6664.015629,6635.856015,6607.729801,6579.637121,6551.577815,6523.552595,6495.561314,6467.604871,6439.683051,6411.795604,6383.943550,6356.126553,6328.345367,6300.599640,6272.890069,6245.216637,6217.579104,6189.978615,6162.414481,6134.887825,6107.397867,6079.945548,6052.531326,6025.155031,5997.816227,5970.516528,5943.254985,5916.032364,5888.848891,5861.704234,5834.599823,5807.535074,5780.510411,5753.525899,5726.581890,5699.678668,5672.816291,5645.994844,5619.215028,5592.476527,5565.779907,5539.125681,5512.513406,5485.943297,5459.416389,5432.932683,5406.492386,5380.095409,5353.742612,5327.433504,5301.168620,5274.948313,5248.772688,5222.642057,5196.557059,5170.517093,5144.523255,5118.575122,5092.673557,5066.818468,5041.010101,5015.248573,4989.533855,4963.867115,4938.247846,4912.676847,4887.153922,4861.679324,4836.253476,4810.876452,4785.549110,4760.271002,4735.042622,4709.864520,4684.735919,4659.658490,4634.631468,4609.655804,4584.731505,4559.858799,4535.037295,4510.268213,4485.551427,4460.887316,4436.276211,4411.717982,4387.213337,4362.762440,4338.365131,4314.022137,4289.733551,4265.499257,4241.320281,4217.196372,4193.127748,4169.114644,4145.158059,4121.257500,4097.413326,4073.626319,4049.896369,4026.223204,4002.608119,3979.050563,3955.551381,3932.110157,3908.727944,3885.404577,3862.140678,3838.936127,3815.790591,3792.705887,3769.681439,3746.717163,3723.813923,3700.971721,3678.191007,3655.472132,3632.814841,3610.219851,3587.687359,3565.217600,3542.810822,3520.467450,3498.187323,3475.971217,3453.819005,3431.731024,3409.707622,3387.749374,3365.856386,3344.028566,3322.266450,3300.569873,3278.940464,3257.377563,3235.880840,3214.451301,3193.089430,3171.794939,3150.568764,3129.410151,3108.320666,3087.299955,3066.348058,3045.465147,3024.652108,3003.908926,2983.235686,2962.632766,2942.099826,2921.638469,2901.248617,2880.930247,2860.683429,2840.508397,2820.405992,2800.375886,2780.418708,2760.534588,2740.723971,2720.987052,2701.323867,2681.734918,2662.220224,2642.779945,2623.414701,2604.125214,2584.911063,2565.772396,2546.709021,2527.723445,2508.814211,2489.981867,2471.226134,2452.548204,2433.947642,2415.424895,2396.980910,2378.614697,2360.326908,2342.119172,2323.989976,2305.940401,2287.970919,2270.081903,2252.273125,2234.544593,2216.897332,2199.330956,2181.845771,2164.442647,2147.121200,2129.881879,2112.724798,2095.650129,2078.658419,2061.750361,2044.925270,2028.183689,2011.526799,1994.953288,1978.464526,1962.060751,1945.741939,1929.507633,1913.359150,1897.296265,1881.319112,1865.428430,1849.624198,1833.906709,1818.275865,1802.732102,1787.275560,1771.907243,1756.626580,1741.434199,1726.330234,1711.314562,1696.387643,1681.550232,1666.801742,1652.142762,1637.573843,1623.095073,1608.706433,1594.408486,1580.200471,1566.083583,1552.058004,1538.124347,1524.282019,1510.531452,1496.873191,1483.306352,1469.832299,1456.449861,1443.161478,1429.966459,1416.864977,1403.857425,1390.943405,1378.122259,1365.396904,1352.764934,1340.227792,1327.786735,1315.440024,1303.188311,1291.030989,1278.971402,1267.007380,1255.139904,1243.370583,1231.707386,1220.149775,1208.670063,1197.281879,1185.993992,1174.803367,1163.709678,1152.715298,1141.818421,1131.019674,1120.317996,1109.716210,1099.213859,1088.810006,1078.505549,1068.298683,1058.192096,1048.185751,1038.278523,1028.471240,1018.765237,1009.159032,999.653644,990.249181,980.945175,971.742090,962.640653,953.640079,944.741454,935.944240,927.248961,918.655575,910.164725,901.775651,893.489191,885.305498,877.224203,869.246128,861.370740,853.598754,845.930179,838.364401,830.902743,823.544788,816.291084,809.141622,802.095749,795.154388,788.317509,781.585388,774.957837,768.435005,762.017072,755.703780,749.495851,743.393335,737.396153,731.504914,725.719112,720.038726,714.464548,708.996377,703.634290,698.378579,693.228995,688.185647,683.248778,678.418669,673.695060,669.078746,664.569138,660.166599,655.871057,651.682605,647.601681,643.628181,639.762011,636.003668,632.352877,628.810067,625.374796,622.047241,618.827794,615.716919,612.713414,609.818271,607.031432,604.352947,601.782610,599.321013,596.967951,594.723627,592.587872,590.560729,588.642585,586.833168,585.132821,583.541414,582.059166,580.685859,579.421676,578.266566,577.220714,576.284207,575.457111,574.739271,574.130882,573.632022,573.242602,572.962728,572.792465,572.731813,572.781122,572.939860,573.208252,573.586326,574.074196,574.671907,575.379553,576.197253,577.124623,578.161899,579.309003,580.566040,581.933175,583.410367,584.997446,586.694615,588.501752,590.418874,592.446145,594.583335,596.830707,599.188232,601.655799,604.233624,606.921315,609.718922,612.626869,615.644910,618.772978,622.011113,625.359347,628.817635,632.385962,636.064508,639.853081,643.751716,647.760478,651.879197,656.108057,660.447028,664.895872,669.454515,674.123222,678.901796,683.790196,688.788642,693.897233,699.115280,704.443269,709.880935,715.428295,721.085410,726.852186,732.728788,738.714903,744.810823,751.016282,757.331080,763.755573,770.289230,776.932462,783.685037,790.546927,797.518355,804.598816,811.788762,819.087679,826.495957,834.013059,841.639315,849.374834,857.218986,865.172008,873.233902,881.404727,889.684076,898.072249,906.568914,915.174703,923.888777,932.711107,941.641751,950.681147,959.828505,969.084291,978.448272,987.920369,997.500298,1007.188092,1016.983898,1026.887517,1036.899383,1047.018728,1057.245666,1067.580029,1078.022166,1088.571357,1099.228266,1109.992270,1120.863416,1131.841731,1142.927069,1154.119398,1165.418856,1176.825109,1188.338038,1199.957712,1211.683952,1223.516643,1235.455756,1247.501270,1259.653383,1271.911395,1284.275531,1296.745692,1309.321956,1322.003897
7021.037405,6992.854106,6964.700213,6936.575797,6908.480894,6880.415229,6852.379711,6824.374287,6796.399265,6768.454007,6740.540404,6712.657725,6684.806174,6656.985980,6629.197231,6601.440300,6573.714977,6546.021975,6518.360970,6490.733105,6463.138028,6435.575949,6408.047079,6380.550996,6353.089162,6325.660722,6298.266781,6270.907157,6243.582023,6216.291144,6189.035642,6161.814639,6134.629403,6107.479978,6080.365893,6053.288367,6026.246991,5999.241628,5972.272840,5945.341503,5918.447291,5891.590425,5864.771130,5837.988583,5811.244782,5784.539563,5757.872613,5731.244515,5704.655407,5678.105459,5651.594351,5625.123034,5598.691832,5572.300809,5545.950020,5519.639880,5493.370394,5467.142047,5440.954948,5414.809332,5388.705234,5362.642285,5336.622324,5310.644831,5284.709751,5258.817179,5232.968421,5207.163226,5181.401487,5155.683479,5130.009511,5104.379956,5078.795317,5053.254973,5027.759857,5002.310265,4976.906388,4951.548072,4926.236138,4900.970151,4875.750744,4850.578444,4825.453143,4800.375243,4775.344880,4750.362038,4725.427399,4700.540807,4675.702900,4650.913392,4626.173638,4601.482903,4576.841758,4552.250456,4527.709161,4503.218422,4478.778138,4454.388367,4430.049926,4405.763020,4381.527759,4357.344367,4333.212975,4309.134232,4285.107938,4261.134749,4237.214479,4213.347901,4189.534726,4165.775679,4142.070938,4118.420536,4094.824663,4071.283952,4047.798382,4024.368282,4000.994388,3977.676340,3954.414512,3931.209208,3908.060764,3884.969589,3861.935425,3838.959438,3816.041020,3793.181097,3770.379277,3747.635962,3724.952029,3702.327556,3679.761820,3657.256289,3634.811117,3612.426025,3590.101573,3567.837999,3545.635756,3523.494879,3501.415536,3479.398301,3457.443266,3435.550807,3413.720741,3391.954069,3370.250255,3348.610406,3327.033952,3305.521810,3284.074143,3262.691071,3241.372720,3220.119195,3198.932053,3177.810040,3156.754659,3135.764879,3114.842236,3093.985635,3073.196636,3052.475375,3031.821808,3011.236163,2990.718481,2970.269154,2949.888634,2929.576740,2909.334807,2889.161891,2869.058924,2849.026138,2829.064052,2809.172407,2789.351577,2769.602236,2749.924240,2730.317491,2710.783324,2691.321431,2671.931915,2652.615134,2633.371619,2614.201259,2595.104194,2576.081024,2557.132606,2538.258358,2519.458114,2500.733234,2482.083648,2463.510021,2445.012014,2426.589544,2408.243670,2389.974183,2371.781440,2353.666139,2335.627490,2317.666636,2299.784053,2281.978837,2264.253267,2246.606067,2229.038132,2211.549284,2194.139800,2176.810321,2159.560235,2142.391015,2125.302405,2108.294268,2091.367201,2074.521270,2057.756586,2041.073878,2024.473506,2007.955128,1991.519349,1975.166647,1958.896845,1942.710390,1926.607737,1910.588792,1894.653897,1878.803280,1863.036903,1847.355809,1831.759490,1816.248938,1800.823539,1785.484094,1770.230676,1755.063227,1739.983012,1724.989265,1710.082727,1695.263204,1680.531211,1665.887083,1651.330883,1636.862817,1622.483373,1608.192831,1593.990772,1579.878280,1565.855096,1551.920784,1538.077335,1524.323266,1510.660121,1497.087261,1483.605456,1470.213974,1456.913211,1443.703942,1430.587043,1417.561280,1404.628703,1391.788286,1379.040486,1366.384217,1353.822414,1341.352944,1328.976892,1316.695639,1304.507048,1292.412590,1280.411122,1268.507071,1256.695752,1244.980631,1233.362478,1221.846018,1210.450367,1199.107420,1187.865047,1176.722269,1165.675070,1154.724064,1143.870519,1133.113553,1122.453648,1111.889646,1101.424241,1091.056689,1080.786770,1070.615019,1060.539880,1050.563652,1040.686561,1030.907546,1021.226852,1011.646432,1002.164914,992.782746,983.500368,974.317262,965.234249,956.251529,947.368555,938.586335,929.904417,921.323374,912.842951,904.464012,896.185730,888.008957,879.933818,871.959952,864.088248,856.318069,848.650280,841.084768,833.620973,826.260200,819.002057,811.847091,804.795297,797.846027,791.000205,784.257810,777.619148,771.083945,764.652405,758.324650,752.100776,745.981079,739.965760,734.054753,728.248639,722.546881,716.949740,711.457717,706.070663,700.788649,695.612150,690.540408,685.574516,680.713865,675.958974,671.309611,666.766591,662.329293,657.998030,653.772967,649.654005,645.641604,641.735689,637.936146,634.243552,630.657559,627.178627,623.806267,620.540814,617.382642,614.331882,611.387722,608.551032,605.821822,603.199952,600.685416,598.278735,595.979777,593.788606,591.705178,589.729506,587.861893,586.102422,584.450869,582.907599,581.472496,580.145724,578.927123,577.816747,576.814917,575.921559,575.136950,574.460504,573.892854,573.433939,573.083676,572.842171,572.709461,572.685658,572.771007,572.965032,573.267919,573.679742,574.200607,574.830562,575.569749,576.418163,577.375565,578.442112,579.617736,580.902662,582.296921,583.800476,585.413259,587.135382,588.966795,590.907486,592.957635,595.117012,597.385832,599.764226,602.251988,604.849223,607.555709,610.371445,613.296868,616.331729,619.475892,622.729574,626.092667,629.565061,633.147080,636.838572,640.639463,644.549899,648.569620,652.698791,656.937533,661.285688,665.743137,670.309816,674.985944,679.771344,684.665978,689.670073,694.783730,700.006262,705.338218,710.779166,716.329370,721.988617,727.757038,733.634727,739.621376,745.717281,751.922179,758.235873,764.658723,771.190202,777.830723,784.580060,791.438187,798.405332,805.480990,812.665620,819.958835,827.360655,834.870918,842.489835,850.217579,858.053342,865.997544,874.050187,882.211166,890.480244,898.857670,907.343113,915.937233,924.639125,933.448832,942.366391,951.392246,960.525607,969.766945,979.116030,988.572786,998.136932,1007.808606,1017.587651,1027.474180,1037.468526,1047.569924,1057.778491,1068.094182,1078.516989,1089.046769,1099.683429,1110.426988,1121.277283,1132.234344,1143.298026,1154.468384,1165.745315,1177.128730,1188.618431,1200.214491,1211.916734,1223.725046,1235.639404,1247.659787,1259.786396,1272.018535,1284.356430,1296.799985,1309.349282,1322.003897
6925.113166,6897.399256,6869.713583,6842.055939,6814.426956,6786.827207,6759.256562,6731.715157,6704.203192,6676.720922,6649.268433,6621.845931,6594.453338,6567.091457,6539.760077,6512.459267,6485.190041,6457.951987,6430.745472,6403.570621,6376.427494,6349.316094,6322.236901,6295.190781,6268.177363,6241.196422,6214.248916,6187.334395,6160.453894,6133.607035,6106.794261,6080.015547,6053.270998,6026.561421,5999.886578,5973.246874,5946.641607,5920.072308,5893.539048,5867.041266,5840.579518,5814.154672,5787.766403,5761.414675,5735.100226,5708.822379,5682.582645,5656.380277,5630.215568,5604.089588,5578.001976,5551.952958,5525.942704,5499.971558,5474.039600,5448.146301,5422.293684,5396.480943,5370.708493,5344.976350,5319.284994,5293.634534,5268.025056,5242.456275,5216.929915,5191.445112,5166.002658,5140.602228,5115.244450,5089.929219,5064.657151,5039.427553,5014.242032,4989.100593,4964.003290,4938.949840,4913.941142,4888.977233,4864.058056,4839.184249,4814.355408,4789.572123,4764.835029,4740.144492,4715.500374,4690.902695,4666.352062,4641.848395,4617.392432,4592.983983,4568.623589,4544.310947,4520.046434,4495.830597,4471.664357,4447.546663,4423.478997,4399.460815,4375.492758,4351.573997,4327.706558,4303.889336,4280.123531,4256.408898,4232.745503,4209.133909,4185.574445,4162.066888,4138.612043,4115.210040,4091.860534,4068.564802,4045.322542,4022.133906,3998.999524,3975.919320,3952.892721,3929.922048,3907.006466,3884.145912,3861.341122,3838.592194,3815.899194,3793.262766,3770.683123,3748.160404,3725.694785,3703.286888,3680.935924,3658.643573,3636.409502,3614.233751,3592.116951,3570.059106,3548.060624,3526.121992,3504.242974,3482.424054,3460.665893,3438.968266,3417.331508,3395.756203,3374.242196,3352.790062,3331.399498,3310.071616,3288.806275,3267.603531,3246.463756,3225.387538,3204.374772,3183.425930,3162.541437,3141.720938,3120.965155,3100.274874,3079.649859,3059.090426,3038.596186,3018.168195,2997.807004,2977.512552,2957.284982,2937.124377,2917.030909,2897.005372,2877.047494,2857.157941,2837.337382,2817.585369,2797.902044,2778.288423,2758.744617,2739.270450,2719.866501,2700.533020,2681.269848,2662.077811,2642.957213,2623.907757,2604.930235,2586.024687,2567.191549,2548.430598,2529.742705,2511.127728,2492.585886,2474.118369,2455.723859,2437.403743,2419.158527,2400.988188,2382.892171,2364.871615,2346.926585,2329.057148,2311.263402,2293.546306,2275.905401,2258.341832,2240.854437,2223.445641,2206.114357,2188.860988,2171.685901,2154.588965,2137.570962,2120.631120,2103.771406,2086.990863,2070.290097,2053.669106,2037.128319,2020.667413,2004.287677,1987.989330,1971.771469,1955.635680,1939.581487,1923.609162,1907.719440,1891.912250,1876.187179,1860.545633,1844.987319,1829.512059,1814.121055,1798.814063,1783.591423,1768.452948,1753.399423,1738.430400,1723.547143,1708.749542,1694.037548,1679.411166,1664.871262,1650.417654,1636.050931,1621.770901,1607.578228,1593.473226,1579.455569,1565.525626,1551.684059,1537.930431,1524.265799,1510.689443,1497.203278,1483.805496,1470.497751,1457.279405,1444.150292,1431.110801,1418.162894,1405.304660,1392.538747,1379.863194,1367.279427,1354.786295,1342.385275,1330.076400,1317.859222,1305.735017,1293.702931,1281.763403,1269.916864,1258.165153,1246.505077,1234.941083,1223.468828,1212.111195,1200.838789,1189.656170,1178.558961,1167.558504,1156.652800,1145.842619,1135.128251,1124.509568,1113.986661,1103.559201,1093.228130,1082.994053,1072.856649,1062.816004,1052.870970,1043.023557,1033.274071,1023.621710,1014.066281,1004.609860,995.251620,985.991439,976.829801,967.766348,958.801854,949.936400,941.169808,932.502546,923.934830,915.466695,907.098062,898.829781,890.661128,882.592845,874.625017,866.757453,858.991048,851.325001,843.760264,836.296730,828.933723,821.672907,814.513539,807.456288,800.501156,793.647496,786.896238,780.247411,773.701146,767.257426,760.916304,754.677914,748.542340,742.510073,736.581124,730.755524,725.033637,719.415204,713.900386,708.489697,703.182915,697.980471,692.882167,687.887885,682.998430,678.213137,673.532664,668.957050,664.486732,660.120974,655.860400,651.705109,647.654970,643.710462,639.871451,636.138092,632.510513,628.988757,625.573123,622.263157,619.059112,615.961647,612.970555,610.085142,607.306377,604.634304,602.068480,599.609403,597.257117,595.011765,592.873317,590.841758,588.917107,587.099671,585.389554,583.786487,582.290941,580.902544,579.621880,578.448380,577.382521,576.424249,575.573667,574.831018,574.195769,573.668507,573.249244,572.937800,572.734312,572.638836,572.651498,572.772605,573.001598,573.338693,573.783972,574.337549,574.999462,575.769972,576.648712,577.635928,578.731513,579.935386,581.247929,582.669115,584.198779,585.837042,587.583890,589.439302,591.403436,593.476206,595.657562,597.947678,600.346727,602.854543,605.470908,608.196003,611.029706,613.972400,617.023896,620.184072,623.453067,626.830859,630.317313,633.912759,637.617048,641.430099,645.352094,649.382744,653.522272,657.770679,662.127943,666.593919,671.168442,675.851756,680.643992,685.544749,690.554487,695.672945,700.899911,706.235676,711.679862,717.232740,722.894099,728.664074,734.542762,740.530003,746.625667,752.829923,759.142615,765.563565,772.092792,778.730532,785.476561,792.330857,799.293653,806.364443,813.543699,820.831028,828.226457,835.729827,843.341352,851.061210,858.888594,866.823928,874.867180,883.018362,891.277127,899.643763,908.118017,916.700335,925.390032,934.187080,943.091521,952.103802,961.223270,970.450117,979.784157,989.225545,998.773882,1008.429309,1018.191674,1028.061089,1038.037894,1048.121325,1058.311503,1068.608384,1079.011966,1089.522106,1100.138715,1110.861815,1121.691245,1132.627040,1143.669057,1154.817352,1166.071921,1177.432395,1188.898862,1200.471301,1212.149540,1223.933469,1235.823066,1247.818314,1259.919416,1272.125679,1284.437331,1296.854280,1309.376609,1322.003897
6831.092302,6803.835029,6776.605521,6749.403747,6722.229683,6695.083612,6667.964661,6640.875058,6613.814262,6586.782262,6559.779398,6532.805581,6505.861150,6478.946305,6452.060818,6425.205743,6398.380851,6371.586344,6344.822422,6318.089057,6291.386598,6264.715157,6238.075468,6211.467037,6184.890910,6158.346798,6131.834908,6105.355090,6078.907939,6052.493378,6026.112388,5999.764769,5973.450602,5947.170123,5920.923110,5894.710254,5868.531892,5842.388305,5816.279474,5790.205172,5764.166504,5738.162782,5712.194812,5686.262449,5660.366719,5634.507267,5608.684315,5582.897111,5557.147826,5531.435385,5505.760451,5480.123329,5454.524042,5428.962187,5403.439245,5377.954813,5352.509028,5327.102217,5301.734677,5276.406025,5251.117186,5225.868508,5200.660030,5175.491892,5150.363417,5125.276660,5100.230939,5075.226488,5050.263541,5025.341860,5000.462629,4975.625509,4950.830761,4926.077672,4901.368442,4876.702298,4852.079529,4827.500573,4802.965675,4778.474483,4754.028079,4729.626060,4705.268906,4680.956583,4656.689823,4632.468652,4608.293186,4584.163910,4560.080844,4536.044529,4512.055109,4488.112515,4464.217154,4440.369481,4416.569455,4392.817344,4369.113197,4345.458344,4321.851745,4298.294731,4274.786096,4251.327699,4227.919119,4204.560707,4181.252705,4157.995229,4134.788398,4111.632720,4088.528047,4065.475407,4042.474345,4019.525287,3996.628937,3973.785212,3950.994072,3928.256329,3905.571875,3882.940713,3860.363437,3837.840378,3815.371921,3792.958027,3770.599412,3748.295704,3726.047436,3703.855084,3681.718907,3659.638849,3637.615378,3615.648167,3593.738473,3571.886256,3550.090840,3528.353850,3506.674831,3485.054424,3463.492303,3441.989482,3420.545816,3399.161668,3377.836799,3356.572234,3335.367858,3314.224040,3293.141123,3272.118831,3251.158026,3230.258998,3209.421814,3188.646588,3167.933261,3147.282530,3126.695088,3106.171116,3085.709927,3065.312608,3044.979551,3024.710871,3004.506272,2984.366847,2964.292089,2944.283486,2924.340410,2904.463135,2884.652007,2864.906891,2845.228299,2825.616912,2806.073036,2786.596743,2767.188025,2747.846909,2728.574723,2709.371196,2690.236306,2671.170737,2652.174251,2633.247497,2614.390621,2595.604041,2576.887928,2558.242251,2539.667950,2521.165103,2502.733358,2484.373392,2466.085307,2447.869711,2429.727100,2411.656621,2393.659241,2375.736146,2357.886554,2340.110503,2322.408632,2304.781371,2287.228403,2269.750671,2252.348155,2235.020704,2217.769941,2200.594095,2183.495776,2166.474158,2149.529374,2132.661429,2115.871207,2099.158593,2082.523093,2065.966684,2049.488414,2033.088851,2016.767801,2000.526182,1984.363691,1968.280933,1952.278448,1936.355672,1920.513861,1904.752954,1889.072312,1873.473721,1857.956165,1842.520150,1827.166220,1811.894599,1796.705320,1781.598678,1766.575624,1751.635201,1736.778372,1722.005254,1707.316022,1692.711402,1678.191069,1663.755547,1649.404644,1635.138998,1620.958682,1606.864264,1592.855867,1578.933693,1565.097914,1551.347879,1537.685387,1524.109939,1510.622037,1497.221367,1483.908812,1470.683971,1457.547473,1444.499695,1431.539653,1418.668693,1405.886870,1393.194811,1380.592610,1368.080179,1355.658039,1343.325876,1331.083968,1318.932725,1306.872596,1294.903792,1283.026496,1271.239018,1259.545574,1247.945441,1236.434352,1225.019371,1213.692849,1202.475499,1191.351433,1180.320571,1169.360308,1158.501046,1147.735675,1137.064856,1126.487699,1116.005545,1105.618207,1095.325114,1085.127266,1075.025055,1065.018207,1055.107025,1045.290731,1035.570768,1025.947384,1016.420094,1006.988599,997.654931,988.418403,979.278764,970.236558,961.291402,952.444099,943.694380,935.043101,926.489708,918.034757,909.678293,901.420237,893.261453,885.201193,877.240231,869.378538,861.616249,853.953940,846.390923,838.928127,831.565525,824.302370,817.140353,810.078747,803.118191,796.258683,789.499699,782.842039,776.285785,769.831066,763.477859,757.226273,751.076368,745.028283,739.082480,733.239038,727.497928,721.859490,716.323614,710.890235,705.560180,700.332965,695.209159,690.188453,685.270695,680.456963,675.746494,671.139891,666.637135,662.238732,657.944018,653.753437,649.667133,645.685294,641.808053,638.035341,634.367472,630.804393,627.346293,623.993381,620.745147,617.602132,614.564857,611.632784,608.805671,606.084379,603.468805,600.958605,598.554384,596.256078,594.063833,591.977644,589.997433,588.123420,586.355784,584.694492,583.139517,581.691240,580.349273,579.114240,577.985552,576.963690,576.048632,575.240524,574.539492,573.944996,573.457755,573.077770,572.804807,572.639029,572.580510,572.629349,572.785787,573.049518,573.420407,573.898990,574.484908,575.178562,575.980022,576.888979,577.905687,579.030041,580.261966,581.601845,583.049798,584.605243,586.268726,588.040096,589.919337,591.906609,594.001839,596.204959,598.516170,600.935639,603.463207,606.098658,608.842177,611.693593,614.653454,617.721378,620.897407,624.181578,627.573907,631.074265,634.683014,638.399920,642.224996,646.158397,650.199839,654.349547,658.607468,662.973843,667.448109,672.030545,676.720903,681.519733,686.426499,691.441775,696.564975,701.796218,707.135690,712.583018,718.138450,723.801851,729.573182,735.452889,741.440583,747.536110,753.739509,760.050941,766.470096,772.996997,779.631884,786.374505,793.224935,800.183316,807.249179,814.423023,821.704382,829.093363,836.589812,844.193958,851.905798,859.724739,867.651158,875.685011,883.826314,892.074722,900.430529,908.893482,917.464208,926.141497,934.925851,943.817331,952.815815,961.921225,971.133566,980.452652,989.878646,999.411148,1009.050304,1018.795964,1028.648245,1038.607488,1048.672932,1058.844701,1069.122706,1079.507105,1089.997580,1100.594123,1111.296751,1122.105304,1133.019821,1144.040091,1155.166384,1166.398487,1177.736106,1189.179330,1200.728141,1212.382372,1224.141912,1236.006743,1247.976852,1260.052443,1272.232828,1284.518235,1296.908576,1309.403936,1322.003897
6738.910119,6712.098490,6685.313686,6658.555804,6631.824671,6605.120982,6578.444702,6551.795721,6525.174410,6498.581109,6472.016269,6445.479927,6418.971899,6392.492934,6366.042620,6339.621774,6313.230235,6286.867916,6260.535728,6234.233490,6207.961564,6181.719822,6155.508561,6129.328120,6103.178664,6077.059961,6050.972260,6024.916351,5998.892718,5972.901060,5946.941231,5921.014021,5895.119070,5869.257015,5843.428341,5817.632819,5791.870368,5766.141992,5740.447241,5714.786786,5689.160544,5663.568422,5638.011449,5612.488966,5587.002053,5561.549648,5536.133639,5510.753115,5485.408925,5460.100334,5434.828817,5409.593648,5384.395448,5359.234589,5334.111058,5309.025077,5283.976541,5258.965964,5233.993894,5209.060338,5184.165477,5159.309218,5134.492387,5109.714696,5084.976133,5060.278058,5035.619042,5011.001289,4986.423878,4961.887362,4937.391672,4912.937188,4888.524272,4864.152755,4839.823109,4815.535331,4791.290283,4767.087538,4742.927691,4718.811230,4694.738167,4670.708758,4646.723002,4622.781117,4598.883698,4575.030066,4551.222060,4527.459002,4503.740879,4480.068611,4456.441790,4432.861123,4409.326321,4385.838036,4362.396883,4339.002402,4315.655057,4292.355281,4269.103072,4245.898781,4222.743103,4199.635028,4176.576108,4153.566102,4130.605634,4107.694580,4084.833359,4062.022089,4039.260846,4016.550070,3993.889834,3971.280671,3948.722366,3926.216156,3903.761694,3881.359016,3859.008773,3836.710913,3814.465524,3792.273562,3770.134752,3748.048765,3726.016920,3704.039146,3682.116004,3660.247215,3638.433634,3616.674940,3594.971634,3573.323983,3551.731720,3530.196127,3508.716860,3487.294172,3465.928293,3444.619462,3423.368514,3402.175069,3381.039805,3359.962552,3338.944109,3317.984461,3297.083872,3276.242163,3255.460295,3234.738314,3214.076353,3193.474670,3172.933847,3152.453900,3132.035072,3111.677558,3091.381107,3071.147292,3050.975353,3030.865999,3010.819190,2990.835965,2970.916053,2951.059306,2931.266446,2911.538259,2891.873786,2872.274630,2852.740471,2833.271249,2813.866879,2794.528619,2775.256315,2756.050665,2736.911450,2717.838994,2698.833401,2679.894992,2661.024607,2642.222145,2623.487429,2604.821349,2586.223954,2567.695460,2549.235981,2530.846418,2512.526301,2494.276254,2476.096645,2457.987392,2439.948581,2421.980865,2404.084877,2386.260671,2368.507242,2350.826940,2333.219158,2315.683452,2298.221504,2280.831810,2263.515990,2246.273959,2229.105568,2212.011205,2194.991431,2178.046802,2161.176841,2144.383084,2127.664952,2111.022599,2094.456181,2077.966434,2061.552931,2045.216278,2028.957145,2012.775415,1996.671461,1980.644864,1964.696419,1948.826488,1933.035568,1917.323068,1901.690122,1886.136386,1870.663246,1855.268984,1839.955748,1824.722479,1809.570115,1794.498471,1779.508248,1764.599659,1749.772396,1735.027594,1720.364536,1705.784423,1691.286457,1676.872124,1662.540546,1648.292901,1634.128425,1620.047915,1606.051792,1592.140177,1578.313076,1564.571343,1550.914620,1537.342763,1523.856702,1510.456599,1497.142852,1483.915084,1470.774083,1457.719941,1444.752955,1431.873102,1419.080150,1406.374274,1393.757624,1381.228904,1368.788260,1356.436757,1344.174152,1332.000216,1319.915684,1307.920857,1296.015218,1284.200245,1272.475033,1260.838884,1249.296010,1237.844715,1226.481640,1215.212563,1204.031982,1192.954376,1181.979647,1171.136100,1160.268250,1149.549331,1138.921926,1128.388241,1117.947731,1107.600347,1097.347271,1087.186430,1077.120010,1067.148119,1057.270818,1047.487404,1037.798082,1028.204095,1018.705479,1009.301619,999.993000,990.780599,981.664245,972.644031,963.719793,954.891488,946.160198,937.525269,928.987262,920.546814,912.203501,903.957473,895.808735,887.758312,879.805036,871.950458,864.193793,856.535665,848.976317,841.515214,834.153428,826.890350,819.726277,812.661788,805.697037,798.832321,792.067500,785.402132,778.836908,772.372559,766.008453,759.744803,753.581892,747.519353,741.558138,735.697789,729.939168,724.281707,718.725893,713.271602,707.919213,702.668862,697.520486,692.474458,687.530677,682.688977,677.950171,673.313681,668.780216,664.349689,660.022465,655.797957,651.676879,647.658994,643.744751,639.934179,636.227190,632.624214,629.125043,625.729991,622.439247,619.252265,616.169648,613.191886,610.318453,607.549121,604.884722,602.325261,599.870176,597.520262,595.275468,593.135910,591.101474,589.172226,587.348344,585.629892,584.017201,582.509814,581.108569,579.812522,578.622716,577.538383,576.560215,575.687972,574.921918,574.262123,573.708115,573.260566,572.919406,572.684672,572.556221,572.534395,572.619098,572.810790,573.108716,573.513246,574.024663,574.642759,575.367904,576.199955,577.138863,578.184809,579.337669,580.597394,581.964403,583.438602,585.019837,586.708309,588.503976,590.406892,592.417021,594.534385,596.759213,599.091330,601.530976,604.078103,606.732423,609.494210,612.363213,615.340012,618.424208,621.615928,624.915090,628.321716,631.835902,635.457772,639.187177,643.024133,646.968799,651.020894,655.180664,659.448011,663.823227,668.305702,672.895829,677.593242,682.398559,687.311221,692.331817,697.459734,702.695232,708.038257,713.488627,719.046542,724.711869,730.484640,736.365104,742.353076,748.448339,754.650935,760.961028,767.378281,773.902849,780.534777,787.273952,794.120587,801.074226,808.135240,815.303538,822.578894,829.961370,837.450792,845.047464,852.751314,860.561778,868.479239,876.503642,884.635104,892.873031,901.217967,909.669668,918.228499,926.893636,935.665145,944.543440,953.528305,962.619606,971.817410,981.121517,990.532149,1000.048730,1009.671591,1019.400523,1029.235646,1039.177307,1049.224752,1059.378087,1069.637247,1080.002386,1090.473306,1101.049654,1111.731795,1122.519459,1133.412686,1144.411268,1155.515479,1166.725108,1178.039863,1189.459836,1200.985013,1212.615227,1224.350374,1236.190435,1248.135400,1260.185478,1272.339981,1284.599142,1296.962873,1309.431263,1322.003897
6648.505651,6622.128675,6595.777493,6569.452043,6543.153359,6516.881143,6490.635581,6464.416678,6438.224989,6412.060410,6385.923128,6359.812855,6333.730990,6307.676937,6281.651427,6255.653949,6229.685362,6203.745503,6177.834287,6151.952185,6126.099791,6100.276935,6074.483813,6048.720624,6022.987486,5997.284760,5971.612565,5945.970961,5920.359952,5894.780563,5869.232290,5843.715544,5818.229946,5792.777027,5767.355934,5741.967619,5716.611915,5691.288990,5665.998309,5640.741571,5615.517944,5590.328228,5565.172339,5540.050054,5514.962456,5489.908832,5464.890081,5439.905995,5414.957541,5390.044409,5365.166814,5340.324010,5315.517834,5290.748165,5266.014397,5241.317768,5216.657988,5192.035276,5167.449855,5142.901879,5118.391631,5093.919051,5069.485023,5045.089078,5020.732090,4996.413908,4972.134864,4947.894441,4923.692960,4899.532462,4875.412048,4851.331860,4827.291858,4803.292816,4779.334692,4755.417719,4731.541470,4707.707240,4683.914973,4660.164570,4636.456463,4612.791040,4589.168604,4565.588933,4542.052872,4518.560189,4495.110893,4471.706023,4448.345207,4425.028865,4401.757078,4378.529889,4355.348578,4332.212468,4309.122255,4286.077635,4263.079495,4240.127169,4217.221796,4194.363128,4171.551864,4148.787796,4126.070918,4103.402549,4080.782275,4058.210525,4035.687135,4013.212818,3990.787782,3968.412155,3946.085985,3923.809843,3901.583605,3879.407507,3857.282175,3835.207969,3813.184721,3791.213088,3769.293227,3747.424912,3725.609124,3703.845683,3682.134486,3660.475832,3638.871021,3617.319508,3595.821750,3574.378099,3552.988669,3531.653825,3510.373574,3489.147911,3467.978158,3446.863332,3425.804529,3404.802250,3383.855691,3362.966282,3342.133028,3321.357216,3300.638866,3279.977939,3259.375145,3238.830520,3218.344338,3197.916445,3177.547434,3157.237851,3136.987877,3116.797432,3096.667100,3076.596874,3056.587042,3036.638169,3016.750145,2996.922779,2977.157925,2957.454563,2937.813374,2918.234418,2898.718355,2879.265314,2859.875457,2840.548845,2821.286217,2802.087685,2782.953306,2763.883133,2744.877347,2725.937533,2707.062992,2688.254067,2669.510693,2650.833451,2632.222541,2613.678434,2595.201154,2576.791170,2558.448791,2540.173751,2521.966854,2503.828449,2485.758127,2467.757109,2449.825007,2431.962114,2414.168883,2396.444680,2378.791694,2361.208513,2343.696314,2326.254387,2308.884042,2291.585251,2274.357946,2257.203167,2240.119517,2223.109379,2206.171775,2189.306405,2172.514464,2155.796426,2139.151833,2122.582197,2106.087197,2089.666524,2073.321017,2057.050302,2040.855285,2024.735300,2008.691688,1992.724377,1976.833415,1961.019048,1945.281587,1929.620903,1914.038021,1898.533010,1883.105409,1867.756587,1852.486363,1837.294784,1822.182214,1807.148524,1792.194671,1777.320444,1762.526358,1747.812453,1733.178657,1718.626282,1704.154720,1689.764188,1675.455254,1661.228124,1647.082842,1633.019950,1619.039874,1605.141725,1591.327346,1577.595384,1563.947556,1550.383736,1536.903546,1523.507490,1510.195009,1496.967996,1483.826342,1470.768867,1457.797365,1444.911544,1432.111436,1419.397520,1406.769020,1394.227075,1381.772716,1369.404905,1357.124039,1344.931671,1332.826469,1320.809158,1308.879312,1297.038575,1285.286103,1273.622622,1262.047604,1250.560570,1239.166300,1227.861854,1216.646006,1205.520974,1194.489803,1183.547719,1172.717075,1162.023401,1151.282308,1140.701458,1130.210894,1119.812558,1109.506553,1099.292703,1089.171704,1079.142399,1069.205287,1059.362433,1049.612991,1039.956123,1030.392439,1020.922679,1011.547596,1002.265681,993.078485,983.985895,974.988457,966.086182,957.278701,948.565987,939.949378,931.427947,923.002407,914.673292,906.440333,898.303554,890.262988,882.319635,874.472524,866.722963,859.070301,851.515116,844.057629,836.697439,829.435491,822.271221,815.204866,808.237205,801.368196,794.598232,787.926999,781.354336,774.880972,768.507294,762.232898,756.057925,749.982786,744.006856,738.131567,732.355970,726.681167,721.106489,715.632649,710.259174,704.986877,699.815446,694.745045,689.776189,684.908565,680.142084,675.477425,670.914421,666.453377,662.094359,657.837702,653.682721,649.630527,645.680442,641.833177,638.088642,634.446768,630.908065,627.472206,624.139815,620.910528,617.784288,614.761493,611.842711,609.027283,606.315222,603.707312,601.203357,598.803005,596.506947,594.315203,592.227785,590.244675,588.365960,586.591834,584.922270,583.357558,581.897592,580.542608,579.292291,578.147223,577.106927,576.171992,575.342222,574.617842,573.998873,573.485034,573.076921,572.774234,572.577357,572.485998,572.500505,572.620745,572.847192,573.179189,573.617081,574.161003,574.811089,575.567257,576.429845,577.398375,578.473259,579.654367,580.941636,582.335493,583.835841,585.442529,587.155826,588.975501,590.901730,592.934645,595.074042,597.320231,599.673040,602.132714,604.699208,607.372239,610.151941,613.038493,616.032078,619.132373,622.339508,625.653586,629.074431,632.602209,636.237062,639.978841,643.827526,647.783285,651.845940,656.015694,660.292236,664.676167,669.166764,673.764422,678.468782,683.280462,688.198909,693.224787,698.357270,703.596918,708.943351,714.396684,719.956986,725.624147,731.398344,737.279434,743.267566,749.362483,755.564195,761.872873,768.288180,774.810275,781.439208,788.174868,795.017473,801.966568,809.022529,816.185269,823.454562,830.830389,838.312841,845.902084,853.597772,861.399708,869.308159,877.323071,885.444565,893.672184,902.006074,910.446396,918.993384,927.646150,936.404960,945.270037,954.241231,963.318413,972.501738,981.790919,991.185932,1000.686628,1010.293168,1020.005350,1029.823381,1039.747370,1049.776770,1059.911659,1070.151957,1080.497821,1090.949054,1101.505306,1112.166948,1122.933710,1133.805668,1144.782519,1155.864637,1167.051782,1178.343698,1189.740479,1201.241915,1212.848108,1224.558855,1236.374141,1248.293959,1260.318521,1272.447139,1284.680051,1297.017171,1309.458591,1322.003897
6559.820000,6533.866685,6507.938847,6482.036280,6456.159374,6430.307693,6404.482453,6378.682992,6352.910078,6327.163719,6301.444024,6275.751181,6250.085357,6224.446177,6198.834629,6173.250626,6147.694877,6122.167116,6096.667476,6071.195961,6045.753316,6020.339021,5994.954060,5969.597991,5944.271552,5918.974653,5893.707423,5868.469871,5843.262776,5818.085873,5792.939165,5767.823669,5742.739105,5717.685675,5692.663242,5667.672354,5642.712869,5617.785494,5592.890818,5568.028482,5543.198296,5518.401302,5493.637062,5468.905924,5444.208500,5419.544188,5394.914192,5370.317803,5345.755560,5321.228232,5296.735631,5272.277909,5247.854668,5223.467353,5199.115254,5174.798988,5150.518586,5126.274677,5102.067161,5077.896257,5053.762190,5029.664491,5005.604726,4981.582478,4957.597946,4933.650992,4909.742565,4885.872491,4862.041062,4838.247520,4814.493681,4790.778943,4767.103876,4743.468690,4719.873330,4696.318540,4672.804181,4649.330190,4625.897027,4602.505198,4579.154618,4555.845684,4532.578594,4509.353596,4486.170540,4463.030335,4439.932842,4416.878654,4393.867146,4370.899419,4347.975550,4325.095424,4302.259406,4279.467891,4256.720762,4234.018771,4211.361941,4188.750572,4166.184632,4143.664930,4121.190990,4098.763332,4076.382394,4054.047857,4031.760468,4009.520946,3987.329107,3965.184958,3943.089153,3921.041423,3899.042277,3877.091937,3855.190941,3833.339232,3811.536644,3789.784233,3768.082046,3746.429648,3724.828250,3703.277552,3681.777877,3660.329863,3638.933346,3617.588300,3596.295667,3575.054868,3553.866881,3532.732015,3511.650471,3490.622119,3469.647636,3448.726229,3427.859795,3407.047687,3386.289651,3365.587084,3344.939692,3324.347735,3303.811353,3283.331380,3262.907189,3242.539785,3222.229051,3201.975485,3181.779022,3161.640294,3141.559245,3121.535866,3101.571247,3081.665106,3061.817774,3042.029569,3022.300767,3002.631471,2983.022292,2963.472922,2943.983688,2924.555361,2905.188334,2885.881957,2866.637176,2847.454666,2828.334142,2809.276070,2790.279959,2771.347022,2752.477102,2733.670598,2714.927648,2696.248714,2677.633725,2659.083555,2640.597897,2622.177364,2603.821599,2585.531475,2567.306923,2549.148750,2531.056707,2513.031419,2495.072360,2477.180701,2459.356457,2441.599833,2423.911254,2406.290688,2388.738456,2371.254305,2353.839443,2336.494292,2319.217926,2302.011669,2284.874949,2267.808737,2250.813170,2233.887954,2217.034032,2200.251426,2183.540345,2166.901386,2150.333847,2133.838494,2117.416295,2101.066582,2084.790609,2068.588705,2052.460028,2036.405265,2020.424952,2004.518936,1988.687351,1972.931030,1957.250059,1941.644526,1926.114474,1910.660405,1895.282430,1879.981167,1864.756455,1849.609151,1834.538951,1819.546867,1804.631872,1789.795489,1775.036897,1760.357196,1745.755784,1731.234222,1716.791275,1702.428139,1688.145033,1673.941525,1659.818552,1645.776495,1631.814985,1617.934455,1604.135552,1590.417541,1576.781928,1563.227762,1549.756614,1536.367833,1523.061853,1509.838973,1496.698414,1483.641553,1470.669485,1457.780507,1444.976422,1432.256270,1419.620649,1407.070342,1394.604833,1382.224477,1369.930193,1357.721215,1345.597743,1333.562282,1321.612688,1309.749869,1297.973805,1286.284266,1274.683042,1263.169409,1251.742416,1240.402328,1229.155282,1217.996231,1206.924920,1195.942897,1185.046217,1174.248802,1163.547592,1152.980672,1142.401197,1131.956461,1121.601027,1111.336259,1101.163486,1091.081275,1081.091040,1071.191385,1061.382700,1051.666854,1042.043816,1032.512208,1023.072536,1013.725955,1004.472571,995.311497,986.244044,977.270039,968.389993,959.604511,950.912484,942.314156,933.810877,925.401641,917.087386,908.868436,900.744492,892.715876,884.782224,876.944954,869.202788,861.557071,854.007360,846.553939,839.197374,831.936995,824.773766,817.707314,810.737768,803.865868,797.091598,790.415425,783.836906,777.356050,770.973545,764.689582,758.503996,752.416855,746.428572,740.538586,734.748153,729.056506,723.464435,717.972189,712.579233,707.285790,702.092796,696.999434,692.006498,687.114038,682.321817,677.629768,673.038790,668.548445,664.159155,659.870953,655.684207,651.598239,647.614166,643.731225,639.950352,636.271246,632.693896,629.218823,625.845930,622.575318,619.407068,616.340999,613.377589,610.517247,607.759241,605.103924,602.552012,600.103108,597.756991,595.514278,593.375088,591.339409,589.407169,587.578440,585.853571,584.232556,582.715463,581.302331,579.993190,578.788298,577.687672,576.690973,575.798970,575.011288,574.328278,573.749795,573.275728,572.906622,572.642253,572.482795,572.428136,572.478591,572.634151,572.895101,573.260863,573.731785,574.308009,574.989670,575.776692,576.669418,577.667385,578.770973,579.979965,581.294655,582.715118,584.241378,585.873286,587.611117,589.454646,591.404044,593.459455,595.620676,597.887995,600.261446,602.740830,605.326502,608.018057,610.815633,613.719487,616.729590,619.845835,623.068287,626.397053,629.831957,633.373173,637.020844,640.774798,644.635103,648.601845,652.674879,656.854411,661.140436,665.532739,670.031248,674.636317,679.347650,684.165434,689.089553,694.120534,699.257562,704.501164,709.851003,715.307186,720.869765,726.538680,732.314073,738.195810,744.184051,750.278539,756.479288,762.786471,769.199834,775.719307,782.345175,789.077251,795.915721,802.860246,809.911067,817.068212,824.331385,831.700594,839.175933,846.757572,854.445169,862.238576,870.137921,878.143378,886.254780,894.471914,902.794851,911.223754,919.758880,928.399286,937.145297,945.997121,954.954613,964.017644,973.186470,982.460518,991.840056,1001.324841,1010.915037,1020.610444,1030.411275,1040.317639,1050.328993,1060.445418,1070.666836,1080.993407,1091.424938,1101.961216,1112.602210,1123.348057,1134.198701,1145.153842,1156.213858,1167.378510,1178.647545,1190.021060,1201.498849,1213.081013,1224.767355,1236.557862,1248.452529,1260.451570,1272.554302,1284.760962,1297.071470,1309.485918,1322.003897
6472.799513,6447.260296,6421.745442,6396.255412,6370.789951,6345.349724,6319.934767,6294.544880,6269.180573,6243.842426,6218.530235,6193.244179,6167.984084,6142.750853,6117.544229,6092.364138,6067.211128,6042.085429,6016.987350,5991.916761,5966.874135,5941.859496,5916.873110,5891.914806,5866.985252,5842.084778,5817.213276,5792.370915,5767.557603,5742.774192,5718.020536,5693.296694,5668.602668,5643.939467,5619.306814,5594.704908,5570.133300,5545.593380,5521.084490,5496.607340,5472.161974,5447.748214,5423.366919,5399.018292,5374.702020,5350.418756,5326.168057,5301.950678,5277.767018,5253.616494,5229.499744,5205.417572,5181.369648,5157.356128,5133.376756,5109.432942,5085.523840,5061.650165,5037.812216,5014.009678,4990.243438,4966.513378,4942.819648,4919.162655,4895.542421,4871.959262,4848.413385,4824.904995,4801.433667,4778.000937,4754.606185,4731.249039,4707.931422,4684.652658,4661.412486,4638.211491,4615.050231,4591.929106,4568.847657,4545.806340,4522.805433,4499.845555,4476.926364,4454.048234,4431.211671,4408.416559,4385.663280,4362.951567,4340.282592,4317.655845,4295.072299,4272.531736,4250.034340,4227.580079,4205.169687,4182.803441,4160.481299,4138.203091,4115.969872,4093.781200,4071.638036,4049.539978,4027.487887,4005.481606,3983.520856,3961.606597,3939.738881,3917.918166,3896.144712,3874.418277,3852.739924,3831.109167,3809.526411,3787.992214,3766.506318,3745.069069,3723.681271,3702.342652,3681.053340,3659.814022,3638.624912,3617.485556,3596.397207,3575.359620,3554.372526,3533.437413,3512.553384,3491.720912,3470.940928,3450.213474,3429.538622,3408.916579,3388.347024,3367.831480,3347.369497,3326.960822,3306.606354,3286.306524,3266.061447,3245.871215,3225.736014,3205.656517,3185.632592,3165.664454,3145.752659,3125.897359,3106.098589,3086.356777,3066.672240,3047.045159,3027.475708,3007.964525,2988.511081,2969.116322,2949.780712,2930.504089,2911.286162,2892.128324,2873.029853,2853.991872,2835.013313,2816.096280,2797.240304,2778.445657,2759.712230,2741.040651,2722.430357,2703.882062,2685.397251,2666.974707,2648.615440,2630.319239,2612.086667,2593.918115,2575.813655,2557.773304,2539.797242,2521.886341,2504.040598,2486.260161,2468.545277,2450.896298,2433.313575,2415.797726,2398.348272,2380.966018,2363.650944,2346.402843,2329.222351,2312.110550,2295.067199,2278.091843,2261.185784,2244.348020,2227.580204,2210.881721,2194.252804,2177.694901,2161.206594,2144.789510,2128.443227,2112.167589,2095.963534,2079.831282,2063.770832,2047.783444,2031.868864,2016.026727,2000.257509,1984.561848,1968.939452,1953.390724,1937.916533,1922.516618,1907.190912,1891.940323,1876.764552,1861.663990,1846.639115,1831.690093,1816.817190,1802.021127,1787.301931,1772.658789,1758.092911,1743.604818,1729.193747,1714.861223,1700.606735,1686.430072,1672.332757,1658.313873,1644.374140,1630.514375,1616.733930,1603.033161,1589.412702,1575.872742,1562.413324,1549.034505,1535.737115,1522.521455,1509.387410,1496.335044,1483.364159,1470.475498,1457.670681,1444.947641,1432.308403,1419.751591,1407.279074,1394.890239,1382.584912,1370.364184,1358.227698,1346.176142,1334.208135,1322.327066,1310.531155,1298.820444,1287.195565,1275.656468,1264.204239,1252.838120,1241.557756,1230.363915,1219.261401,1208.245548,1197.317734,1186.474325,1175.718258,1165.060712,1154.495228,1144.049036,1133.623286,1123.313371,1113.090993,1102.958764,1092.916708,1082.965221,1073.103904,1063.332395,1053.650669,1044.060652,1034.562172,1025.154291,1015.837654,1006.612694,997.479658,988.437877,979.488985,970.632355,961.868372,953.198112,944.620357,936.135281,927.743933,919.445739,911.241489,903.131498,895.115481,887.193762,879.365981,871.633377,863.995228,856.452187,849.004391,841.651752,834.394958,827.233358,820.167685,813.198090,806.324421,799.547298,792.866814,786.283406,779.796715,773.406728,767.114087,760.918953,754.821334,748.821164,742.918729,737.113922,731.407508,725.799026,720.289116,714.878050,709.565472,704.351421,699.236805,694.220955,689.304511,684.487728,679.770083,675.151972,670.633879,666.215518,661.897212,657.679189,653.561626,649.544178,645.627418,641.811240,638.095983,634.481817,630.968405,627.556385,624.245733,621.036468,617.928555,614.922239,612.017627,609.215291,606.514223,603.915397,601.418734,599.024279,596.731959,594.542150,592.455041,590.470607,588.588827,586.809728,585.133686,583.560669,582.090768,580.724112,579.460602,578.300690,577.243880,576.290651,575.441038,574.695096,574.053132,573.514583,573.080106,572.749669,572.523260,572.400920,572.382710,572.468808,572.659595,572.954468,573.353685,573.857348,574.465595,575.178483,575.996258,576.918748,577.945927,579.077925,580.314625,581.656456,583.103244,584.655180,586.312129,588.074174,589.941378,591.913727,593.991423,596.174261,598.462483,600.856280,603.355448,605.959963,608.669856,611.485061,614.406044,617.432551,620.564578,623.802182,627.145468,630.594285,634.148779,637.809115,641.575129,645.446882,649.424467,653.507743,657.696921,661.991997,666.392761,670.899145,675.511505,680.229607,685.053456,689.983235,695.019122,700.160578,705.408094,710.761189,716.220122,721.784898,727.455463,733.231960,739.114260,745.102525,751.196544,757.396208,763.701932,770.112852,776.629942,783.252673,789.981098,796.815474,803.755257,810.800900,817.952365,825.209427,832.571971,840.040067,847.614064,855.293505,863.078286,870.968505,878.964509,887.065746,895.272354,903.584297,912.001998,920.524948,929.152976,937.886154,946.724693,955.668450,964.717329,973.871502,983.130565,992.494521,1001.963368,1011.537197,1021.215807,1030.999634,1040.888133,1050.881421,1060.979363,1071.181883,1081.489116,1091.900960,1102.417113,1113.037580,1123.762499,1134.591818,1145.525239,1156.563142,1167.705292,1178.951437,1190.301679,1201.755813,1213.313943,1224.975875,1236.741598,1248.611110,1260.584627,1272.661469,1284.841876,1297.125770,1309.513246,1322.003897
6387.390503,6362.255374,6337.144021,6312.056449,6286.993239,6261.954530,6236.940381,6211.950857,6186.986341,6162.046511,6137.131956,6112.243241,6087.379884,6062.542608,6037.731325,6012.946218,5988.187462,5963.454787,5938.748911,5914.070141,5889.418697,5864.794544,5840.197869,5815.628390,5791.087243,5766.573458,5742.088602,5717.632175,5693.204020,5668.804721,5644.434679,5620.093907,5595.782234,5571.500315,5547.247856,5523.025853,5498.834033,5474.672262,5450.541407,5426.440595,5402.371505,5378.333557,5354.326892,5330.351840,5306.407648,5282.496029,5258.616854,5234.770302,5210.955934,5187.174803,5163.426275,5139.711089,5116.029136,5092.381274,5068.767328,5045.187445,5021.641240,4998.129764,4974.653152,4951.211644,4927.805260,4904.434214,4881.098698,4857.798667,4834.534841,4811.307304,4788.116183,4764.961697,4741.844046,4718.763489,4695.720224,4672.714473,4649.745249,4626.814905,4603.923034,4581.069603,4558.254523,4535.478332,4512.740747,4490.042829,4467.384107,4444.765486,4422.186997,4399.648668,4377.150972,4354.693703,4332.277320,4309.902314,4287.568505,4265.275939,4243.025105,4220.816763,4198.650784,4176.527412,4154.446352,4132.408726,4110.414427,4088.463199,4066.555725,4044.692088,4022.872685,4001.097969,3979.367414,3957.681910,3936.041868,3914.446611,3892.897051,3871.393849,3849.935990,3828.524666,3807.160489,3785.842876,3764.572386,3743.348920,3722.173269,3701.045671,3679.965779,3658.934271,3637.951536,3617.017298,3596.132224,3575.296308,3554.510103,3533.773779,3513.087351,3492.450769,3471.865313,3451.330230,3430.846017,3410.413158,3390.032223,3369.703089,3349.425958,3329.201019,3309.028873,3288.909124,3268.842655,3248.829770,3228.869899,3208.964298,3189.112587,3169.315347,3149.572966,3129.885267,3110.252766,3090.675515,3071.154244,3051.688732,3032.279035,3012.925939,2993.629506,2974.390186,2955.207609,2936.082597,2917.015175,2898.006129,2879.054707,2860.162208,2841.328282,2822.553666,2803.837562,2785.181245,2766.584609,2748.048630,2729.572954,2711.157759,2692.803602,2674.509637,2656.277692,2638.107003,2619.998996,2601.952888,2583.968961,2566.048090,2548.190210,2530.395570,2512.664190,2494.996140,2477.392648,2459.853248,2442.378023,2424.968229,2407.622950,2390.343349,2373.129448,2355.981594,2338.899503,2321.883544,2304.934555,2288.051867,2271.237201,2254.489570,2237.809560,2221.197515,2204.653528,2188.177990,2171.770896,2155.433369,2139.165005,2122.966088,2106.837290,2090.777951,2074.788765,2058.870700,2043.022585,2027.246477,2011.542295,1995.909798,1980.348556,1964.859883,1949.443547,1934.099684,1918.828798,1903.631377,1888.507159,1873.456663,1858.479798,1843.577348,1828.749182,1813.995586,1799.317162,1784.714243,1770.187102,1755.735554,1741.359306,1727.059904,1712.836590,1698.690360,1684.621523,1670.629122,1656.714571,1642.877814,1629.118944,1615.438464,1601.836677,1588.313414,1574.868982,1561.504349,1548.218634,1535.013067,1521.887167,1508.842143,1495.877451,1482.993397,1470.189862,1457.467181,1444.826902,1432.268284,1419.791226,1407.396441,1395.084252,1382.854636,1370.707643,1358.644305,1346.663683,1334.766949,1322.953212,1311.224090,1299.579786,1288.019747,1276.544130,1265.153627,1253.847943,1242.627951,1231.492277,1220.442778,1209.482776,1198.608632,1187.821092,1177.117407,1166.500623,1155.980569,1145.549593,1135.237306,1124.947338,1114.769789,1104.679860,1094.678165,1084.766019,1074.943275,1065.209408,1055.564535,1046.008437,1036.542497,1027.167316,1017.881887,1008.686567,999.581652,990.567864,981.644404,972.812164,964.071719,955.422723,946.866396,938.401466,930.028348,921.747846,913.559344,905.464017,897.461804,889.552547,881.736466,874.013528,866.384652,858.849241,851.407898,844.060824,836.807907,829.649759,822.585977,815.617019,808.743224,801.964338,795.281019,788.693363,782.201811,775.805887,769.505942,763.302262,757.195120,751.184549,745.270362,739.453251,733.732546,728.109397,722.583226,717.154598,711.824066,706.590778,701.455513,696.418580,691.479430,686.638857,681.896937,677.253158,672.708336,668.262421,663.915379,659.667487,655.518982,651.469915,647.520314,643.670411,639.920213,636.270061,632.719914,629.270065,625.920576,622.671570,619.523096,616.475122,613.527897,610.681687,607.936667,605.292100,602.749008,600.307248,597.966616,595.727781,593.590432,591.554943,589.621319,587.789539,586.059649,584.431911,582.906656,581.483421,580.162845,578.944566,577.829104,576.815967,575.905651,575.098151,574.393570,573.792187,573.293495,572.898101,572.605996,572.417171,572.331655,572.349561,572.471021,572.696439,573.025214,573.457526,573.993721,574.633645,575.377613,576.225738,577.177734,578.233873,579.394073,580.658278,582.026894,583.499919,585.077213,586.758922,588.545050,590.435735,592.430753,594.530522,596.734772,599.043746,601.457603,603.976312,606.599568,609.327615,612.160333,615.098191,618.140963,621.288584,624.541175,627.898780,631.361388,634.929012,638.601867,642.379791,646.262960,650.251140,654.344522,658.543257,662.847211,667.256329,671.770467,676.389977,681.114673,685.944543,690.879840,695.920693,701.066323,706.317602,711.673925,717.135497,722.702369,728.374491,734.152003,740.034779,746.022984,752.116433,758.314953,764.618929,771.027777,777.542185,784.161701,790.886405,797.716552,804.651675,811.692073,818.837728,826.088553,833.444367,840.905299,848.471530,856.142777,863.918900,871.799998,879.786326,887.877463,896.073502,904.374411,912.780614,921.291608,929.907194,938.627531,947.452751,956.382741,965.417409,974.556928,983.800899,993.149356,1002.602211,1012.159646,1021.821436,1031.588019,1041.458852,1051.434055,1061.513494,1071.697100,1081.985007,1092.377117,1102.873132,1113.473058,1124.177037,1134.985019,1145.896709,1156.912489,1168.032127,1179.255375,1190.582336,1202.012808,1213.546898,1225.184414,1236.925348,1248.769701,1260.717691,1272.768641,1284.922793,1297.180071,1309.540575,1322.003897
6303.546058,6278.804984,6254.087801,6229.393695,6204.723174,6180.076610,6155.453848,6130.855303,6106.280751,6081.730131,6057.204881,6032.704304,6008.228413,5983.778056,5959.352738,5934.953207,5910.579359,5886.231112,5861.909172,5837.613056,5813.343371,5789.100541,5764.884646,5740.695653,5716.533886,5692.399463,5668.292530,5644.212784,5620.161527,5596.138280,5572.143221,5548.176830,5524.238710,5500.329576,5476.449793,5452.598666,5428.777477,5404.985471,5381.223876,5357.491987,5333.790547,5310.119221,5286.478917,5262.869480,5239.291070,5215.743491,5192.227741,5168.743191,5145.290683,5121.869982,5098.481565,5075.125709,5051.802310,5028.511677,5005.254701,4982.030562,4958.840268,4935.683137,4912.560496,4889.471662,4866.417201,4843.397510,4820.412557,4797.462555,4774.547715,4751.668187,4728.823954,4706.015892,4683.243853,4660.508051,4637.808705,4615.146031,4592.520247,4569.930726,4547.379412,4524.865273,4502.389256,4479.951103,4457.550826,4435.189436,4412.866235,4390.581430,4368.336635,4346.131077,4323.965254,4301.838743,4279.752515,4257.706729,4235.701409,4213.736373,4191.812566,4169.929512,4148.087735,4126.288040,4104.530267,4082.814388,4061.141096,4039.510204,4017.922242,3996.376864,3974.875268,3953.416621,3932.001847,3910.630996,3889.304659,3868.022490,3846.784752,3825.591962,3804.444705,3783.342738,3762.286592,3741.275545,3720.310998,3699.392781,3678.521416,3657.696660,3636.919056,3616.188928,3595.506526,3574.871819,3554.284891,3533.746594,3513.256499,3492.815554,3472.423723,3452.081023,3431.787623,3411.544225,3391.350675,3371.207747,3351.115384,3331.072965,3311.082526,3291.142719,3271.255155,3251.419306,3231.635207,3211.903520,3192.224173,3172.598149,3153.024796,3133.504556,3114.038453,3094.626022,3075.267823,3055.963847,3036.714564,3017.519944,2998.380663,2979.296859,2960.268440,2941.295983,2922.379509,2903.519313,2884.715777,2865.969339,2847.280088,2828.647949,2810.073712,2791.557476,2773.099556,2754.699218,2736.358319,2718.076174,2699.853772,2681.690859,2663.587445,2645.544207,2627.560848,2609.638287,2591.776392,2573.976179,2556.237205,2538.559435,2520.944144,2503.390777,2485.899908,2468.471272,2451.105673,2433.803297,2416.564087,2399.388927,2382.277513,2365.230585,2348.248131,2331.330602,2314.478135,2297.690299,2280.968581,2264.312441,2247.721927,2231.198487,2214.741154,2198.350840,2182.027281,2165.771302,2149.583087,2133.462288,2117.409822,2101.426392,2085.511157,2069.665124,2053.887924,2038.180000,2022.541946,2006.973586,1991.476077,1976.049600,1960.693855,1945.408824,1930.195330,1915.053054,1899.982787,1884.984471,1870.058968,1855.205397,1840.425053,1825.717564,1811.083087,1796.522336,1782.035687,1767.622820,1753.285085,1739.021957,1724.833159,1710.719496,1696.681610,1682.718653,1668.832326,1655.021933,1641.287455,1627.630242,1614.049641,1600.546257,1587.120740,1573.772433,1560.501711,1547.309452,1534.195591,1521.160377,1508.203790,1495.327184,1482.529600,1469.811634,1457.173173,1444.614485,1432.136744,1419.739673,1407.423289,1395.188049,1383.034200,1370.961820,1358.971003,1347.062767,1335.236147,1323.492467,1311.830551,1300.252279,1288.757705,1277.345959,1266.017600,1254.773300,1243.613571,1232.537524,1221.544653,1210.637482,1199.818604,1189.084213,1178.435985,1167.869632,1157.389642,1147.003861,1136.719515,1126.522573,1116.371445,1106.325929,1096.366500,1086.493770,1076.709689,1067.014258,1057.406562,1047.886791,1038.454766,1029.111590,1019.858139,1010.693814,1001.618483,992.632341,983.736176,974.929657,966.213108,957.587227,949.052195,940.608575,932.255319,923.992727,915.821737,907.741996,899.754029,891.858683,884.055035,876.343566,868.724231,861.197992,853.764212,846.423590,839.175864,832.021859,824.961403,817.994346,811.121136,804.341989,797.657040,791.066563,784.570789,778.170159,771.864156,765.653264,759.537659,753.517647,747.593239,741.764288,736.031318,730.394039,724.853400,719.408662,714.060679,708.809786,703.655283,698.597849,693.637759,688.774684,684.009251,679.341498,674.771006,670.298759,665.923978,661.647798,657.469491,653.390007,649.408905,645.526433,641.742660,638.057943,634.472348,630.985750,627.598763,624.311240,621.123271,618.035171,615.046459,612.157784,609.369467,606.681176,604.092641,601.604815,599.217482,596.930446,594.744262,592.659018,590.674728,588.791415,587.009196,585.328069,583.748304,582.270231,580.893376,579.618486,578.444983,577.373592,576.403746,575.535955,574.770216,574.106684,573.545569,573.086296,572.729627,572.475591,572.323962,572.274972,572.328724,572.485212,572.744979,573.107274,573.572494,574.140878,574.812235,575.586952,576.465117,577.446452,578.531205,579.719382,581.010845,582.406031,583.904920,585.507446,587.213687,589.023674,590.937437,592.955138,595.076735,597.302183,599.631724,602.065503,604.603430,607.245297,609.991314,612.841386,615.795926,618.854734,622.017794,625.285251,628.657061,632.133145,635.713859,639.399083,643.188772,647.083105,651.081850,655.185245,659.393320,663.706079,668.123402,672.645162,677.271723,682.002898,686.838675,691.779357,696.824945,701.974910,707.229730,712.589172,718.053362,723.622171,729.295759,735.074250,740.957364,746.945425,753.038199,759.235518,765.537770,771.944372,778.456017,785.072255,791.793172,798.619023,805.549345,812.584585,819.724297,826.968828,834.317854,841.771512,849.329981,856.992984,864.760384,872.632282,880.608937,888.689941,896.875358,905.165183,913.559859,922.058858,930.661994,939.369427,948.181295,957.097487,966.117913,975.242749,984.471599,993.804501,1003.241368,1012.782386,1022.427333,1032.176650,1042.029795,1051.986893,1062.047812,1072.212485,1082.481050,1092.853412,1103.329274,1113.908645,1124.591671,1135.378304,1146.268251,1157.261899,1168.359016,1179.559358,1190.863030,1202.269833,1213.779878,1225.392972,1237.109113,1248.928303,1260.850763,1272.875817,1285.003713,1297.234374,1309.567903,1322.003897
6221.215805,6196.861131,6172.529056,6148.219243,6123.932876,6099.669618,6075.429292,6051.212732,6027.019676,6002.850120,5978.705001,5954.583933,5930.487288,5906.414515,5882.366667,5858.344060,5834.346487,5810.374126,5786.427156,5762.504837,5738.609180,5714.739074,5690.894832,5667.077401,5643.286602,5619.522471,5595.785191,5572.074949,5548.391824,5524.735871,5501.107866,5477.507647,5453.935233,5430.391068,5406.875096,5383.387873,5359.929249,5336.498998,5313.098621,5289.727566,5266.385710,5243.073286,5219.791237,5196.538976,5173.317096,5150.126044,5126.965579,5103.835830,5080.737454,5057.670149,5034.634529,5011.630003,4988.657776,4965.717012,4942.809409,4919.933815,4897.091428,4874.281875,4851.504934,4828.761333,4806.051500,4783.375577,4760.733630,4738.126012,4715.552585,4693.013922,4670.510053,4648.041106,4625.607441,4603.208910,4580.846345,4558.519642,4536.229014,4513.974671,4491.756665,4469.574905,4447.430752,4425.323760,4403.253679,4381.221544,4359.227359,4337.271193,4315.353030,4293.472529,4271.631373,4249.829552,4228.066777,4206.343515,4184.659918,4163.016152,4141.412147,4119.848366,4098.324834,4076.842320,4055.401083,4034.000616,4012.641630,3991.324709,3970.049717,3948.816693,3927.625941,3906.477816,3885.372435,3864.310488,3843.291003,3822.315770,3801.384297,3780.496290,3759.652753,3738.853710,3718.099421,3697.390186,3676.726215,3656.107105,3635.534300,3615.006937,3594.525523,3574.090637,3553.702622,3533.361762,3513.067828,3492.821351,3472.622530,3452.470774,3432.367822,3412.313210,3392.306785,3372.349708,3352.441312,3332.582111,3312.773022,3293.013481,3273.303862,3253.644717,3234.035674,3214.477963,3194.971181,3175.515891,3156.112179,3136.760045,3117.460437,3098.212584,3079.017773,3059.875516,3040.786319,3021.750855,3002.768801,2983.840708,2964.966561,2946.146727,2927.381896,2908.671801,2890.016709,2871.416725,2852.872401,2834.384098,2815.951972,2797.575946,2779.257121,2760.994863,2742.789813,2724.641813,2706.552069,2688.520089,2670.546079,2652.630940,2634.774627,2616.976750,2599.238469,2581.559297,2563.940661,2546.381805,2528.883072,2511.444992,2494.067730,2476.751920,2459.497371,2442.304131,2425.172824,2408.103516,2391.096446,2374.152065,2357.270684,2340.452674,2323.698054,2307.007102,2290.380046,2273.817291,2257.318938,2240.885399,2224.516497,2208.213075,2191.975129,2175.803020,2159.696907,2143.656442,2127.683156,2111.776811,2095.936725,2080.164556,2064.460369,2048.823676,2033.255182,2017.754535,2002.322909,1986.959297,1971.666011,1956.442335,1941.288547,1926.204158,1911.190586,1896.247007,1881.374409,1866.572261,1851.842073,1837.182988,1822.595826,1808.080506,1793.637329,1779.266597,1764.968358,1750.743573,1736.592168,1722.514671,1708.510897,1694.580281,1680.724704,1666.943018,1653.236902,1639.605378,1626.049396,1612.568715,1599.164060,1585.834955,1572.583119,1559.407369,1546.308450,1533.286115,1520.341849,1507.474524,1494.685274,1481.974281,1469.341876,1456.787779,1444.312062,1431.915146,1419.597666,1407.360054,1395.202572,1383.124802,1371.126928,1359.209274,1347.373197,1335.617984,1323.943632,1312.350663,1300.838740,1289.408948,1278.062266,1266.797389,1255.614569,1244.515415,1233.498636,1222.564577,1211.713461,1200.946456,1190.266718,1179.670885,1169.160318,1158.732109,1148.384401,1138.133015,1127.970673,1117.911595,1107.895647,1097.980119,1088.149404,1078.404486,1068.746742,1059.177203,1049.694149,1040.297918,1030.988585,1021.766967,1012.633845,1003.589165,994.632446,985.763786,976.984094,968.293165,959.690852,951.178499,942.755846,934.423709,926.180666,918.027756,909.964967,901.992658,894.111267,886.321493,878.622304,871.014272,863.497516,856.072678,848.739578,841.498422,834.349428,827.293067,820.329292,813.457950,806.679502,799.994156,793.402053,786.903483,780.498643,774.187899,767.971001,761.848298,755.819881,749.886113,744.046962,738.302447,732.653006,727.098219,721.638958,716.275176,711.006944,705.834982,700.758432,695.778125,690.894272,686.106371,681.415371,676.821094,672.323048,667.922689,663.618688,659.412341,655.303322,651.292125,647.378193,643.562343,639.844181,636.224218,632.702555,629.279021,625.954227,622.728101,619.600664,616.572270,613.642393,610.811762,608.080729,605.448739,602.915777,600.482597,598.149308,595.915361,593.781505,591.747759,589.814182,587.980784,586.247619,584.614877,583.082682,581.651384,580.320513,579.090733,577.961782,576.934052,576.007008,575.181497,574.457154,573.834283,573.313010,572.892918,572.574654,572.358283,572.243586,572.230887,572.320031,572.511251,572.805098,573.200647,573.698422,574.298727,575.001261,575.806535,576.714390,577.724856,578.837997,580.053822,581.372289,582.793842,584.318343,585.945846,587.676392,589.510023,591.446819,593.486767,595.630019,597.876504,600.226425,602.679848,605.236838,607.897102,610.660933,613.528107,616.499228,619.573936,622.752325,626.034393,629.420247,632.909766,636.503336,640.200751,644.002050,647.907415,651.916587,656.029819,660.247144,664.568567,668.993951,673.523232,678.156611,682.894274,687.735846,692.681822,697.732017,702.886095,708.144530,713.506924,718.973551,724.544299,730.219263,735.998591,741.882009,747.869843,753.961861,760.157899,766.458350,772.862716,779.371442,785.984333,792.701393,799.522884,806.448342,813.478218,820.612066,827.850311,835.192433,842.638802,850.189562,857.844126,865.602753,873.465440,881.432340,889.503093,897.677897,905.956630,914.339731,922.826777,931.417347,940.111843,948.910444,957.812687,966.818840,975.928964,985.142665,994.459985,1003.880839,1013.405416,1023.033497,1032.765655,1042.600962,1052.539935,1062.582316,1072.728039,1082.977246,1093.329842,1103.785537,1114.344340,1125.006400,1135.771673,1146.639867,1157.611371,1168.685959,1179.863386,1191.143762,1202.526890,1214.012882,1225.601550,1237.292893,1249.086915,1260.983842,1272.982998,1285.084635,1297.288678,1309.595232,1322.003897
6140.357291,6116.378421,6092.422820,6068.489398,6044.578321,6020.689387,5996.823511,5972.980486,5949.160296,5925.363451,5901.589593,5877.839691,5854.113498,5830.411070,5806.732631,5783.078504,5759.448513,5735.843338,5712.262823,5688.707237,5665.177028,5641.672104,5618.192397,5594.737585,5571.309455,5547.907525,5524.531538,5501.181554,5477.858770,5454.562733,5431.293589,5408.051260,5384.836514,5361.649324,5338.489811,5315.357933,5292.254342,5269.178907,5246.131677,5223.112934,5200.123413,5177.162670,5154.231052,5131.329197,5108.456115,5085.613590,5062.800803,5040.018470,5017.266122,4994.544730,4971.853888,4949.193934,4926.565029,4903.967874,4881.402310,4858.867686,4836.364924,4813.895277,4791.458002,4769.053306,4746.680787,4724.341281,4702.035555,4679.762695,4657.523980,4635.319081,4613.148204,4591.011512,4568.909207,4546.841560,4524.808718,4502.811113,4480.848356,4458.921544,4437.030447,4415.175104,4393.355430,4371.572773,4349.826692,4328.117283,4306.444537,4284.809494,4263.211898,4241.651681,4220.129254,4198.645183,4177.198776,4155.791292,4134.422938,4113.093668,4091.803619,4070.552982,4049.341929,4028.170542,4007.039083,3985.948518,3964.898375,3943.887823,3922.919518,3901.992574,3881.107180,3860.263225,3839.461504,3818.701755,3797.984229,3777.309671,3756.677760,3736.089394,3715.543667,3695.041911,3674.584009,3654.170340,3633.800775,3613.475561,3593.195476,3572.959564,3552.769728,3532.625122,3512.525738,3492.472780,3472.466084,3452.505680,3432.592336,3412.725719,3392.906236,3373.134011,3353.409473,3333.732640,3314.104298,3294.524202,3274.992950,3255.510515,3236.077226,3216.693250,3197.357957,3178.073708,3158.839508,3139.655187,3120.521711,3101.439150,3082.407916,3063.427544,3044.499255,3025.622695,3006.798154,2988.026092,2969.306576,2950.639962,2932.026597,2913.466460,2894.960078,2876.507478,2858.109215,2839.765285,2821.475488,2803.241042,2785.061863,2766.937091,2748.868957,2730.856584,2712.900516,2695.000170,2677.157039,2659.371005,2641.642042,2623.970114,2606.356347,2588.800543,2571.302670,2553.863230,2536.482829,2519.161779,2501.899918,2484.696978,2467.554321,2450.471665,2433.449584,2416.487929,2399.587062,2382.747056,2365.968339,2349.251553,2332.596016,2316.003327,2299.472909,2283.005113,2266.599960,2250.258122,2233.979931,2217.765367,2201.614640,2185.527683,2169.505735,2153.548241,2137.656005,2121.828267,2106.066454,2090.370374,2074.740342,2059.176599,2043.679253,2028.249341,2012.886137,1997.589818,1982.361510,1967.200548,1952.107285,1937.083628,1922.128347,1907.242485,1892.425148,1877.677679,1862.999364,1848.391370,1833.853169,1819.385925,1804.988901,1790.662903,1776.408162,1762.224573,1748.112643,1734.072809,1720.105290,1706.210615,1692.388816,1678.638964,1664.963097,1651.360416,1637.831600,1624.376782,1610.996325,1597.689842,1584.458672,1571.301974,1558.221265,1545.215831,1532.286059,1519.431522,1506.654080,1493.952842,1481.328495,1468.781171,1456.311734,1443.919215,1431.604085,1419.366870,1407.207897,1395.127526,1383.126624,1371.203941,1359.360501,1347.596165,1335.912211,1324.308628,1312.784463,1301.340098,1289.976355,1278.693375,1267.492162,1256.372371,1245.333300,1234.376937,1223.501746,1212.708560,1201.996777,1191.368498,1180.826299,1170.367469,1159.990866,1149.696824,1139.483792,1129.365875,1119.329624,1109.405948,1099.518227,1089.731115,1080.027857,1070.408674,1060.876600,1051.431015,1042.070870,1032.797125,1023.609379,1014.507404,1005.493481,996.567177,987.727668,978.975113,970.310588,961.733833,953.244623,944.844354,936.533071,928.311130,920.177270,912.132649,904.177078,896.310967,888.534904,880.849553,873.253721,865.748079,858.332795,851.008042,843.774765,836.632039,829.580737,822.620975,815.752774,808.976350,802.291626,795.699117,789.198622,782.791040,776.476484,770.254831,764.126099,758.090416,752.148515,746.300143,740.545461,734.884502,729.317703,723.844612,718.466125,713.182352,707.993129,702.899083,697.900084,692.996018,688.187521,683.474263,678.856942,674.335462,669.909339,665.579899,661.346218,657.209225,653.168570,649.224984,645.377781,641.627803,637.974662,634.418874,630.960420,627.599469,624.336401,621.171038,618.103583,615.134244,612.262794,609.489586,606.815329,604.239110,601.761313,599.382434,597.102484,594.921248,592.839242,590.856551,588.973237,587.189298,585.504843,583.920007,582.434983,581.050005,579.764899,578.579788,577.494910,576.510329,575.625925,574.842198,574.158875,573.576363,573.094554,572.713246,572.433163,572.253971,572.175971,572.199080,572.323408,572.549080,572.876642,573.305256,573.835376,574.467203,575.200767,576.036152,576.973633,578.012813,579.154077,580.397306,581.742573,583.190215,584.740194,586.392380,588.147006,590.004053,591.963606,594.025655,596.190295,598.457639,600.827685,603.300649,605.876513,608.555015,611.336452,614.220705,617.208077,620.298497,623.492018,626.788584,630.188245,633.691123,637.297368,641.006893,644.819631,648.735877,652.755340,656.878291,661.104658,665.434759,669.868010,674.404828,679.044875,683.788792,688.636046,693.587253,698.641851,703.799990,709.061883,714.427186,719.896178,725.468749,731.144997,736.925075,742.808819,748.796367,754.887416,761.082276,767.380667,773.782639,780.288458,786.897932,793.611069,800.428132,807.348647,814.373114,821.501173,828.732877,836.068101,843.507087,851.049981,858.696188,866.445981,874.299399,882.256536,890.317020,898.481210,906.748742,915.120229,923.595206,932.173252,940.854776,949.640056,958.528340,967.520190,976.615573,985.814098,995.115809,1004.520623,1014.028736,1023.639927,1033.354874,1043.172354,1053.093183,1063.117006,1073.243761,1083.473593,1093.806410,1104.241922,1114.780132,1125.421225,1136.165125,1147.011655,1157.960907,1169.012956,1180.167460,1191.424558,1202.783977,1214.245911,1225.810147,1237.476687,1249.245441,1261.116928,1273.090184,1285.165559,1297.342982,1309.622561,1322.003897
6060.927039,6037.317304,6013.728428,5990.162137,5966.618065,5943.095935,5919.595544,5896.117799,5872.662496,5849.229803,5825.819433,5802.432469,5779.068489,5755.727810,5732.410715,5709.116881,5685.847224,5662.601039,5639.379332,5616.182135,5593.009440,5569.861422,5546.738011,5523.639872,5500.566941,5477.518621,5454.496512,5431.499775,5408.529490,5385.585313,5362.666926,5339.775476,5316.910381,5294.072430,5271.260931,5248.477254,5225.720911,5202.992134,5180.291205,5157.617934,5134.972656,5112.355902,5089.767940,5067.208693,5044.677705,5022.176210,4999.703849,4977.261338,4954.848257,4932.465243,4910.112129,4887.789553,4865.496948,4843.235491,4821.004483,4798.804935,4776.635949,4754.498620,4732.393018,4710.319256,4688.277987,4666.268403,4644.291866,4622.347696,4600.436209,4578.558274,4556.713562,4534.902393,4513.124604,4491.380947,4469.671415,4447.996269,4426.355650,4404.749741,4383.178808,4361.642727,4340.142154,4318.676542,4297.247313,4275.854319,4254.497553,4233.176986,4211.893323,4190.646197,4169.436225,4148.263508,4127.128474,4106.031375,4084.971589,4063.950311,4042.967708,4022.023530,4001.118517,3980.252438,3959.425429,3938.638258,3917.890633,3897.182926,3876.515295,3855.887895,3835.301391,3814.755789,3794.251427,3773.788359,3753.367010,3732.987266,3712.649763,3692.354614,3672.101697,3651.891056,3631.724190,3611.600210,3591.519759,3571.483048,3551.490229,3531.541246,3511.636508,3491.776152,3471.960965,3452.190813,3432.466020,3412.786718,3393.153301,3373.565734,3354.024553,3334.530185,3315.082466,3295.681169,3276.327505,3257.021137,3237.762588,3218.552255,3199.390119,3180.276533,3161.211479,3142.194466,3123.227478,3104.309788,3085.441932,3066.624165,3047.856298,3029.138866,3010.472285,2991.856506,2973.291940,2954.778857,2936.317614,2917.907883,2899.550633,2881.245426,2862.993236,2844.794037,2826.648061,2808.555208,2790.516105,2772.530723,2754.600099,2736.723111,2718.901307,2701.134118,2683.422688,2665.766090,2648.165457,2630.621018,2613.132748,2595.701109,2578.325476,2561.007323,2543.745921,2526.542220,2509.396651,2492.308793,2475.279739,2458.308999,2441.396874,2424.543698,2407.750046,2391.015988,2374.342034,2357.727964,2341.173494,2324.680454,2308.248022,2291.876566,2275.566727,2259.318577,2243.131709,2227.007528,2210.945908,2194.946839,2179.010869,2163.137670,2147.327642,2131.581972,2115.899579,2100.281816,2084.727916,2069.239315,2053.815538,2038.457190,2023.163982,2007.937131,1992.776562,1977.681679,1962.652742,1947.691644,1932.796250,1917.968971,1903.209737,1888.518619,1873.895503,1859.340709,1844.854245,1830.437083,1816.088691,1801.809908,1787.600764,1773.461406,1759.392213,1745.393343,1731.464791,1717.607530,1703.821235,1690.106768,1676.464259,1662.893036,1649.394231,1635.967818,1622.614338,1609.333671,1596.126092,1582.991742,1569.931309,1556.944779,1544.032678,1531.195174,1518.432299,1505.743625,1493.130603,1480.593546,1468.131637,1455.745733,1443.436885,1431.203863,1419.047315,1406.967780,1394.965163,1383.040148,1371.193456,1359.423804,1347.733006,1336.119767,1324.586270,1313.131782,1301.755986,1290.458840,1279.241660,1268.102926,1257.046067,1246.069233,1235.172130,1224.356952,1213.621666,1202.967050,1192.392754,1181.902465,1171.496087,1161.172781,1150.929983,1140.766675,1130.690849,1120.708304,1110.789001,1100.997166,1091.238468,1081.577673,1072.000352,1062.505670,1053.097673,1043.774986,1034.536390,1025.383708,1016.315540,1007.332367,998.436148,989.626820,980.903097,972.265563,963.714776,955.250820,946.873576,938.584327,930.382961,922.270115,914.244286,906.306730,898.457253,890.696274,883.024381,875.442101,867.948666,860.544252,853.229309,846.004038,838.869043,831.823995,824.869255,818.005079,811.231603,804.548930,797.957061,791.456212,785.046869,778.729320,772.503963,766.370312,760.328961,754.379639,748.523179,742.759354,737.088243,731.510191,726.024988,720.632927,715.334389,710.129669,705.018885,700.002260,695.079721,690.251239,685.517262,680.878059,676.333716,671.884322,667.529365,663.270218,659.106281,655.037883,651.065063,647.188363,643.407339,639.722625,636.133906,632.641702,629.245996,625.947064,622.744954,619.639878,616.631860,613.721141,610.907501,608.191262,605.573089,603.052316,600.629126,598.304069,596.077039,593.947959,591.917348,589.985277,588.151782,586.416880,584.780684,583.243378,581.805087,580.465893,579.226085,578.085401,577.044245,576.102488,575.260280,574.517968,573.875333,573.332848,572.890119,572.547303,572.304956,572.162774,572.121056,572.179639,572.338914,572.598805,572.959715,573.421052,573.983190,574.646302,575.410527,576.275931,577.242569,578.310308,579.479457,580.749751,582.121662,583.595154,585.170315,586.847047,588.625562,590.505745,592.487761,594.571776,596.757610,599.045573,601.435574,603.927885,606.522433,609.218988,612.017708,614.918904,617.922479,621.028438,624.236839,627.547810,630.961200,634.477203,638.095984,641.817422,645.641524,649.568480,653.598096,657.730732,661.965971,666.304483,670.745571,675.289653,679.936396,684.686445,689.539269,694.495545,699.554534,704.716642,709.981838,715.349952,720.821213,726.395514,732.072849,737.853695,743.737696,749.724727,755.814858,762.008281,768.304686,774.704221,781.207062,787.813018,794.522194,801.334765,808.250289,815.269271,822.391350,829.616587,836.944856,844.376405,851.911405,859.549193,867.290117,875.134250,883.081521,891.131731,899.285184,907.541519,915.901439,924.364222,932.929710,941.598228,950.370054,959.244445,968.222075,977.302575,986.485964,995.771971,1005.160722,1014.652345,1024.246624,1033.944239,1043.743969,1053.646634,1063.651909,1073.759651,1083.970091,1094.283113,1104.698429,1115.216044,1125.836146,1136.558662,1147.383417,1158.310505,1169.340006,1180.471579,1191.705366,1203.041095,1214.478964,1226.018763,1237.660496,1249.404075,1261.250021,1273.197374,1285.246486,1297.397288,1309.649891,1322.003897
5982.882866,5959.634266,5936.406895,5913.199950,5890.013302,5866.849629,5843.707188,5820.586354,5797.487477,5774.411015,5751.356769,5728.324841,5705.315489,5682.328888,5659.365039,5636.424378,5613.506660,5590.612404,5567.741822,5544.894091,5522.071264,5499.272507,5476.497848,5453.747800,5431.022358,5408.321683,5385.645355,5362.994267,5340.369024,5317.769272,5295.195191,5272.646696,5250.124499,5227.628477,5205.158059,5182.715050,5160.298801,5137.909252,5115.547014,5093.212090,5070.904726,5048.623855,5026.372054,5004.148149,4981.952574,4959.785030,4937.646489,4915.536146,4893.455516,4871.404124,4849.382078,4827.389044,4805.426414,4783.493531,4761.590998,4739.718475,4717.876928,4696.065730,4674.284987,4652.536302,4630.818970,4609.132777,4587.477475,4565.855413,4544.265223,4522.707492,4501.182506,4479.690001,4458.230749,4436.804615,4415.411850,4394.052697,4372.727329,4351.435734,4330.178620,4308.955921,4287.767848,4266.614419,4245.495279,4224.412353,4203.364897,4182.353006,4161.376978,4140.437063,4119.533500,4098.665908,4077.835410,4057.042103,4036.285937,4015.567321,3994.886363,3974.242469,3953.637357,3933.070489,3912.541966,3892.052103,3871.601558,3851.190148,3830.817873,3810.485217,3790.192230,3769.939381,3749.726585,3729.554704,3709.423428,3689.333209,3669.284018,3649.276700,3629.310881,3609.386606,3589.504432,3569.665120,3549.868395,3530.114653,3510.403625,3490.736026,3471.111652,3451.531140,3431.994314,3412.501488,3393.053734,3373.650458,3354.292182,3334.978782,3315.710836,3296.488802,3277.312513,3258.182229,3239.098285,3220.060984,3201.070073,3182.126893,3163.231159,3144.382814,3125.582288,3106.829394,3088.125050,3069.468917,3050.861789,3032.303806,3013.795090,2995.336121,2976.926677,2958.567148,2940.258100,2921.999275,2903.791501,2885.634674,2867.529083,2849.474718,2831.472274,2813.521852,2795.623716,2777.778114,2759.985000,2742.244956,2724.558348,2706.924569,2689.345326,2671.819647,2654.348319,2636.931358,2619.569295,2602.262474,2585.010806,2567.814675,2550.674470,2533.589500,2516.560914,2499.589008,2482.674228,2465.816661,2449.015918,2432.273155,2415.588334,2398.961240,2382.392165,2365.882032,2349.431097,2333.039199,2316.706201,2300.432901,2284.219548,2268.066620,2251.973763,2235.941640,2219.969907,2204.059981,2188.211390,2172.424557,2156.699622,2141.036991,2125.436178,2109.898380,2094.423571,2079.011497,2063.663529,2048.378455,2033.158310,2018.001558,2002.910340,1987.883060,1972.921412,1958.025256,1943.193752,1928.428220,1913.728864,1899.095103,1884.528773,1870.029383,1855.597413,1841.232593,1826.935521,1812.705952,1798.544902,1784.451792,1770.427534,1756.472421,1742.586124,1728.769258,1715.021865,1701.344172,1687.736425,1674.200067,1660.734214,1647.339479,1634.014909,1620.762318,1607.581491,1594.472436,1581.435698,1568.471456,1555.579093,1542.760278,1530.014798,1517.343027,1504.744670,1492.220118,1479.769013,1467.393580,1455.092075,1442.866035,1430.715179,1418.639933,1406.639571,1394.715643,1382.867296,1371.095863,1359.401108,1347.783206,1336.242264,1324.778809,1313.393803,1302.086414,1290.856902,1279.705160,1268.632419,1257.636796,1246.722301,1235.886646,1225.129870,1214.453731,1203.856744,1193.339263,1182.899757,1172.546368,1162.274224,1152.083711,1141.973719,1131.942844,1121.992176,1112.132813,1102.354544,1092.680024,1083.054328,1073.519190,1064.065838,1054.694667,1045.408960,1036.207626,1027.089338,1018.056205,1009.106368,1000.240739,991.461137,982.767290,974.157970,965.633971,957.195963,948.843400,940.577096,932.397572,924.304929,916.299744,908.381034,900.549291,892.804664,885.147802,877.579065,870.098794,862.706536,855.402339,848.186511,841.059737,834.022127,827.073638,820.214412,813.444914,806.765158,800.175103,793.675190,787.265157,780.946073,774.717603,768.580477,762.534062,756.579181,750.715357,744.943496,739.263406,733.675067,728.178749,722.774730,717.462830,712.243529,707.117120,702.083913,697.143908,692.297062,687.543426,682.883420,678.317438,673.845376,669.467462,665.183222,660.993647,656.898577,652.898199,648.992493,645.182033,641.466660,637.846556,634.321715,630.892509,627.558993,624.321395,621.179848,618.134452,615.185332,612.332653,609.576367,606.916698,604.354149,601.888104,599.518884,597.247310,595.072655,592.995416,591.015777,589.133820,587.349702,585.663405,584.075044,582.584689,581.192823,579.899175,578.704159,577.607514,576.609639,575.710475,574.910010,574.208754,573.606437,573.103538,572.699665,572.395001,572.190034,572.084608,572.078786,572.172622,572.366411,572.660234,573.054227,573.547904,574.141856,574.835951,575.630521,576.525660,577.521273,578.617313,579.814081,581.111330,582.509561,584.008675,585.608735,587.309779,589.111902,591.015067,593.019407,595.125102,597.331974,599.640283,602.050104,604.561678,607.174578,609.889000,612.704965,615.622769,618.642370,621.763723,624.986907,628.312053,631.739021,635.267989,638.899145,642.632335,646.467654,650.405211,654.444888,658.586916,662.831315,667.177856,671.626610,676.177836,680.831298,685.587225,690.445507,695.406703,700.470021,705.636017,710.904372,716.275220,721.748651,727.324590,733.003096,738.784482,744.668497,750.655051,756.744184,762.936092,769.230467,775.627491,782.127250,788.729650,795.434937,802.242687,809.153250,816.166711,823.282727,830.501438,837.822725,845.246755,852.773821,860.403128,868.135134,875.969879,883.907296,891.947188,900.089840,908.334959,916.683221,925.133826,933.686719,942.342196,951.100538,959.961061,968.924270,977.989970,987.158126,996.428472,1005.801133,1015.276243,1024.853654,1034.533849,1044.315809,1054.200290,1064.186970,1074.275976,1084.466742,1094.759954,1105.155057,1115.652064,1126.251162,1136.952282,1147.755251,1158.660167,1169.667109,1180.775743,1191.986211,1203.298244,1214.712042,1226.227398,1237.844319,1249.562719,1261.383122,1273.304570,1285.327416,1297.451596,1309.677221,1322.003897
5906.186118,5883.290714,5860.415237,5837.560440,5814.726189,5791.913276,5769.120011,5746.349311,5723.599606,5700.871760,5678.164906,5655.480137,5632.817802,5610.177572,5587.559699,5564.964225,5542.391549,5519.841705,5497.314768,5474.811095,5452.330283,5429.873344,5407.440206,5385.030656,5362.645397,5340.284320,5317.947110,5295.634966,5273.346794,5251.083898,5228.846188,5206.634004,5184.447249,5162.286100,5140.150701,5118.040711,5095.957465,5073.900302,5051.869894,5029.866176,5007.889032,4985.939189,4964.016519,4942.120662,4920.253166,4898.413469,4876.601287,4854.817070,4833.061215,4811.334566,4789.636640,4767.967428,4746.327243,4724.716735,4703.135289,4681.583998,4660.062201,4638.570892,4617.109857,4595.678869,4574.278518,4552.909518,4531.571551,4510.264047,4488.988445,4467.744217,4446.532097,4425.352508,4404.205054,4383.090203,4362.007744,4340.958378,4319.942065,4298.959128,4278.009682,4257.093888,4236.212041,4215.364026,4194.550439,4173.770915,4153.026465,4132.317265,4111.643117,4091.004319,4070.401224,4049.833922,4029.301992,4008.806918,3988.347664,3967.925348,3947.540226,3927.192057,3906.881313,3886.607282,3866.371677,3846.173758,3826.014359,3805.893383,3785.810750,3765.767219,3745.762254,3725.797055,3705.871205,3685.984365,3666.137964,3646.331777,3626.566119,3606.840997,3587.156887,3567.513716,3547.911452,3528.351192,3508.832529,3489.356232,3469.922159,3450.530659,3431.181624,3411.875495,3392.612492,3373.392752,3354.216250,3335.083748,3315.995787,3296.951656,3277.952352,3258.997366,3240.087926,3221.223894,3202.404568,3183.631682,3164.904242,3146.223295,3127.588889,3109.001118,3090.460566,3071.966972,3053.520644,3035.122206,3016.770893,2998.468099,2980.213912,2962.008613,2943.851982,2925.744575,2907.686629,2889.678012,2871.719172,2853.810697,2835.952442,2818.145000,2800.387967,2782.682103,2765.027853,2747.425096,2729.873924,2712.374936,2694.928347,2677.534285,2660.192604,2642.904528,2625.669906,2608.488406,2591.360730,2574.287559,2557.268617,2540.304478,2523.394985,2506.540577,2489.740762,2472.996671,2456.309081,2439.677505,2423.102573,2406.583522,2390.121938,2373.717559,2357.370239,2341.080131,2324.848423,2308.675113,2292.559867,2276.503462,2260.505435,2244.567207,2228.688243,2212.868991,2197.109053,2181.409882,2165.771249,2150.193164,2134.676253,2119.220533,2103.826219,2088.493005,2073.222164,2058.013577,2042.867275,2027.783265,2012.763319,1997.806563,1982.912519,1968.083203,1953.317225,1938.616193,1923.979242,1909.406694,1894.899968,1880.457523,1866.080987,1851.771293,1837.527260,1823.349737,1809.239085,1795.194798,1781.218117,1767.308569,1753.466600,1739.692572,1725.986534,1712.349128,1698.780080,1685.279853,1671.848816,1658.487429,1645.195851,1631.974474,1618.822450,1605.741259,1592.730678,1579.791405,1566.922837,1554.125835,1541.400041,1528.746667,1516.165367,1503.656880,1491.221002,1478.858013,1466.567050,1454.350805,1442.208168,1430.139220,1418.144742,1406.224949,1394.379014,1382.608424,1370.912708,1359.292711,1347.747792,1336.279666,1324.886717,1313.571365,1302.332877,1291.170935,1280.086049,1269.077714,1258.147400,1247.293575,1236.519151,1225.823239,1215.205280,1204.666220,1194.205771,1183.823676,1173.519159,1163.299316,1153.159859,1143.101339,1133.122259,1123.220020,1113.399427,1103.678201,1094.018452,1084.464477,1074.965205,1065.553755,1056.223655,1046.974286,1037.809419,1028.728202,1019.728978,1010.813806,1001.981136,993.231578,984.567121,975.987660,967.491606,959.079631,950.753303,942.511133,934.354301,926.283235,918.298186,910.399681,902.586657,894.859728,887.218880,879.664728,872.198120,864.818873,857.526704,850.321681,843.204100,836.174669,829.233389,822.380436,815.615778,808.939927,802.352896,795.854510,789.445718,783.125708,776.895743,770.755428,764.705644,758.745704,752.876340,747.097180,741.409072,735.811872,730.305407,724.890299,719.566455,714.333968,709.193079,704.144355,699.187893,694.323751,689.551740,684.872469,680.285774,675.792262,671.391724,667.084313,662.870273,658.749769,654.722913,650.789918,646.950854,643.205977,639.555490,635.999495,632.537767,629.171107,625.899139,622.722340,619.640819,616.654544,613.763973,610.968720,608.269174,605.665496,603.158113,600.746392,598.431035,596.212079,594.089457,592.063467,590.134314,588.302065,586.566896,584.928765,583.387644,581.944116,580.598117,579.349621,578.198918,577.146028,576.191199,575.334003,574.575140,573.914450,573.352113,572.888437,572.522930,572.256223,572.088332,572.019253,572.049127,572.177971,572.405918,572.733601,573.160074,573.685919,574.311345,575.036184,575.860836,576.785371,577.809704,578.933812,580.157930,581.481883,582.906143,584.430619,586.055421,587.780527,589.606018,591.532057,593.558441,595.685637,597.913313,600.241819,602.671346,605.201771,607.832923,610.565032,613.397998,616.332275,619.367750,622.504333,625.742137,629.081295,632.521682,636.063469,639.706849,643.451674,647.298039,651.246059,655.295616,659.446994,663.700077,668.054815,672.511119,677.069369,681.729357,686.491123,691.354752,696.320745,701.388310,706.558003,711.829514,717.202978,722.678488,728.255971,733.935635,739.717364,745.601341,751.587336,757.675390,763.865705,770.157974,776.552386,783.049020,789.647794,796.348956,803.152083,810.057529,817.065381,824.175300,831.387428,838.701627,846.118228,853.637194,861.257991,868.981031,876.806304,884.733860,892.763390,900.895221,909.129134,917.465616,925.904016,934.444345,943.086681,951.831506,960.678071,969.626885,978.677759,987.830654,997.085311,1006.441858,1015.900430,1025.460883,1035.123702,1044.888151,1054.754125,1064.722284,1074.792203,1084.963544,1095.236930,1105.611807,1116.088192,1126.666205,1137.345986,1148.127158,1159.009891,1169.994267,1181.079952,1192.267099,1203.555423,1214.945145,1226.436053,1238.028157,1249.721374,1261.516230,1273.411769,1285.408348,1297.505904,1309.704551,1322.003897
5830.800237,5808.250200,5785.719843,5763.209597,5740.719350,5718.249604,5695.800065,5673.370897,5650.962477,5628.575899,5606.210468,5583.866346,5561.542993,5539.241978,5516.962445,5494.704350,5472.469230,5450.256261,5428.065692,5405.897934,5383.752874,5361.630760,5339.531507,5317.455921,5295.403682,5273.375198,5251.370257,5229.389559,5207.432981,5185.500041,5163.591978,5141.708932,5119.850386,5098.016976,5076.209002,5054.426404,5032.668994,5010.937685,4989.232028,4967.552723,4945.899180,4924.272541,4902.672559,4881.099302,4859.552731,4838.033787,4816.541918,4795.077896,4773.641072,4752.232046,4730.851805,4709.499574,4688.175526,4666.880337,4645.614161,4624.377102,4603.169495,4581.990641,4560.842114,4539.723409,4518.634332,4497.575385,4476.547316,4455.549853,4434.582589,4413.646923,4392.741974,4371.868240,4351.026341,4330.216646,4309.438906,4288.693099,4267.979911,4247.299068,4226.651282,4206.036548,4185.454874,4164.906723,4144.392215,4123.911358,4103.464068,4083.051370,4062.673369,4042.329648,4022.021056,4001.747656,3981.509535,3961.306302,3941.139251,3921.008241,3900.912847,3880.854299,3860.832151,3840.846780,3820.898554,3800.986619,3781.112643,3761.276576,3741.478449,3721.718414,3701.996412,3682.312914,3662.668191,3643.062646,3623.495913,3603.968322,3584.480319,3565.032437,3545.625005,3526.257518,3506.930894,3487.644137,3468.398862,3449.195112,3430.032561,3410.911927,3391.833193,3372.796462,3353.802113,3334.850367,3315.940985,3297.075136,3278.251736,3259.472175,3240.736504,3222.044802,3203.397220,3184.794008,3166.235457,3147.721908,3129.253226,3110.829933,3092.452686,3074.121007,3055.835626,3037.596569,3019.403672,3001.258138,2983.159268,2965.107623,2947.102997,2929.146999,2911.238847,2893.379102,2875.567814,2857.805259,2840.091628,2822.427230,2804.812026,2787.246812,2769.731533,2752.266318,2734.851661,2717.487612,2700.174476,2682.912412,2665.702094,2648.543350,2631.436079,2614.381352,2597.379063,2580.429615,2563.532643,2546.689159,2529.899316,2513.163005,2496.480781,2479.852636,2463.278378,2446.758688,2430.294482,2413.885534,2397.531813,2381.233684,2364.991870,2348.806189,2332.677113,2316.604226,2300.588279,2284.629816,2268.728728,2252.885458,2237.100157,2221.373239,2205.704841,2190.095044,2174.543829,2159.051983,2143.620087,2128.247839,2112.935542,2097.683603,2082.492240,2067.361398,2052.290889,2037.282693,2022.335513,2007.449890,1992.626371,1977.866013,1963.167732,1948.532227,1933.960151,1919.450848,1905.005869,1890.623899,1876.306084,1862.052686,1847.863912,1833.739787,1819.681414,1805.688479,1791.761552,1777.899985,1764.104984,1750.376244,1736.713826,1723.118638,1709.590588,1696.130012,1682.736933,1669.411418,1656.154426,1642.965709,1629.846334,1616.795801,1603.814228,1590.901977,1578.059195,1565.286947,1552.584477,1539.952521,1527.391587,1514.900721,1502.481961,1490.134472,1477.858839,1465.655184,1453.522647,1441.463356,1429.477231,1417.563757,1405.723418,1393.956966,1382.263698,1370.644537,1359.099249,1347.628641,1336.232395,1324.911804,1313.665481,1302.495634,1291.401579,1280.383379,1269.440981,1258.574589,1247.784937,1237.070897,1226.435203,1215.877045,1205.396091,1194.992903,1184.667051,1174.418988,1164.247915,1154.159873,1144.151491,1134.222304,1124.373261,1114.604184,1104.904724,1095.297810,1085.767733,1076.346294,1066.969946,1057.680993,1048.472644,1039.343625,1030.298528,1021.335645,1012.454178,1003.655964,994.938866,986.304044,977.753661,969.286886,960.903061,952.602240,944.385976,936.252844,928.204411,920.240712,912.362066,904.568740,896.860571,889.237052,881.699130,874.246678,866.881026,859.601731,852.408598,845.301680,838.281235,831.348210,824.502352,817.743653,811.072704,804.489601,797.994397,791.586694,785.267999,779.037154,772.895464,766.842481,760.879139,755.004760,749.220079,743.524721,737.919507,732.404404,726.979054,721.644161,716.399824,711.245996,706.182849,701.210981,696.330381,691.541533,686.843684,682.237936,677.723911,673.302181,668.972685,664.735189,660.590402,656.538206,652.579059,648.712818,644.939684,641.259983,637.673732,634.181084,630.782124,627.477192,624.266297,621.149770,618.127729,615.200214,612.367252,609.629138,606.985835,604.437922,601.985000,599.627091,597.364861,595.198179,593.127205,591.152024,589.272881,587.489951,585.803236,584.212853,582.718737,581.321457,580.020933,578.817184,577.710457,576.700856,575.788444,574.973161,574.255365,573.635011,573.112394,572.687500,572.360173,572.130927,571.999838,571.966749,572.031971,572.195438,572.457320,572.818197,573.277266,573.834969,574.491567,575.246896,576.101358,577.055066,578.107816,579.259739,580.510968,581.861373,583.311413,584.861051,586.510341,588.259283,590.107963,592.056614,594.104879,596.253276,598.501602,600.850122,603.299002,605.848173,608.497422,611.247061,614.096934,617.047508,620.098597,623.250251,626.502512,629.855526,633.309174,636.863627,640.519080,644.275397,648.132778,652.091011,656.150356,660.310864,664.572559,668.935337,673.399089,677.964243,682.630576,687.398120,692.267084,697.237677,702.309383,707.482722,712.757239,718.133230,723.610703,729.189652,734.870242,740.652370,746.536224,752.521619,758.608473,764.797150,771.087281,777.478928,783.972368,790.567448,797.264418,804.062856,810.963169,817.965305,825.069068,832.274556,839.581634,846.990637,854.501530,862.113782,869.827806,877.643599,885.561210,893.580335,901.701304,909.923899,918.248612,926.674793,935.202456,943.831681,952.562956,961.395532,970.329922,979.365938,988.503546,997.742488,1007.082895,1016.524906,1026.068377,1035.713800,1045.460438,1055.308189,1065.257716,1075.308598,1085.460498,1095.714042,1106.068679,1116.524564,1127.081411,1137.739773,1148.499138,1159.359678,1170.321478,1181.384207,1192.548019,1203.812634,1215.178273,1226.644727,1238.212010,1249.880039,1261.649345,1273.518973,1285.489283,1297.560213,1309.731881,1322.003897
5756.689637,5734.477558,5712.284097,5690.111119,5667.957843,5645.824140,5623.710225,5601.616870,5579.543558,5557.489789,5535.457763,5513.446795,5491.456787,5469.487384,5447.539781,5425.613619,5403.708664,5381.825864,5359.964569,5338.125386,5316.308837,5294.514672,5272.743190,5250.993994,5229.268195,5207.565488,5185.886041,5164.229717,5142.597186,5120.988533,5099.403010,5077.842055,5056.305600,5034.793598,5013.306393,4991.844003,4970.406354,4948.994062,4927.606479,4906.245070,4884.909350,4863.599243,4842.315379,4821.057563,4799.826392,4778.621243,4757.443431,4736.292571,4715.168844,4694.071815,4673.002801,4651.960961,4630.947426,4609.961840,4589.004542,4568.075690,4547.175158,4526.303417,4505.460874,4484.647911,4463.864100,4443.109712,4422.385009,4401.690737,4381.026617,4360.392294,4339.789065,4319.216240,4298.674461,4278.163840,4257.684132,4237.236307,4216.820461,4196.436461,4176.084641,4155.764624,4135.477683,4115.223385,4095.002091,4074.813942,4054.658300,4034.537038,4014.449380,3994.395821,3974.375912,3954.390610,3934.440160,3914.524224,3894.643225,3874.797623,3854.987571,3835.212964,3815.474037,3795.771496,3776.105227,3756.475380,3736.882016,3717.324569,3697.805486,3678.323666,3658.879444,3639.472687,3620.104248,3600.773994,3581.481483,3562.228321,3543.013622,3523.837808,3504.701494,3485.604773,3466.548158,3447.530887,3428.554040,3409.617761,3390.722396,3371.867768,3353.053950,3334.281885,3315.551220,3296.862438,3278.215612,3259.610837,3241.048910,3222.529368,3204.052347,3185.618910,3167.228527,3148.882081,3130.579651,3112.320895,3094.106483,3075.936788,3057.811582,3039.731815,3021.697303,3003.708354,2985.764517,2967.867361,2950.016483,2932.211528,2914.453681,2896.741892,2879.077936,2861.461522,2843.892842,2826.372040,2808.899373,2791.475005,2774.099404,2756.772310,2739.494151,2722.265789,2705.086912,2687.957727,2670.878536,2653.849629,2636.871663,2619.944403,2603.067663,2586.242457,2569.469069,2552.747343,2536.077178,2519.460129,2502.895506,2486.383721,2469.924789,2453.519293,2437.166868,2420.868241,2404.623812,2388.433817,2372.298259,2356.217467,2340.191730,2324.221586,2308.306873,2292.447912,2276.644909,2260.897789,2245.207605,2229.574164,2213.998080,2198.479112,2183.018062,2167.614652,2152.268806,2136.981550,2121.752985,2106.583339,2091.472885,2076.421547,2061.430044,2046.498226,2031.625846,2016.814406,2002.063353,1987.373498,1972.743764,1958.176387,1943.671046,1929.226755,1914.844863,1900.525648,1886.268905,1872.074791,1857.943825,1843.876202,1829.872154,1815.932276,1802.056629,1788.245595,1774.499443,1760.818301,1747.202204,1733.651633,1720.166860,1706.747521,1693.395005,1680.108874,1666.889231,1653.736109,1640.650738,1627.632884,1614.682607,1601.800858,1588.986898,1576.241467,1563.564470,1550.957215,1538.418341,1525.949882,1513.550396,1501.220534,1488.961889,1476.773464,1464.655969,1452.609575,1440.633392,1428.729108,1416.897378,1405.137152,1393.449230,1381.833999,1370.291345,1358.821695,1347.425117,1336.102165,1324.852603,1313.677067,1302.575959,1291.550182,1280.598399,1269.722238,1258.920651,1248.194548,1237.543538,1226.967715,1216.468921,1206.047020,1195.701012,1185.432124,1175.239525,1165.123647,1155.084542,1145.127018,1135.248245,1125.447317,1115.728184,1106.077646,1096.510185,1087.032682,1077.631011,1068.324774,1059.068271,1049.900456,1040.811647,1031.801699,1022.874884,1014.028987,1005.264244,996.581297,987.978750,979.457110,971.019639,962.664559,954.391273,946.200520,938.093037,930.067839,922.126756,914.269210,906.495816,898.806828,891.202157,883.680879,876.244364,868.892865,861.627190,854.446681,847.351616,840.341740,833.417466,826.579836,819.828161,813.163200,806.584829,800.093508,793.689154,787.371358,781.141808,774.999176,768.944816,762.978270,757.100466,751.310832,745.609989,739.997590,734.474451,729.040575,723.695666,718.440299,713.274620,708.198535,703.212440,698.316689,693.511464,688.796921,684.172641,679.639661,675.197622,670.846944,666.587676,662.419460,658.343409,654.358973,650.466799,646.666654,642.958670,639.343665,635.821108,632.391232,629.054452,625.810817,622.660400,619.603558,616.640407,613.770991,610.995351,608.313737,605.726192,603.233243,600.834509,598.530009,596.320343,594.205648,592.185604,590.260917,588.431336,586.697260,585.058604,583.515561,582.068133,580.716578,579.461277,578.301935,577.238639,576.271922,575.401665,574.627734,573.950717,573.370345,572.886994,572.500694,572.211163,572.019031,571.924388,571.927025,572.027264,572.225009,572.520578,572.914454,573.405727,573.995005,574.682496,575.468041,576.352130,577.334625,578.415592,579.595081,580.873108,582.249764,583.725404,585.299945,586.973461,588.746016,590.617665,592.588534,594.658604,596.828060,599.096849,601.465199,603.933193,606.500920,609.168107,611.935067,614.801651,617.768327,620.834913,624.001442,627.268016,630.634683,634.101369,637.668449,641.335831,645.103492,648.971636,652.940055,657.009012,661.178561,665.448728,669.819437,674.290531,678.862449,683.535012,688.308231,693.182434,698.157643,703.233236,708.410069,713.687543,719.065956,724.545318,730.125628,735.807054,741.589494,747.473141,753.457813,759.543429,765.730435,772.018231,778.407115,784.897292,791.488609,798.181352,804.975005,811.870051,818.866480,825.964028,833.162733,840.462722,847.864087,855.366842,862.970498,870.675465,878.481725,886.389430,894.398024,902.508088,910.719415,919.032406,927.446154,935.961116,944.577223,953.294888,962.113579,971.033379,980.054509,989.176802,998.400021,1007.724245,1017.149670,1026.676138,1036.304142,1046.032947,1055.862456,1065.793334,1075.825186,1085.957603,1096.191290,1106.525673,1116.960908,1127.496714,1138.133644,1148.871191,1159.709527,1170.648742,1181.688506,1192.828977,1204.069875,1215.411451,1226.853421,1238.395877,1250.038716,1261.782468,1273.626182,1285.570220,1297.614524,1309.759211,1322.003897
5683.819837,5661.938161,5640.076001,5618.232926,5596.408426,5574.604080,5552.819284,5531.054315,5509.308879,5487.583292,5465.877630,5444.192024,5422.527564,5400.884012,5379.260641,5357.658882,5336.078162,5314.518646,5292.980580,5271.463638,5249.968811,5228.495717,5207.044582,5185.616019,5164.209845,5142.825978,5121.465209,5100.127340,5078.812539,5057.520972,5036.252802,5015.008031,4993.786455,4972.589133,4951.416292,4930.267715,4909.143400,4888.043548,4866.968740,4845.918180,4824.893487,4803.894094,4782.920130,4761.971812,4741.048805,4720.152394,4699.281378,4678.437542,4657.620247,4636.829683,4616.065734,4595.329077,4574.619358,4553.937514,4533.283353,4512.656540,4492.057640,4471.487167,4450.945234,4430.431405,4409.947050,4389.491078,4369.064196,4348.666820,4328.299439,4307.961777,4287.653446,4267.375802,4247.128183,4226.911153,4206.724987,4186.569510,4166.445062,4146.351735,4126.290203,4106.260092,4086.262182,4066.296070,4046.362228,4026.461076,4006.592649,3986.756306,3966.953796,3947.184572,3927.448852,3907.746603,3888.078459,3868.444018,3848.843765,3829.278241,3809.747643,3790.252098,3770.791512,3751.366444,3731.976617,3712.622887,3693.305029,3674.023134,3654.777956,3635.568683,3616.396792,3597.262043,3578.164393,3559.104502,3540.082280,3521.097712,3502.151083,3483.243013,3464.373305,3445.542357,3426.750753,3407.998517,3389.284817,3370.611532,3351.978163,3333.384938,3314.832237,3296.319806,3277.848044,3259.417710,3241.028545,3222.680624,3204.374826,3186.110645,3167.888619,3149.708583,3131.571512,3113.476948,3095.426017,3077.417701,3059.453466,3041.532513,3023.655707,3005.823475,2988.035409,2970.292432,2952.593667,2934.940849,2917.333064,2899.770826,2882.254713,2864.784543,2847.360554,2829.983246,2812.652815,2795.369832,2778.134051,2760.945802,2743.805289,2726.712919,2709.668476,2692.672470,2675.725507,2658.827496,2641.978705,2625.178820,2608.429338,2591.729757,2575.079837,2558.480825,2541.932171,2525.434931,2508.988252,2492.593358,2476.250559,2459.959534,2443.720728,2427.534095,2411.399859,2395.318648,2379.290676,2363.316451,2347.395707,2331.528610,2315.715983,2299.957616,2284.254010,2268.605506,2253.012080,2237.473481,2221.990889,2206.564137,2191.193895,2175.880065,2160.622766,2145.422498,2130.279063,2115.193517,2100.165234,2085.195029,2070.283293,2055.429832,2040.635073,2025.899074,2011.222031,1996.604585,1982.046878,1967.549281,1953.111419,1938.734121,1924.418044,1910.162869,1895.968649,1881.836332,1867.765109,1853.756532,1839.809390,1825.924893,1812.102903,1798.344480,1784.649223,1771.017322,1757.449636,1743.946109,1730.506685,1717.131970,1703.821924,1690.576224,1677.396693,1664.282481,1651.234055,1638.251413,1625.335064,1612.485121,1599.702162,1586.986907,1574.338260,1561.757647,1549.244237,1536.799257,1524.422620,1512.114399,1499.874784,1487.704266,1475.603257,1463.571801,1451.610263,1439.718975,1427.897359,1416.145959,1404.466294,1392.857920,1381.320390,1369.854436,1358.460081,1347.138131,1335.888265,1324.711164,1313.605955,1302.573741,1291.616519,1280.732713,1269.922159,1259.185955,1248.523430,1237.935528,1227.422117,1216.982663,1206.618966,1196.331628,1186.119206,1175.982581,1165.921721,1155.936857,1146.024596,1136.199081,1126.448512,1116.774055,1107.177870,1097.655135,1088.214346,1078.853737,1069.572405,1060.388049,1051.258327,1042.209663,1033.239613,1024.347572,1015.537606,1006.807724,998.157926,989.589191,981.099791,972.690435,964.364501,956.119541,947.955632,939.873849,931.874088,923.955622,916.120338,908.367856,900.698528,893.112970,885.610522,878.190763,870.854773,863.602906,856.435886,849.353315,842.355240,835.441335,828.612216,821.869002,815.210767,808.638354,802.151590,795.751129,789.436627,783.207951,777.066580,771.011174,765.043222,759.162381,753.369297,747.663529,742.045544,736.515552,731.073569,725.720156,720.454842,715.278165,710.190366,705.191381,700.281508,695.461203,690.730379,686.089671,681.538286,677.077352,672.706542,668.426271,664.236587,660.137123,656.129064,652.211738,648.385888,644.651027,641.008031,637.456886,633.997432,630.629824,627.354595,624.171583,621.081141,618.083458,615.178687,612.366843,609.647994,607.022394,604.490077,602.051691,599.706543,597.455010,595.297514,593.234242,591.264838,589.389929,587.609612,585.923932,584.332926,582.836719,581.435409,580.129399,578.918719,577.803412,576.783346,575.859180,575.030621,574.297792,573.661119,573.120378,572.675964,572.327834,572.075786,571.920569,571.861870,571.900008,572.034922,572.266744,572.595656,573.022112,573.545330,574.165938,574.884093,575.699666,576.613041,577.624161,578.732958,579.939743,581.244347,582.647020,584.147984,585.747099,587.444779,589.240695,591.135102,593.128080,595.219634,597.409944,599.698961,602.086885,604.573893,607.159988,609.844928,612.629030,615.512251,618.494755,621.576668,624.757953,628.038633,631.418840,634.898476,638.477952,642.157120,645.935946,649.814713,653.793181,657.871615,662.050073,666.328585,670.707035,675.185393,679.763852,684.442654,689.221437,694.100719,699.080338,704.159980,709.340088,714.620442,720.001230,725.482315,731.063895,736.746067,742.528733,748.412088,754.395976,760.480253,766.665334,772.950663,779.336972,785.823789,792.411273,799.099691,805.888527,812.778338,819.768905,826.860246,834.052130,841.344888,848.738671,856.233127,863.828185,871.523994,879.320761,887.218352,895.216454,903.315572,911.515502,919.816646,928.218101,936.720325,945.323419,954.027303,962.831941,971.737378,980.743471,989.850422,999.057873,1008.366009,1017.774722,1027.284168,1036.894727,1046.605680,1056.416927,1066.329136,1076.341916,1086.454859,1096.668674,1106.982787,1117.397360,1127.912111,1138.527599,1149.243316,1160.059440,1170.976060,1181.992851,1193.109972,1204.327147,1215.644628,1227.062133,1238.579759,1250.197402,1261.915598,1273.733396,1285.651160,1297.668835,1309.786542,1322.003897
5612.156620,5590.600127,5569.061916,5547.541681,5526.041004,5504.558403,5483.095793,5461.651955,5440.227802,5418.822755,5397.437970,5376.072567,5354.726160,5333.401437,5312.096759,5290.812612,5269.548855,5248.306222,5227.083999,5205.883337,5184.703954,5163.545887,5142.409591,5121.294631,5100.201812,5079.130742,5058.081372,5037.055322,5016.051825,4995.071047,4974.113152,4953.178302,4932.266671,4911.377711,4890.512781,4869.671829,4848.854521,4828.061531,4807.292764,4786.548230,4765.828147,4745.133141,4724.462837,4703.817864,4683.198112,4662.603577,4642.034932,4621.491144,4600.974010,4580.483139,4560.018841,4539.580773,4519.169602,4498.785034,4478.427781,4458.097919,4437.795393,4417.520182,4397.272968,4377.053707,4356.862251,4336.699717,4316.565037,4296.459453,4276.382712,4256.334746,4236.316886,4216.327979,4196.369294,4176.440209,4156.541290,4136.672806,4116.834775,4097.027390,4077.250421,4057.504444,4037.790117,4018.107281,3998.456073,3978.836174,3959.248821,3939.693585,3920.169838,3900.679768,3881.222488,3861.798271,3842.407058,3823.049513,3803.725575,3784.434628,3765.178622,3745.956474,3726.768869,3707.616245,3688.498505,3669.415868,3650.368186,3631.356224,3612.379759,3593.439508,3574.535434,3555.666962,3536.835483,3518.041116,3499.283598,3480.563092,3461.880305,3443.234923,3424.627338,3406.057454,3387.526195,3369.033411,3350.579151,3332.164224,3313.788202,3295.452028,3277.155292,3258.898350,3240.681519,3222.504801,3204.368882,3186.273122,3168.218793,3150.205713,3132.233860,3114.303742,3096.415012,3078.568536,3060.764567,3043.002689,3025.283797,3007.607804,2989.975181,2972.386065,2954.840653,2937.339162,2919.881657,2902.468514,2885.100337,2867.776783,2850.498114,2833.264950,2816.077662,2798.935596,2781.839780,2764.790304,2747.787286,2730.831323,2713.922282,2697.060384,2680.245795,2663.478887,2646.760036,2630.089240,2613.466725,2596.892770,2580.367794,2563.892289,2547.465656,2531.089079,2514.762108,2498.485081,2482.258245,2466.082674,2449.957598,2433.883983,2417.861823,2401.890823,2385.971308,2370.103950,2354.289487,2338.527167,2322.817982,2307.161506,2291.558406,2276.008629,2260.513051,2245.071629,2229.684549,2214.351542,2199.073118,2183.850054,2168.682638,2153.570480,2138.514106,2123.513664,2108.570076,2093.682654,2078.852194,2064.078344,2049.362231,2034.703672,2020.102822,2005.559907,1991.075334,1976.648649,1962.281569,1947.973331,1933.724641,1919.534772,1905.405283,1891.336458,1877.327511,1863.378782,1849.491476,1835.664736,1821.899358,1808.195623,1794.552984,1780.973188,1767.455999,1754.000807,1740.608779,1727.280514,1714.015107,1700.813693,1687.675969,1674.602488,1661.592836,1648.648212,1635.768531,1622.953882,1610.204268,1597.520379,1584.902785,1572.351112,1559.865844,1547.447556,1535.095489,1522.810962,1510.593936,1498.444172,1486.362642,1474.348969,1462.403467,1450.527175,1438.719501,1426.981282,1415.311987,1403.711912,1392.182237,1380.723561,1369.334742,1358.016073,1346.768238,1335.591980,1324.487338,1313.453866,1302.491968,1291.601699,1280.785499,1270.041652,1259.370753,1248.772888,1238.247896,1227.796577,1217.418562,1207.113665,1196.884122,1186.729295,1176.648914,1166.643075,1156.712945,1146.856204,1137.076158,1127.375425,1117.750438,1108.202162,1098.730278,1089.330958,1080.013245,1070.775526,1061.613663,1052.545607,1043.539352,1034.608371,1025.755803,1016.980410,1008.285970,999.670567,991.134553,982.678030,974.301202,966.003137,957.787023,949.651316,941.595715,933.621415,925.727873,917.915401,910.184943,902.536287,894.969951,887.486464,880.085309,872.765740,865.529324,858.376034,851.306713,844.320967,837.418740,830.599739,823.865088,817.215145,810.649451,804.168572,797.772582,791.461986,785.236418,779.095977,773.041813,767.072899,761.190523,755.394429,749.684998,744.062488,738.526647,733.077956,727.716536,722.442702,717.256125,712.157503,707.146897,702.224193,697.389638,692.644031,687.987180,683.419478,678.940201,674.550676,670.250459,666.039928,661.919171,657.887728,653.947093,650.096155,646.335936,642.666160,639.087294,635.599442,632.202510,628.896634,625.682350,622.559515,619.528436,616.589374,613.742454,610.987607,608.325172,605.754942,603.277368,600.892960,598.601030,596.401955,594.296262,592.283841,590.364632,588.539241,586.807570,585.169856,583.626076,582.176362,580.820806,579.559819,578.393387,577.321704,576.344601,575.462453,574.675308,573.983178,573.386483,572.885034,572.479289,572.168940,571.954065,571.835326,571.812398,571.885639,572.054991,572.320506,572.682562,573.141252,573.696178,574.347836,575.096155,575.941544,576.883912,577.923397,579.059886,580.293708,581.624617,583.053104,584.579208,586.202884,587.924205,589.743288,591.660234,593.675112,595.787941,597.998841,600.307946,602.715252,605.221226,607.825357,610.527865,613.328930,616.228469,619.226771,622.323824,625.519625,628.814346,632.207861,635.700369,639.292060,642.982862,646.772766,650.661996,654.650375,658.738171,662.925391,667.212120,671.598216,676.083816,680.668688,685.353496,690.137729,695.022083,700.005903,705.089372,710.272771,715.555896,720.938878,726.421688,732.004446,737.687327,743.470171,749.353062,755.336062,761.418942,767.602121,773.885042,780.268428,786.751855,793.335439,800.019465,806.803495,813.688005,820.672573,827.757586,834.942736,842.228190,849.614156,857.100385,864.686748,872.373447,880.160546,888.048057,896.035759,904.123756,912.312307,920.601526,928.990748,937.480082,946.069964,954.760219,963.550754,972.441675,981.432825,990.524404,999.716062,1009.007983,1018.400062,1027.892459,1037.485556,1047.178636,1056.971601,1066.865124,1076.858814,1086.952267,1097.146194,1107.440023,1117.833920,1128.327604,1138.921637,1149.615514,1160.409415,1171.303432,1182.297241,1193.391005,1204.584449,1215.877829,1227.270865,1238.763656,1250.356100,1262.048735,1273.840614,1285.732103,1297.723148,1309.813873,1322.003897
5541.670070,5520.431220,5499.210443,5478.007756,5456.822761,5435.657088,5414.508896,5393.380639,5372.271249,5351.181000,5330.109674,5309.057786,5288.024849,5267.011126,5246.018373,5225.045808,5204.093130,5183.160490,5162.248727,5141.357572,5120.487263,5099.637668,5078.809313,5058.002335,5037.216495,5016.452412,4995.709721,4974.989067,4954.290461,4933.614034,4912.960329,4892.329023,4871.720577,4851.134996,4830.571786,4810.032307,4789.516376,4769.023880,4748.555210,4728.110178,4707.689416,4687.292582,4666.920325,4646.572791,4626.249998,4605.951840,4585.679053,4565.431531,4545.208894,4525.012429,4504.841512,4484.696810,4464.577451,4444.484625,4424.418528,4404.379489,4384.367329,4364.382010,4344.423880,4324.493207,4304.590181,4284.714634,4264.867349,4245.047945,4225.256334,4205.494225,4185.760622,4166.055627,4146.379681,4126.732980,4107.116046,4087.528860,4067.971694,4048.444566,4028.947668,4009.481130,3990.044846,3970.639413,3951.265378,3931.922504,3912.611035,3893.331196,3874.082480,3854.865774,3835.681919,3816.530190,3797.411177,3778.324921,3759.271834,3740.251942,3721.264845,3702.311555,3683.392474,3664.507198,3645.656064,3626.839633,3608.057685,3589.310609,3570.598365,3551.921388,3533.280179,3514.674601,3496.104509,3477.570390,3459.073065,3440.612327,3422.188106,3403.800925,3385.450655,3367.137694,3348.862650,3330.625112,3312.424859,3294.263630,3276.141017,3258.057249,3240.011986,3222.006274,3204.039687,3186.112473,3168.225094,3150.377990,3132.570811,3114.804294,3097.078254,3079.393184,3061.749412,3044.146366,3026.585173,3009.066083,2991.588138,2974.152816,2956.760116,2939.410303,2922.103578,2904.839601,2887.619183,2870.441973,2853.308974,2836.220010,2819.175457,2802.175349,2785.220158,2768.309891,2751.444727,2734.625227,2717.851380,2701.123774,2684.442160,2667.807168,2651.218598,2634.677058,2618.182577,2601.735526,2585.336042,2568.984151,2552.680240,2536.425160,2520.217886,2504.060264,2487.951466,2471.891904,2455.881267,2439.920883,2424.010926,2408.150864,2392.341675,2376.583299,2360.875139,2345.218439,2329.613576,2314.060543,2298.559025,2283.110241,2267.713513,2252.369755,2237.078404,2221.840960,2206.656896,2191.526316,2176.449620,2161.426747,2146.458935,2131.545908,2116.687416,2101.883902,2087.136497,2072.444691,2057.808718,2043.229008,2028.705286,2014.238722,1999.829086,1985.476171,1971.181229,1956.943269,1942.763624,1928.642240,1914.579377,1900.574736,1886.629496,1872.743466,1858.916885,1845.149900,1831.443079,1817.796562,1804.209615,1790.683821,1777.218786,1763.814914,1750.473062,1737.192602,1723.973699,1710.818079,1697.724506,1684.694082,1671.726343,1658.822001,1645.980433,1633.203164,1620.489908,1607.840876,1595.256027,1582.735712,1570.281008,1557.891171,1545.566988,1533.308811,1521.116118,1508.989868,1496.930345,1484.937392,1473.011358,1461.152513,1449.360736,1437.637519,1425.981710,1414.394638,1402.875613,1391.425024,1380.043431,1368.732393,1357.490131,1346.316688,1335.214060,1324.181897,1313.220191,1302.328732,1291.507953,1280.758148,1270.081504,1259.475953,1248.942514,1238.481342,1228.092435,1217.775674,1207.531719,1197.360139,1187.262938,1177.239154,1167.288628,1157.412678,1147.610933,1137.876086,1128.229045,1118.653778,1109.154309,1099.731158,1090.381959,1081.104094,1071.908503,1062.791029,1053.745433,1044.797317,1035.909888,1027.095868,1018.359142,1009.699158,1001.118544,992.616626,984.192964,975.848256,967.581797,959.393805,951.286583,943.258867,935.310496,927.442473,919.654252,911.946214,904.319543,896.773648,889.309051,881.926724,874.625277,867.405363,860.267232,853.211651,846.239001,839.349040,832.541739,825.816862,819.175392,812.617736,806.143673,799.753386,793.447259,787.225622,781.087899,775.034886,769.067193,763.183793,757.386161,751.673928,746.047567,740.507440,735.052770,729.684622,724.402902,719.207938,714.099445,709.078050,704.143703,699.296452,694.536833,689.865185,685.281455,680.785895,676.378283,672.059427,667.829072,663.687642,659.635054,655.671197,651.797263,648.012240,644.317083,640.711446,637.196114,633.771133,630.436100,627.191432,624.037416,620.974355,618.002016,615.121069,612.331444,609.633030,607.026411,604.511243,602.087849,599.756995,597.517779,595.370713,593.316200,591.354205,589.484876,587.708477,586.025097,584.434922,582.937949,581.534226,580.224126,579.007746,577.885220,576.856536,575.922092,575.081739,574.335546,573.683839,573.126755,572.664283,572.296685,572.023892,571.845889,571.763304,571.775914,571.883897,572.087257,572.386249,572.781103,573.271832,573.858144,574.540535,575.318922,576.193717,577.164839,578.232410,579.396309,580.656942,582.013997,583.468022,585.018917,586.666833,588.411758,590.253831,592.193037,594.229526,596.363527,598.594798,600.923703,603.350300,605.874878,608.497002,611.216898,614.034605,616.950433,619.964382,623.076404,626.286606,629.595139,633.001881,636.507034,640.110801,643.813052,647.613898,651.513471,655.511671,659.608633,663.804444,668.099402,672.492954,676.985534,681.576837,686.267529,691.057100,695.946253,700.934269,706.021523,711.208169,716.493897,721.879013,727.363432,732.947277,738.630727,744.413625,750.296192,756.278089,762.359492,768.540691,774.821131,781.201536,787.681488,794.261103,800.940670,807.719755,814.598835,821.577490,828.656113,835.834396,843.112509,850.490664,857.968614,865.546233,873.223705,881.001266,888.878546,896.855670,904.932638,913.109908,921.387007,929.763797,938.240387,946.817022,955.493595,964.270015,973.146479,982.122568,991.198811,1000.374587,1009.650268,1019.025690,1028.501014,1038.076628,1047.751814,1057.526479,1067.401296,1077.375880,1087.449826,1097.623849,1107.897381,1118.270587,1128.743192,1139.315759,1149.987785,1160.759452,1171.630857,1182.601676,1193.672075,1204.841783,1216.111056,1227.479617,1238.947567,1250.514808,1262.181880,1273.947837,1285.813048,1297.777462,1309.841205,1322.003897
5472.329548,5451.402248,5430.492568,5409.600651,5388.726086,5367.869116,5347.031373,5326.211978,5305.410186,5284.627843,5263.864350,5243.119688,5222.393716,5201.687082,5180.999554,5160.331358,5139.683822,5119.056135,5098.448112,5077.860588,5057.293005,5036.746094,5016.219459,4995.714001,4975.229246,4954.765952,4934.323827,4913.903204,4893.503701,4873.126069,4852.770390,4832.436747,4812.125209,4791.836544,4771.570340,4751.326181,4731.105275,4710.907723,4690.733381,4670.582416,4650.454966,4630.351229,4610.270848,4590.215081,4570.183525,4550.176225,4530.193583,4510.235736,4490.302579,4470.394178,4450.511587,4430.654430,4410.822638,4391.016588,4371.236465,4351.482430,4331.755057,4312.053899,4292.379109,4272.731576,4253.111108,4233.518062,4213.951907,4194.413848,4174.902947,4155.420094,4135.965591,4116.539498,4097.142129,4077.772709,4058.432404,4039.121514,4019.839806,4000.587238,3981.364869,3962.172327,3943.009741,3923.877393,3904.775297,3885.703409,3866.662892,3847.653361,3828.674964,3809.727224,3790.811567,3771.927615,3753.075959,3734.256248,3715.468829,3696.714273,3677.992218,3659.303079,3640.647220,3622.024504,3603.435797,3584.880854,3566.359645,3547.872851,3529.420363,3511.002266,3492.618840,3474.270885,3455.958114,3437.680572,3419.438166,3401.232348,3383.062310,3364.928819,3346.831556,3328.771238,3310.747424,3292.760828,3274.811736,3256.899508,3239.025044,3221.189139,3203.391682,3185.632479,3167.911779,3150.230079,3132.587436,3114.983746,3097.419753,3079.895781,3062.411677,3044.967651,3027.563930,3010.200669,2992.878792,2975.597216,2958.357084,2941.158708,2924.001690,2906.886669,2889.814528,2872.784595,2855.797425,2838.852088,2821.950791,2805.092333,2788.277858,2771.507148,2754.780597,2738.098021,2721.460055,2704.866622,2688.318282,2671.815316,2655.357694,2638.945800,2622.579562,2606.259650,2589.986226,2573.759148,2557.578913,2541.445828,2525.359705,2509.321317,2493.330294,2477.387870,2461.493570,2445.648012,2429.850449,2414.102415,2398.403449,2382.754195,2367.154603,2351.604868,2336.105311,2320.655813,2305.257760,2289.910431,2274.614113,2259.369134,2244.176204,2229.034637,2213.945320,2198.908232,2183.924242,2168.992800,2154.114716,2139.289345,2124.518086,2109.800994,2095.137892,2080.528157,2065.974186,2051.475056,2037.030753,2022.641919,2008.308448,1994.030852,1979.809304,1965.644255,1951.535666,1937.483901,1923.488934,1909.551701,1895.671969,1881.850344,1868.086054,1854.380823,1840.733803,1827.146045,1813.617184,1800.147845,1786.737744,1773.387064,1760.097110,1746.866468,1733.697494,1720.589493,1707.542175,1694.556034,1681.632168,1668.769860,1655.969935,1643.232442,1630.557062,1617.944535,1605.395614,1592.909850,1580.487379,1568.128723,1555.834758,1543.604903,1531.439728,1519.339293,1507.303840,1495.333954,1483.429493,1471.591268,1459.818610,1448.112644,1436.472748,1424.900393,1413.394611,1401.956620,1390.586034,1379.283209,1368.047828,1356.882243,1345.785319,1334.755508,1323.795775,1312.905462,1302.085091,1291.334199,1280.652420,1270.041780,1259.502479,1249.033873,1238.636471,1228.310060,1218.055494,1207.871818,1197.760615,1187.720198,1177.753552,1167.859227,1158.037399,1148.289442,1138.614766,1129.010801,1119.485029,1110.034377,1100.657628,1091.356139,1082.127986,1072.976882,1063.904445,1054.899065,1045.973514,1037.137470,1028.368603,1019.671251,1011.048412,1002.502619,994.034880,985.645016,977.332766,969.098445,960.941333,952.861806,944.862399,936.941565,929.099192,921.336107,913.652097,906.047651,898.523419,891.079264,883.715375,876.433057,869.230670,862.108674,855.068151,848.109119,841.232176,834.437020,827.723658,821.091902,814.542715,808.076454,801.692831,795.392391,789.175107,783.041552,776.991034,771.024389,765.142229,759.343529,753.629764,748.000570,742.456418,736.997632,731.623567,726.335104,721.132353,716.015390,710.984006,706.039359,701.180402,696.408157,691.722653,687.124205,682.613075,678.188899,673.852284,669.603426,665.442210,661.369160,657.384092,653.487245,649.679092,645.959606,642.328992,638.786906,635.334638,631.971651,628.697990,625.514071,622.419846,619.415794,616.501807,613.678475,610.945544,608.303144,605.751788,603.291146,600.921748,598.643539,596.456688,594.361247,592.357419,590.445476,588.625444,586.897619,585.262136,583.719008,582.268437,580.910424,579.645232,578.473146,577.394049,576.408194,575.515843,574.716918,574.011426,573.399739,572.881848,572.458015,572.128293,571.892676,571.751216,571.704486,571.752202,571.894621,572.131796,572.463917,572.891527,573.413747,574.031177,574.744045,575.552207,576.456079,577.455751,578.551226,579.742264,581.029426,582.412372,583.891648,585.467174,587.139078,588.907361,590.772122,592.733612,594.791444,596.946308,599.197824,601.546376,603.991988,606.535027,609.174902,611.912004,614.746317,617.678123,620.707519,623.834369,627.058810,630.380995,633.800809,637.318454,640.934137,644.647731,648.459350,652.369128,656.376968,660.483171,664.687340,668.990372,673.391226,677.890667,682.488423,687.184744,691.979543,696.873385,701.865554,706.956427,712.146145,717.434456,722.821606,728.307540,733.892382,739.576314,745.359323,751.241204,757.222051,763.302082,769.481011,775.759010,782.136279,788.612654,795.188263,801.863306,808.637377,815.510968,822.483781,829.555886,836.727183,843.997902,851.368193,858.837813,866.406655,874.074856,881.842705,889.709817,897.676320,905.742218,913.907971,922.173107,930.537493,939.001239,947.564594,956.227452,964.989755,973.851615,982.812702,991.873520,1001.033449,1010.292865,1019.651606,1029.109835,1038.667943,1048.325215,1058.081559,1067.937653,1077.893112,1087.947536,1098.101640,1108.354860,1118.707362,1129.158875,1139.709964,1150.360128,1161.109553,1171.958335,1182.906157,1193.953084,1205.099146,1216.344306,1227.688387,1239.131492,1250.673527,1262.315031,1274.055064,1285.893995,1297.831777,1309.868537,1322.003897
5404.106476,5383.484172,5362.879138,5342.291378,5321.721421,5301.169107,5280.634389,5260.116546,5239.617907,5219.136731,5198.674813,5178.231410,5157.806670,5137.400438,5117.012962,5096.645020,5076.295136,5055.965712,5035.655716,5015.365817,4995.095368,4974.845379,4954.615486,4934.405766,4914.216627,4894.047932,4873.900342,4853.773123,4833.667598,4813.582857,4793.519688,4773.478449,4753.458639,4733.461057,4713.485256,4693.531295,4673.600065,4653.691338,4633.805740,4613.943030,4594.103370,4574.286790,4554.493703,4534.723779,4514.977997,4495.255864,4475.558019,4455.884209,4436.235000,4416.610442,4397.009780,4377.434800,4357.884907,4338.360273,4318.860790,4299.386488,4279.938656,4260.516604,4241.120911,4221.751199,4202.408321,4183.091602,4163.802206,4144.539238,4125.303968,4106.095748,4086.914957,4067.762613,4048.638192,4029.541671,4010.473200,3991.433285,3972.422082,3953.439991,3934.487175,3915.563608,3896.668940,3877.804069,3858.969374,3840.164706,3821.390054,3802.645411,3783.931928,3765.249223,3746.596736,3727.975878,3709.386685,3690.828896,3672.302661,3653.808738,3635.346899,3616.916645,3598.519647,3580.155529,3561.824172,3543.525890,3525.261169,3507.030059,3488.832601,3470.668949,3452.539377,3434.444201,3416.383928,3398.358437,3380.367509,3362.412210,3344.491583,3326.607042,3308.758336,3290.945913,3273.169456,3255.429731,3237.726405,3220.059590,3202.430190,3184.837789,3167.283139,3149.766534,3132.287874,3114.847313,3097.444720,3080.081286,3062.756299,3045.470393,3028.224085,3011.017080,2993.849867,2976.722461,2959.634871,2942.588137,2925.581138,2908.615657,2891.690778,2874.807428,2857.965447,2841.165239,2824.407289,2807.690998,2791.017211,2774.385804,2757.797541,2741.252401,2724.750574,2708.292277,2691.877601,2675.507122,2659.180436,2642.898318,2626.661190,2610.468847,2594.321590,2578.219837,2562.163525,2546.153317,2530.188868,2514.270723,2498.398990,2482.574371,2466.796012,2451.065428,2435.382464,2419.747273,2404.159624,2388.620657,2373.129906,2357.687858,2342.294730,2326.950655,2311.656140,2296.411131,2281.216122,2266.071514,2250.977132,2235.933075,2220.940355,2205.998767,2191.107797,2176.268594,2161.481471,2146.746309,2132.063470,2117.433349,2102.855723,2088.331291,2073.860300,2059.442567,2045.078556,2030.769084,2016.513751,2002.313172,1988.167042,1974.075864,1960.039890,1946.059549,1932.134838,1918.266189,1904.453474,1890.697849,1876.998868,1863.356945,1849.771833,1836.244581,1822.775016,1809.363658,1796.010488,1782.715635,1769.479879,1756.302245,1743.184262,1730.125085,1717.126473,1704.188224,1691.309802,1678.491336,1665.734744,1653.038754,1640.404214,1627.831208,1615.319703,1602.869920,1590.482995,1578.158081,1565.895970,1553.696926,1541.561365,1529.489225,1517.480610,1505.536344,1493.656062,1481.840295,1470.089243,1458.403584,1446.782395,1435.227433,1423.737295,1412.313940,1400.956434,1389.665567,1378.441486,1367.284201,1356.193676,1345.171804,1334.217812,1323.330168,1312.511734,1301.761797,1291.080622,1280.468210,1269.924471,1259.450846,1249.047130,1238.713781,1228.450836,1218.257861,1208.135706,1198.083505,1188.103263,1178.192909,1168.354941,1158.588622,1148.894243,1139.272766,1129.723185,1120.244489,1110.838212,1101.514367,1092.259927,1083.079952,1073.971940,1064.935608,1055.980193,1047.102647,1038.290663,1029.567432,1020.915914,1012.332753,1003.823240,995.390360,987.034019,978.754875,970.552685,962.427390,954.378809,946.406348,938.513699,930.698200,922.960947,915.301785,907.720840,900.218800,892.795963,885.452284,878.188230,871.004854,863.900495,856.875724,849.931386,843.067944,836.285646,829.584278,822.963949,816.424183,809.966452,803.590445,797.296678,791.085044,784.955703,778.909254,772.945134,767.063844,761.266489,755.551648,749.920912,744.373927,738.911098,733.532895,728.238500,723.029020,717.904542,712.864892,707.910104,703.041040,698.257077,693.558967,688.946614,684.420854,679.981451,675.628258,671.361721,667.182123,663.089625,659.084256,655.166098,651.335729,647.592828,643.938103,640.371333,636.892358,633.502458,630.201033,626.988162,623.864203,620.829343,617.883743,615.027694,612.261268,609.584594,606.997713,604.501092,602.094456,599.778353,597.552727,595.417549,593.373145,591.419764,589.557370,587.786259,586.106532,584.518466,583.022033,581.617439,580.304558,579.084046,577.955726,576.919833,575.976400,575.125772,574.367868,573.702625,573.130641,572.651672,572.266101,571.973934,571.775033,571.669930,571.658715,571.741270,571.917948,572.188523,572.553470,573.013197,573.566961,574.215229,574.958287,575.795966,576.728815,577.756612,578.879610,580.097736,581.411066,582.819704,584.324042,585.923921,587.619588,589.411005,591.298278,593.281659,595.360809,597.536265,599.807845,602.175832,604.640451,607.201538,609.859011,612.613163,615.463861,618.411589,621.456192,624.597703,627.836220,631.171900,634.604630,638.134615,641.762067,645.486859,649.309109,653.228954,657.246340,661.361449,665.574311,669.884878,674.293023,678.799205,683.403158,688.105133,692.905048,697.803488,702.799681,707.894211,713.086784,718.377559,723.766652,729.254009,734.839719,740.524116,746.306974,752.188230,758.167946,764.246343,770.423139,776.698508,783.072653,789.545412,796.117086,802.787368,809.556353,816.424402,823.391183,830.456780,837.621098,844.884408,852.246887,859.707979,867.267979,874.926877,882.684968,890.541879,898.497753,906.552486,914.706690,922.959826,931.311771,939.762637,948.312678,956.961789,965.709914,974.557264,983.503396,992.548591,1001.692647,1010.935773,1020.277808,1029.718920,1039.259501,1048.898838,1058.637107,1068.474195,1078.410513,1088.445396,1098.579567,1108.812459,1119.144245,1129.574654,1140.104252,1150.732544,1161.459716,1172.285867,1183.210682,1194.234230,1205.356541,1216.577582,1227.897177,1239.315433,1250.832256,1262.448191,1274.162296,1285.974946,1297.886093,1309.895869,1322.003897
5336.972287,5316.649317,5296.343423,5276.054490,5255.782391,5235.527806,5215.290094,5195.070191,5174.867366,5154.683189,5134.515670,5114.367438,5094.237581,5074.126118,5054.032896,5033.958722,5013.902884,4993.865141,4973.847876,4953.849895,4933.871022,4913.911586,4893.972367,4874.052805,4854.153437,4834.274346,4814.415302,4794.576956,4774.759296,4754.962459,4735.185811,4715.431160,4695.697541,4675.985626,4656.295062,4636.626365,4616.979453,4597.353857,4577.751200,4558.171078,4538.613793,4519.079214,4499.567652,4480.079044,4460.613389,4441.171204,4421.752826,4402.357946,4382.987149,4363.640469,4344.317775,4325.019336,4305.745901,4286.497003,4267.272962,4248.074303,4228.900526,4209.752312,4190.629992,4171.533157,4152.462364,4133.417961,4114.399681,4095.408105,4076.442480,4057.504450,4038.593089,4019.708725,4000.852017,3982.022914,3963.221344,3944.448042,3925.702867,3906.986106,3888.297614,3869.638214,3851.007479,3832.405898,3813.833653,3795.290333,3776.777193,3758.293638,3739.839902,3721.416417,3703.023543,3684.660817,3666.329463,3648.028823,3629.759349,3611.521445,3593.315142,3575.140092,3556.997144,3538.886303,3520.808024,3502.762422,3484.749317,3466.769434,3448.822692,3430.909190,3413.028964,3395.182607,3377.370454,3359.592144,3341.848236,3324.139120,3306.464821,3288.824730,3271.220301,3253.651245,3236.117914,3218.620514,3201.159200,3183.734112,3166.344600,3148.992276,3131.676502,3114.398320,3097.157238,3079.953952,3062.788132,3045.660391,3028.570285,3011.519070,2994.506314,2977.532219,2960.597500,2943.701770,2926.845609,2910.029120,2893.252167,2876.515213,2859.818778,2843.162681,2826.547985,2809.973967,2793.441115,2776.949555,2760.500244,2744.092745,2727.726544,2711.403289,2695.122519,2678.884758,2662.690127,2646.538632,2630.430571,2614.366059,2598.345507,2582.369363,2566.437431,2550.550417,2534.708224,2518.911083,2503.158998,2487.452731,2471.792038,2456.177550,2440.608885,2425.087070,2409.612054,2394.183572,2378.802721,2363.469456,2348.183816,2332.946080,2317.756314,2302.614795,2287.522045,2272.478199,2257.483715,2242.538515,2227.642922,2212.797261,2198.001398,2183.256244,2168.561322,2153.917181,2139.323792,2124.781935,2110.291680,2095.853256,2081.466777,2067.132672,2052.850469,2038.621738,2024.445602,2010.322787,1996.253846,1982.238312,1968.277030,1954.369607,1940.516432,1926.718323,1912.975013,1899.286909,1885.654279,1872.077156,1858.556456,1845.091640,1831.683354,1818.331558,1805.036897,1791.798925,1778.619113,1765.496593,1752.432452,1739.425710,1726.477379,1713.587571,1700.756873,1687.985788,1675.274384,1662.621695,1650.029401,1637.497441,1625.026094,1612.615468,1600.265408,1587.976358,1575.749139,1563.583587,1551.479489,1539.437840,1527.458487,1515.542033,1503.688642,1491.897773,1480.170621,1468.507068,1456.907370,1445.372281,1433.901083,1422.494807,1411.152932,1399.876398,1388.665350,1377.519589,1366.440069,1355.426687,1344.479126,1333.599052,1322.786083,1312.039037,1301.359820,1290.748370,1280.205060,1269.728638,1259.322080,1248.983517,1238.714148,1228.514290,1218.383833,1208.322741,1198.331672,1188.409630,1178.558297,1168.776426,1159.066018,1149.425925,1139.857309,1130.360990,1120.935360,1111.577173,1102.300960,1093.094324,1083.961066,1074.900427,1065.910836,1056.990943,1048.152686,1039.390823,1030.697792,1022.094749,1013.549924,1005.079961,996.682748,988.360924,980.115077,971.945580,963.852241,955.834605,947.893236,940.027043,932.239565,924.528707,916.895299,909.338892,901.859807,894.459121,887.136586,879.892442,872.727032,865.641398,858.634000,851.705497,844.856483,838.087453,831.398896,824.790407,818.261986,811.813371,805.446111,799.159676,792.954562,786.830685,780.788617,774.828532,768.949761,763.153101,757.439488,751.807486,746.259205,740.793574,735.411323,730.112702,724.897532,719.766260,714.719117,709.756056,704.877012,700.082868,695.373214,690.748496,686.208746,681.754659,677.386403,673.103434,668.906460,664.795556,660.770989,656.832747,652.980936,649.216194,645.538075,641.947434,638.443876,635.027503,631.699452,628.458899,625.306280,622.241734,619.265726,616.378055,613.579301,610.869398,608.248422,605.716697,603.274200,600.921090,598.657857,596.484269,594.400294,592.406556,590.503049,588.689803,586.967144,585.335104,583.794032,582.343886,580.984851,579.716829,578.540469,577.455605,576.462632,575.561122,574.751837,574.034544,573.409267,572.876562,572.436181,572.088517,571.833597,571.671177,571.602042,571.625972,571.743057,571.953549,572.257366,572.654910,573.146447,573.731347,574.410250,575.183158,576.050245,577.011699,578.067418,579.217703,580.462529,581.801859,583.235958,584.765115,586.389125,588.108359,589.922660,591.832227,593.837175,595.937502,598.133412,600.424872,602.812128,605.295282,607.874444,610.549357,613.320354,616.187408,619.150699,622.210369,625.366410,628.618819,631.967832,635.413329,638.955503,642.594572,646.330422,650.163273,654.092936,658.119693,662.243618,666.464755,670.783024,675.198335,679.711139,684.321236,689.028689,693.833696,698.736522,703.736657,708.834601,714.030063,719.323213,724.714144,730.202832,735.789358,741.474061,747.256717,753.137265,759.115769,765.192455,771.367041,777.639737,784.010655,790.479727,797.047229,803.712855,810.476702,817.339161,824.299823,831.358855,838.516137,845.771943,853.126452,860.579101,868.130195,875.779804,883.528056,891.374646,899.319854,907.363458,915.506066,923.747163,932.086602,940.524581,949.061273,957.696605,966.430521,975.263236,984.194389,993.224023,1002.352181,1011.578991,1020.904297,1030.328269,1039.851301,1049.472684,1059.192593,1069.011042,1078.928080,1088.943408,1099.057629,1109.270180,1119.581236,1129.990527,1140.498624,1151.105033,1161.809941,1172.613453,1183.515252,1194.515413,1205.613967,1216.810881,1228.105986,1239.499387,1250.990996,1262.581357,1274.269533,1286.055899,1297.940410,1309.923201,1322.003897
5270.900970,5250.871723,5230.858569,5210.862164,5190.882727,5170.920149,5150.974569,5131.046128,5111.134515,5091.239464,5071.363296,5051.503964,5031.663355,5011.840739,4992.035718,4972.249225,4952.481460,4932.731828,4913.000092,4893.288500,4873.595819,4853.922409,4834.267985,4814.633116,4795.017961,4775.422541,4755.847217,4736.291840,4716.756584,4697.241674,4677.747505,4658.273633,4638.821051,4619.389238,4599.978813,4580.589448,4561.221555,4541.875228,4522.550358,4503.247548,4483.967005,4464.709136,4445.473702,4426.260605,4407.070283,4387.902849,4368.758877,4349.638073,4330.540585,4311.466368,4292.416297,4273.390051,4254.387469,4235.409706,4216.456372,4197.527145,4178.623086,4159.743701,4140.889765,4122.060918,4103.257678,4084.479714,4065.727900,4047.002189,4028.302270,4009.629064,3990.981957,3972.361520,3953.768098,3935.201890,3916.662997,3898.150927,3879.666544,3861.209926,3842.781866,3824.381959,3806.010161,3787.666883,3769.352435,3751.066749,3732.810337,3714.583184,3696.384877,3678.216810,3660.077955,3641.968636,3623.890628,3605.842968,3587.825848,3569.839239,3551.883931,3533.959798,3516.066503,3498.204940,3480.375528,3462.577899,3444.812320,3427.079336,3409.378659,3391.710842,3374.075818,3356.474197,3338.905947,3321.371241,3303.869423,3286.402418,3268.969562,3251.570797,3234.206692,3216.876731,3199.582343,3182.323068,3165.099451,3147.911427,3130.758564,3113.642156,3096.561964,3079.518234,3062.510613,3045.540494,3028.607135,3011.711303,2994.853038,2978.032018,2961.249149,2944.504428,2927.797988,2911.130458,2894.501349,2877.911602,2861.360742,2844.849392,2828.377043,2811.945111,2795.553342,2779.202093,2762.891295,2746.620738,2730.391677,2714.203975,2698.057411,2681.952361,2665.889230,2649.868464,2633.890012,2617.954218,2602.061228,2586.210974,2570.403712,2554.640341,2538.920527,2523.244858,2507.613208,2492.026020,2476.483329,2460.984946,2445.532338,2430.124945,2414.762467,2399.446121,2384.176016,2368.951696,2353.773944,2338.643356,2323.559585,2308.523040,2293.533757,2278.591617,2263.697874,2248.851906,2234.054886,2219.306265,2204.606284,2189.955817,2175.354337,2160.802512,2146.300714,2131.848733,2117.446369,2103.095087,2088.794521,2074.545120,2060.346999,2046.200231,2032.104717,2018.061636,2004.070838,1990.132228,1976.246474,1962.413746,1948.634385,1934.908044,1921.235467,1907.616760,1894.052193,1880.542173,1867.086653,1853.685915,1840.340790,1827.050950,1813.816619,1800.637839,1787.515589,1774.449254,1761.440044,1748.487865,1735.592594,1722.754170,1709.973500,1697.250639,1684.585700,1671.979648,1659.432361,1646.943409,1634.513469,1622.143378,1609.833054,1597.582696,1585.392121,1573.261735,1561.191837,1549.183276,1537.235080,1525.348738,1513.523904,1501.761182,1490.060309,1478.421469,1466.845369,1455.332163,1443.881950,1432.495305,1421.171943,1409.912434,1398.717032,1387.585623,1376.518990,1365.516741,1354.579958,1343.708431,1332.902414,1322.162021,1311.488471,1300.880220,1290.338329,1279.864095,1269.456754,1259.115777,1248.843599,1238.638901,1228.502034,1218.433910,1208.434339,1198.503458,1188.641701,1178.848255,1169.124561,1159.469515,1149.885084,1140.370359,1130.925809,1121.552847,1112.249195,1103.017084,1093.858926,1084.772017,1075.757347,1066.814658,1057.944005,1049.141961,1040.418940,1031.768010,1023.190943,1014.699999,1006.270101,997.912384,989.625805,981.414082,973.277119,965.215931,957.230344,949.319572,941.483923,933.723006,926.039716,918.432076,910.901203,903.446576,896.068208,888.767867,881.544590,874.398649,867.331080,860.342118,853.430862,846.597426,839.842759,833.167238,826.571351,820.054665,813.617151,807.259053,800.981035,794.783400,788.666060,782.629230,776.673359,770.798666,765.004523,759.291547,753.660713,748.111153,742.644131,737.259174,731.956798,726.736982,721.600141,716.546286,711.575765,706.688477,701.884419,697.164690,692.528414,687.976331,683.508589,679.125696,674.827770,670.614225,666.486205,662.443416,658.486061,654.614340,650.828150,647.128389,643.514619,639.987440,636.546378,633.192173,629.925277,626.745163,623.652234,620.646575,617.728819,614.898580,612.156539,609.502636,606.936898,604.459676,602.070952,599.770874,597.559966,595.437933,593.404840,591.461178,589.607175,587.842519,586.167980,584.583199,583.088723,581.684443,580.370416,579.147039,578.014384,576.972664,576.021819,575.162162,574.393845,573.716768,573.131197,572.637420,572.235286,571.925242,571.707168,571.580970,571.547386,571.606201,571.757511,572.001578,572.338266,572.768118,573.291150,573.907005,574.616191,575.418735,576.314816,577.304619,578.388166,579.565382,580.836676,582.201816,583.661096,585.214786,586.862786,588.605298,590.442294,592.373940,594.400356,596.521541,598.737702,601.048808,603.455080,605.956857,608.553725,611.245894,614.033557,616.916690,619.895475,622.970055,626.140428,629.406591,632.768739,636.226889,639.781103,643.431683,647.178407,651.021608,654.961063,658.997058,663.129668,667.358940,671.684797,676.107154,680.626461,685.242522,689.955391,694.765372,699.672496,704.676470,709.777773,714.975975,720.271394,725.664065,731.154005,736.741401,742.426179,748.208547,754.088304,760.065516,766.140446,772.312790,778.582635,784.950281,791.415598,797.978860,804.639670,811.398409,818.255190,825.209701,832.262109,839.412303,846.660546,854.007057,861.451199,868.993352,876.633621,884.371966,892.208256,900.142715,908.175125,916.306096,924.535197,932.862042,941.287071,949.810499,958.431899,967.151576,975.969626,984.885691,993.899818,1003.012050,1012.222520,1021.531073,1030.937969,1040.443345,1050.046759,1059.748283,1069.547952,1079.445824,1089.441570,1099.535826,1109.728022,1120.018334,1130.406495,1140.893079,1151.477594,1162.160229,1172.941186,1183.819868,1194.796633,1205.871423,1217.044206,1228.314814,1239.683389,1251.149746,1262.714531,1274.376774,1286.136854,1297.994729,1309.950533,1322.003897
5205.866389,5186.124907,5166.399730,5146.690766,5126.997846,5107.321313,5087.661813,5068.019075,5048.393237,5028.784254,5009.191838,4989.617285,4970.059095,4950.519878,4930.998348,4911.494765,4892.008501,4872.541008,4853.091521,4833.659682,4814.247721,4794.854518,4775.480222,4756.124596,4736.788557,4717.471871,4698.174369,4678.896695,4659.638844,4640.401069,4621.183195,4601.985786,4582.808176,4563.651418,4544.515716,4525.400661,4506.306854,4487.234251,4468.182985,4449.152384,4430.143917,4411.157128,4392.192380,4373.250144,4354.330318,4335.432929,4316.557892,4297.705693,4278.876706,4260.070622,4241.287968,4222.528833,4203.792964,4185.080702,4166.392782,4147.729117,4129.089461,4110.474231,4091.883541,4073.318011,4054.777483,4036.261537,4017.771465,3999.306468,3980.867544,3962.454088,3944.067009,3925.705749,3907.370819,3889.062833,3870.781563,3852.526737,3834.298718,3816.098428,3797.925617,3779.780389,3761.662936,3743.573361,3725.512327,3707.479545,3689.475187,3671.499750,3653.553011,3635.635592,3617.747423,3599.887847,3582.058031,3564.258411,3546.489001,3528.749858,3511.041325,3493.363095,3475.715354,3458.099174,3440.514088,3422.960310,3405.438058,3387.947813,3370.489275,3353.062877,3335.669008,3318.307483,3300.978988,3283.683479,3266.421121,3249.191875,3231.995867,3214.834116,3197.706140,3180.612315,3163.552361,3146.527380,3129.537515,3112.582492,3095.662329,3078.777827,3061.928854,3045.115951,3028.338816,3011.597743,2994.893257,2978.225119,2961.594266,2945.000338,2928.443771,2911.924792,2895.442893,2878.999632,2862.594061,2846.227196,2829.898980,2813.608962,2797.358336,2781.146353,2764.974105,2748.841776,2732.749406,2716.696855,2700.684612,2684.712969,2668.782069,2652.892151,2637.043511,2621.235939,2605.470578,2589.746865,2574.065441,2558.426332,2542.829492,2527.275184,2511.764262,2496.296498,2480.872316,2465.491689,2450.155017,2434.862148,2419.613880,2404.410185,2389.251027,2374.137124,2359.068557,2344.045250,2329.067904,2314.136741,2299.251818,2284.413395,2269.621447,2254.876152,2240.177643,2225.527338,2210.924525,2196.369692,2181.862790,2167.404152,2152.994477,2138.633164,2124.321296,2110.058556,2095.845214,2081.681270,2067.567585,2053.504494,2039.491641,2025.529573,2011.618313,1997.758282,1983.949778,1970.192846,1956.488062,1942.835419,1929.235296,1915.687431,1902.192890,1888.750958,1875.362812,1862.028267,1848.747537,1835.520862,1822.348664,1809.231166,1796.168513,1783.160432,1770.208400,1757.311366,1744.470362,1731.685645,1718.957131,1706.285535,1693.669708,1681.111510,1668.609970,1656.166686,1643.781424,1631.454073,1619.185015,1606.973839,1594.822529,1582.729921,1570.696964,1558.722966,1546.808572,1534.954742,1523.160886,1511.427608,1499.755213,1488.143987,1476.593945,1465.104950,1453.678069,1442.313471,1431.010691,1419.770545,1408.593340,1397.478369,1386.427528,1375.439340,1364.515703,1353.655065,1342.859407,1332.127904,1321.461219,1310.859399,1300.323291,1289.852160,1279.446136,1269.107119,1258.833981,1248.627065,1238.487529,1228.414921,1218.409058,1208.471408,1198.601001,1188.798929,1179.064735,1169.398648,1159.800804,1150.270973,1140.811057,1131.420107,1122.098457,1112.847226,1103.659895,1094.553630,1085.514824,1076.546519,1067.648967,1058.823766,1050.070197,1041.388579,1032.776115,1024.237278,1015.773435,1007.388119,999.075768,990.827876,982.651517,974.548437,966.519561,958.565458,950.686337,942.881002,935.149967,927.493225,919.912545,912.407475,904.978229,897.624179,890.345702,883.144441,876.018981,868.970576,861.999756,855.106465,848.290086,841.550823,834.889648,828.306587,821.802515,815.376744,809.029352,802.760643,796.570876,790.461158,784.430738,778.480028,772.609494,766.818963,761.108764,755.478879,749.929937,744.461951,739.075474,733.770257,728.546999,723.405399,718.345990,713.368879,708.474137,703.661739,698.932187,694.286002,689.722490,685.242083,680.845898,676.533461,672.305200,668.160580,664.100605,660.125233,656.234639,652.428797,648.707732,645.072496,641.522199,638.057876,634.678709,631.386048,628.179823,625.059551,622.025802,619.078542,616.218467,613.445117,610.759274,608.160856,605.649854,603.226594,600.891199,598.643711,596.484698,594.413708,592.431021,590.537053,588.731900,587.015647,585.388554,583.850751,582.402432,581.043606,579.774380,578.595026,577.505754,576.506697,575.597843,574.779488,574.051690,573.414651,572.868363,572.413131,572.048973,571.776124,571.594598,571.504298,571.505994,571.599243,571.784519,572.061909,572.431184,572.892931,573.447318,574.093810,574.832965,575.664873,576.589722,577.607621,578.718672,579.922679,581.220152,582.610779,584.095082,585.673098,587.344699,589.110404,590.969876,592.923401,594.971061,597.112927,599.349048,601.679664,604.104760,606.624822,609.239355,611.948599,614.752750,617.651801,620.645897,623.735221,626.919653,630.199520,633.574697,637.045185,640.611433,644.273282,648.030832,651.884212,655.833323,659.878421,664.019586,668.256867,672.590189,677.019490,681.545152,686.167070,690.885255,695.700129,700.611551,705.619109,710.723622,715.924513,721.222179,726.616435,732.107521,737.695557,743.380465,749.162460,755.041386,761.017184,767.090324,773.260229,779.527222,785.891528,792.353020,798.912045,805.567998,812.321472,819.172514,826.120813,833.166540,840.309585,847.550217,854.888704,862.324262,869.857424,877.488249,885.216698,893.042605,900.966289,908.987486,917.106815,925.323767,933.638060,942.050104,950.560117,959.167672,967.873077,976.676433,985.577382,994.576005,1003.672254,1012.866359,1022.158136,1031.548066,1041.035649,1050.621049,1060.304174,1070.084997,1079.963725,1089.940096,1100.014159,1110.185985,1120.455471,1130.822559,1141.287618,1151.850227,1162.510580,1173.268878,1184.124528,1195.077891,1206.128909,1217.277555,1228.523661,1239.867373,1251.308507,1262.847712,1274.484020,1286.217812,1298.049048,1309.977866,1322.003897
5141.844322,5122.385554,5102.941802,5083.514349,5064.103158,5044.707852,5025.329051,5005.966588,4986.620319,4967.291124,4947.978555,4928.682456,4909.404111,4890.142137,4870.898133,4851.671403,4832.462818,4813.271729,4794.098870,4774.943242,4755.805317,4736.687133,4717.587460,4698.506443,4679.443905,4660.400641,4641.376367,4622.371362,4603.385599,4584.419496,4565.473067,4546.546541,4527.640093,4508.753354,4489.887110,4471.041458,4452.216521,4433.412125,4414.628589,4395.866400,4377.124775,4358.405075,4339.706746,4321.030254,4302.375268,4283.742422,4265.131835,4246.543742,4227.978387,4209.435637,4190.915660,4172.418472,4153.944591,4135.493692,4117.066278,4098.662956,4080.283184,4061.927391,4043.595564,4025.288275,4007.005742,3988.747844,3970.514455,3952.306156,3934.123034,3915.965274,3897.832879,3879.726540,3861.645701,3843.590831,3825.562571,3807.560747,3789.585075,3771.636422,3753.713908,3735.819436,3717.951958,3700.112233,3682.300172,3664.515621,3646.759087,3629.030857,3611.331173,3593.659846,3576.017463,3558.403805,3540.818732,3523.263009,3505.736922,3488.240962,3470.774848,3453.338604,3435.932398,3418.556843,3401.212034,3383.898126,3366.615122,3349.363506,3332.143061,3314.954437,3297.797229,3280.671816,3263.579141,3246.518835,3229.491105,3212.495871,3195.533879,3178.604750,3161.708850,3144.846968,3128.018521,3111.223771,3094.463452,3077.737779,3061.046317,3044.389925,3027.768494,3011.182475,2994.631668,2978.116551,2961.636839,2945.193399,2928.786300,2912.415076,2896.081259,2879.784159,2863.524089,2847.300953,2831.115513,2814.968115,2798.858445,2782.786656,2766.753405,2750.758591,2734.802680,2718.885785,2703.008047,2687.169826,2671.371010,2655.612612,2639.893840,2624.215518,2608.577696,2592.980718,2577.424706,2561.910040,2546.436740,2531.005226,2515.615622,2500.268002,2484.961880,2469.699198,2454.479241,2439.302132,2424.168147,2409.077335,2394.030753,2379.027718,2364.068499,2349.153960,2334.284349,2319.458771,2304.678782,2289.944260,2275.255039,2260.611693,2246.014186,2231.462494,2216.957542,2202.499096,2188.087942,2173.723648,2159.406926,2145.137976,2130.916618,2116.743153,2102.618632,2088.542494,2074.514705,2060.535917,2046.606558,2032.726870,2018.897093,2005.116567,1991.386844,1977.707724,1964.078770,1950.501078,1936.974430,1923.499441,1910.075708,1896.704249,1883.384911,1870.117844,1856.903363,1843.741834,1830.633467,1817.578339,1804.576703,1791.629317,1778.735883,1765.895901,1753.111722,1740.381979,1727.706793,1715.087258,1702.523713,1690.015759,1677.562895,1665.166927,1652.826856,1640.544260,1628.319006,1616.150931,1604.039981,1591.986602,1579.991730,1568.055100,1556.177321,1544.357826,1532.597175,1520.895899,1509.254216,1497.672054,1486.150177,1474.688467,1463.287547,1451.946475,1440.666709,1429.448561,1418.291394,1407.196092,1396.162984,1385.191561,1374.282804,1363.436374,1352.653428,1341.932643,1331.276305,1320.683242,1310.154259,1299.689519,1289.288743,1278.953291,1268.681620,1258.476119,1248.334670,1238.260957,1228.252666,1218.310302,1208.434178,1198.624713,1188.882377,1179.207516,1169.599598,1160.058868,1150.585749,1141.179494,1131.842945,1122.574045,1113.373961,1104.242895,1095.178526,1086.189210,1077.267968,1068.417850,1059.636731,1050.926347,1042.285796,1033.715622,1025.221249,1016.795339,1008.442670,1000.168986,991.965298,983.826297,975.758966,967.763012,959.841265,951.993257,944.219128,936.518424,928.890932,921.337029,913.858169,906.454253,899.125441,891.871108,884.691131,877.587898,870.559588,863.607675,856.732444,849.933916,843.211385,836.565285,829.996614,823.505057,817.091707,810.756016,804.497792,798.317380,792.215353,786.192387,780.248092,774.382642,768.596526,762.889682,757.262169,751.714627,746.247015,740.859581,735.552848,730.326654,725.181616,720.117464,715.134714,710.233530,705.413864,700.675872,696.019831,691.446560,686.955083,682.546009,678.220350,673.977658,669.818398,665.742124,661.749663,657.841034,654.016424,650.275748,646.619338,643.047736,639.560643,636.158354,632.840920,629.609101,626.462898,623.401845,620.426685,617.537403,614.734298,612.017521,609.387360,606.843900,604.387132,602.017392,599.734800,597.539395,595.431747,593.411447,591.478693,589.634018,587.877360,586.208987,584.629010,583.137626,581.735051,580.421275,579.196297,578.060724,577.014332,576.057654,575.190435,574.413122,573.725474,573.128010,572.620636,572.203642,571.877052,571.641136,571.495819,571.441096,571.477711,571.605222,571.824136,572.134278,572.536049,573.029521,573.614846,574.291713,575.060662,575.921568,576.874920,577.920636,579.058922,580.289495,581.612878,583.028868,584.537924,586.139992,587.835237,589.623668,591.505376,593.480627,595.549187,597.711576,599.967545,602.317352,604.761169,607.299300,609.931313,612.657452,615.477774,618.392607,621.401935,624.505829,627.704313,630.997588,634.385553,637.868425,641.446427,645.119446,648.887611,652.751073,656.709703,660.763790,664.913363,669.158525,673.499160,677.935281,682.467095,687.094872,691.818260,696.637867,701.553383,706.564687,711.672190,716.875695,722.175392,727.571235,733.063376,738.651960,744.336913,750.118451,755.996422,761.970767,768.041962,774.209431,780.473524,786.834394,793.291992,799.846643,806.497742,813.245936,820.091130,827.033158,834.072146,841.207987,848.441059,855.771312,863.198286,870.722409,878.343704,886.062250,893.877769,901.790619,909.800540,917.908241,926.112953,934.414658,942.813682,951.310340,959.903922,968.595025,977.383656,986.269460,995.252521,1004.332793,1013.510508,1022.785484,1032.158207,1041.628176,1051.195560,1060.860269,1070.622276,1080.481793,1090.438560,1100.492627,1110.644069,1120.892784,1131.238717,1141.682240,1152.222933,1162.860993,1173.596624,1184.429234,1195.359187,1206.386427,1217.510929,1228.732528,1240.051372,1251.467279,1262.980900,1274.591270,1286.298772,1298.103369,1310.005199,1322.003897
5078.810530,5059.628629,5040.462279,5021.311395,5002.176379,4983.056664,4963.952885,4944.865610,4925.794514,4906.739742,4887.701282,4868.678962,4849.673162,4830.685014,4811.712969,4792.758965,4773.821984,4754.902478,4736.000154,4717.116111,4698.249479,4679.400028,4660.569420,4641.757613,4622.964352,4604.189199,4585.433074,4566.695750,4547.977394,4529.278143,4510.598307,4491.937681,4473.296659,4454.675504,4436.073995,4417.492871,4398.931712,4380.391022,4361.870868,4343.371432,4324.892251,4306.434044,4287.997373,4269.582107,4251.187970,4232.815676,4214.464735,4196.135422,4177.828643,4159.544338,4141.282315,4123.042883,4104.826122,4086.632201,4068.460667,4050.313152,4032.188715,4014.087851,3996.010754,3977.956918,3959.927651,3941.922526,3923.941879,3905.985620,3888.054092,3870.147424,3852.265639,3834.409219,3816.578027,3798.772287,3780.992744,3763.239103,3745.511493,3727.809683,3710.134406,3692.485964,3674.864260,3657.269518,3639.701839,3622.161764,3604.649106,3587.164002,3569.706963,3552.277698,3534.876750,3517.504182,3500.159676,3482.844478,3465.558440,3448.301187,3431.072568,3413.874534,3396.706206,3379.567218,3362.458262,3345.380092,3328.332336,3311.315377,3294.329158,3277.374087,3260.449915,3243.557218,3226.696132,3209.866901,3193.069926,3176.304917,3159.572542,3142.872768,3126.205251,3109.571268,3092.969993,3076.402364,3059.868091,3043.367741,3026.901669,3010.469190,2994.071705,2977.708912,2961.380783,2945.087608,2928.829720,2912.606724,2896.419894,2880.268687,2864.153762,2848.074735,2832.032320,2816.026879,2800.057791,2784.126069,2768.231862,2752.374496,2736.555455,2720.774060,2705.031157,2689.326315,2673.660255,2658.032788,2642.444265,2626.895254,2611.385602,2595.915634,2580.485452,2565.095499,2549.746021,2534.436790,2519.168686,2503.941681,2488.755663,2473.611235,2458.507974,2443.446522,2428.427690,2413.451205,2398.516826,2383.625233,2368.776893,2353.971593,2339.209714,2324.491550,2309.817276,2295.186986,2280.601107,2266.060225,2251.564185,2237.112947,2222.706996,2208.346200,2194.031217,2179.762607,2165.539967,2151.363839,2137.234415,2123.151943,2109.116463,2095.128506,2081.188029,2067.295709,2053.451130,2039.654929,2025.907089,2012.208362,1998.558601,1984.957687,1971.406431,1957.905444,1944.454190,1931.052622,1917.701807,1904.401973,1891.152586,1877.954560,1864.807960,1851.713123,1838.670134,1825.679258,1812.740846,1799.855044,1787.021545,1774.241816,1761.515271,1748.842213,1736.222646,1723.657770,1711.146599,1698.689912,1686.288564,1673.942125,1661.650813,1649.414704,1637.233757,1625.109817,1613.042194,1601.031086,1589.076465,1577.178697,1565.338269,1553.555639,1541.830902,1530.163856,1518.554903,1507.004351,1495.512665,1484.079812,1472.706521,1461.392562,1450.138547,1438.943741,1427.809316,1416.735641,1405.722240,1394.770163,1383.879122,1373.049209,1362.280944,1351.574934,1340.930521,1330.348235,1319.829106,1309.372977,1298.980177,1288.650270,1278.383639,1268.181918,1258.043033,1247.969196,1237.959156,1228.015814,1218.137103,1208.323654,1198.575328,1188.893073,1179.277194,1169.727797,1160.244822,1150.828041,1141.478018,1132.194213,1122.979095,1113.831105,1104.750606,1095.738985,1086.794018,1077.921674,1069.117377,1060.382771,1051.717341,1043.120942,1034.595394,1026.135858,1017.755523,1009.443959,1001.199132,993.034203,984.938668,976.907328,968.947005,961.057642,953.241084,945.498466,937.828423,930.230935,922.706101,915.253763,907.875604,900.571887,893.342254,886.186515,879.104054,872.097990,865.165748,858.309235,851.528541,844.823668,838.194264,831.640329,825.162983,818.762243,812.438654,806.191978,800.021823,793.929133,787.913610,781.976828,776.117645,770.336513,764.634095,759.010088,753.464469,747.998387,742.611305,737.303610,732.075811,726.927881,721.860292,716.872826,711.966082,707.139979,702.394653,697.730206,693.147306,688.645999,684.225948,679.887467,675.631678,671.458021,667.367244,663.358576,659.432987,655.590525,651.831269,648.155101,644.562735,641.054255,637.629645,634.288953,631.032588,627.861074,624.774325,621.772037,618.854818,616.022985,613.276418,610.615603,608.040635,605.551565,603.148597,600.832000,598.601633,596.458020,594.401144,592.430995,590.547629,588.751887,587.043313,585.422338,583.889076,582.443772,581.086474,579.817260,578.636328,577.544035,576.540262,575.625482,574.799508,574.062765,573.415206,572.856711,572.388057,572.008866,571.719546,571.520179,571.410736,571.391298,571.462519,571.624055,571.876299,572.219039,572.652786,573.177890,573.793622,574.500662,575.299085,576.188812,577.170406,578.243657,579.408894,580.665805,582.014847,583.455969,584.989493,586.615433,588.333934,590.145013,592.048786,594.045525,596.134901,598.317489,600.593060,602.961971,605.424265,607.980326,610.629554,613.372432,616.208888,619.139249,622.163593,625.281900,628.494228,631.800780,635.201458,638.696482,642.286077,645.970134,649.748783,653.622177,657.590236,661.653163,665.810928,670.063905,674.411758,678.854699,683.392665,688.025920,692.754399,697.578682,702.498123,707.512961,712.623472,717.829481,723.131146,728.528459,734.021564,739.610608,745.295608,751.076652,756.953471,762.926263,768.995436,775.160158,781.421487,787.778875,794.232510,800.782682,807.428901,814.171680,821.011031,827.946734,834.978838,842.107507,849.332858,856.654933,864.073272,871.588307,879.200063,886.908622,894.713708,902.615682,910.614358,918.710255,926.902754,935.191834,943.577802,952.060977,960.640649,969.317419,978.091296,986.961927,995.929398,1004.993667,1014.154967,1023.413119,1032.768611,1042.220946,1051.770293,1061.416565,1071.159739,1081.000028,1090.937174,1100.971230,1111.102273,1121.330204,1131.654970,1142.076945,1152.595712,1163.211469,1173.924423,1184.733984,1195.640519,1206.643975,1217.744327,1228.941414,1240.235385,1251.626061,1263.114096,1274.698526,1286.379736,1298.157691,1310.032533,1322.003897
5016.742128,4997.832653,4978.937888,4960.058403,4941.194050,4922.345236,4903.512318,4884.694606,4865.893021,4847.107406,4828.338108,4809.585015,4790.848146,4772.127135,4753.423220,4734.735638,4716.065820,4697.413058,4678.777492,4660.158728,4641.556993,4622.973860,4604.407257,4585.859784,4567.329896,4548.818209,4530.325289,4511.850838,4493.394952,4474.957850,4456.539559,4438.140386,4419.760466,4401.399712,4383.058404,4364.736635,4346.434999,4328.153306,4309.891708,4291.650187,4273.429123,4255.228391,4237.047947,4218.889113,4200.751235,4182.634367,4164.538907,4146.464863,4128.412086,4110.381284,4092.372661,4074.386021,4056.421894,4038.480252,4020.560990,4002.664290,3984.790815,3966.940446,3949.112642,3931.308905,3913.528446,3895.772140,3878.039713,3860.330512,3842.646397,3824.986491,3807.351354,3789.740377,3772.154898,3754.593938,3737.058393,3719.548683,3702.064570,3684.605691,3667.173267,3649.766584,3632.386463,3615.032892,3597.705891,3580.405516,3563.132170,3545.886392,3528.667711,3511.476759,3494.313524,3477.178189,3460.070521,3442.990788,3425.940052,3408.917944,3391.924469,3374.959845,3358.024413,3341.118627,3324.242379,3307.395780,3290.579278,3273.792861,3257.036938,3240.311561,3223.616847,3206.952903,3190.319648,3173.717932,3157.147937,3140.609111,3124.102617,3107.628163,3091.185748,3074.775960,3058.398266,3042.053910,3025.742079,3009.464010,2993.218675,2977.006960,2960.829647,2944.686488,2928.577518,2912.503021,2896.462824,2880.457532,2864.487028,2848.551874,2832.652542,2816.788918,2800.960528,2785.168594,2769.412912,2753.693725,2738.011262,2722.365479,2706.756981,2691.185606,2675.652116,2660.156446,2644.698322,2629.278712,2613.897171,2598.554498,2583.250449,2567.985748,2552.760254,2537.573950,2522.427636,2507.321290,2492.255075,2477.229005,2462.243895,2447.299335,2432.395779,2417.533232,2402.712072,2387.932886,2373.195479,2358.500152,2343.847051,2329.236180,2314.668612,2300.143929,2285.662697,2271.224143,2256.829985,2242.479800,2228.173776,2213.912142,2199.694710,2185.522135,2171.394493,2157.312616,2143.276156,2129.285174,2115.340501,2101.441708,2087.589589,2073.784076,2060.025323,2046.313988,2032.650333,2019.033721,2005.465077,1991.944660,1978.472555,1965.048577,1951.673388,1938.347728,1925.071447,1911.844356,1898.666457,1885.539220,1872.461920,1859.435031,1846.458767,1833.533716,1820.659899,1807.837235,1795.066427,1782.347491,1769.680086,1757.065645,1744.503743,1731.994734,1719.538158,1707.135669,1694.786193,1682.490544,1670.249289,1658.062629,1645.929700,1633.851688,1621.828394,1609.860434,1597.948416,1586.092218,1574.292062,1562.547889,1550.859948,1539.229117,1527.655438,1516.138895,1504.679626,1493.277846,1481.934251,1470.648735,1459.421983,1448.254043,1437.144988,1426.094526,1415.103520,1404.172685,1393.301516,1382.490464,1371.739833,1361.049630,1350.420445,1339.852602,1329.345368,1318.899780,1308.516288,1298.195076,1287.936751,1277.740262,1267.606296,1257.536351,1247.529006,1237.584641,1227.704921,1217.890354,1208.139626,1198.453436,1188.831615,1179.275024,1169.783970,1160.358713,1150.998992,1141.704825,1132.476477,1123.313460,1114.218451,1105.190190,1096.227988,1087.334060,1078.506801,1069.750920,1061.061727,1052.441797,1043.890139,1035.407794,1026.995204,1018.646338,1010.376559,1002.172375,994.042520,985.980040,977.994380,970.069471,962.214960,954.431331,946.719143,939.080207,931.513170,924.017900,916.594585,909.242390,901.964190,894.759354,887.627956,880.569800,873.584003,866.673538,859.836602,853.074487,846.387077,839.775345,833.237784,826.775177,820.388303,814.077343,807.842494,801.684020,795.601361,789.595210,783.665595,777.813872,772.038934,766.341349,760.721807,755.179802,749.715343,744.329776,739.022290,733.793660,728.644024,723.573544,718.582526,713.671218,708.839576,704.087785,699.416250,694.824647,690.314006,685.884097,681.534442,677.266213,673.079562,668.974509,664.951361,661.009683,657.150331,653.373398,649.678891,646.066762,642.537703,639.091673,635.728939,632.449362,629.253438,626.141677,623.113885,620.169835,617.310124,614.535107,611.844658,609.239196,606.718896,604.283787,601.934072,599.670025,597.491482,595.398954,593.392586,591.472189,589.638043,587.890521,586.229639,584.655628,583.168642,581.768967,580.456569,579.231628,578.094359,577.044864,576.083387,575.210070,574.424974,573.728476,573.120364,572.600856,572.170364,571.828730,571.576265,571.413147,571.339128,571.354933,571.460300,571.655540,571.940852,572.315893,572.781451,573.337591,573.983747,574.720609,575.548169,576.466519,577.476141,578.576627,579.768506,581.051595,582.426067,583.892043,585.449902,587.099390,588.840952,590.674428,592.600029,594.617999,596.728010,598.930619,601.225660,603.613434,606.094042,608.667761,611.334103,614.093516,616.945952,619.891721,622.930874,626.063419,629.289407,632.609078,636.022316,639.529341,643.130382,646.825332,650.614324,654.497513,658.474864,662.546573,666.712388,670.973245,675.327944,679.777447,684.321445,688.960205,693.693663,698.522406,703.445733,708.464043,713.577516,718.785866,724.089412,729.488103,734.982081,740.571547,746.256368,752.036787,757.912487,763.883668,769.950641,776.112875,782.371117,788.724969,795.174571,801.720235,808.361539,815.099010,821.932225,828.861538,835.886789,843.008151,850.225841,857.539563,864.949216,872.455120,880.057366,887.755812,895.550421,903.441477,911.428885,919.512898,927.693168,935.969653,944.342466,952.812123,961.377911,970.040373,978.799352,987.654849,996.606635,1005.654874,1014.799735,1024.041039,1033.379283,1042.813957,1052.345247,1061.973063,1071.697386,1081.518430,1091.436055,1101.449968,1111.560598,1121.767732,1132.071318,1142.471733,1152.968563,1163.562007,1174.252275,1185.038780,1195.921991,1206.901553,1217.977750,1229.150319,1240.419413,1251.784854,1263.247299,1274.805785,1286.460701,1298.212014,1310.059866,1322.003897
4955.616327,4936.973956,4918.346313,4899.733190,4881.135358,4862.552455,4843.984777,4825.432711,4806.895745,4788.374823,4769.869410,4751.379739,4732.906443,4714.449212,4696.007495,4677.583131,4659.174454,4640.783157,4622.408909,4604.051712,4585.711312,4567.387816,4549.081739,4530.792823,4512.522624,4494.270242,4476.035501,4457.818669,4439.620520,4421.440779,4403.279592,4385.136935,4367.013266,4348.908507,4330.822833,4312.756404,4294.708913,4276.681402,4258.673730,4240.685909,4222.718090,4204.770378,4186.842263,4168.935228,4151.048714,4133.183114,4115.338494,4097.514942,4079.711955,4061.930842,4044.171168,4026.433010,4008.717093,3991.023075,3973.351387,3955.701259,3938.074386,3920.470019,3902.888503,3885.329791,3867.793815,3850.281444,3832.792768,3815.327855,3797.886482,3780.468907,3763.075792,3745.706462,3728.362154,3711.041890,3693.746574,3676.476452,3659.231666,3642.012183,3624.817689,3607.649072,3590.506377,3573.389840,3556.299297,3539.235067,3522.197503,3505.186381,3488.202151,3471.245290,3454.315517,3437.413267,3420.538602,3403.690987,3386.872038,3370.080954,3353.317988,3336.583859,3319.877969,3303.201146,3286.552647,3269.934326,3253.345543,3236.785988,3220.256549,3203.756897,3187.287621,3170.848566,3154.439887,3138.062264,3121.715276,3105.399453,3089.114701,3072.861930,3056.640852,3040.451466,3024.294119,3008.168992,2992.076378,2976.016422,2959.989575,2943.994509,2928.033973,2912.106894,2896.213491,2880.354011,2864.528559,2848.737068,2832.980265,2817.257398,2801.570047,2785.917926,2770.301007,2754.719598,2739.173139,2723.663454,2708.189589,2692.751884,2677.350865,2661.986311,2646.658895,2631.368793,2616.116226,2600.900528,2585.723046,2570.583643,2555.482335,2540.419234,2525.395116,2510.409901,2495.463603,2480.556597,2465.689261,2450.861741,2436.073837,2421.326532,2406.619267,2391.952695,2377.326595,2362.741812,2348.198095,2333.695983,2319.235768,2304.816516,2290.440315,2276.106165,2261.814796,2247.565690,2233.360131,2219.197913,2205.079141,2191.004124,2176.972676,2162.985551,2149.042655,2135.144662,2121.291476,2107.483221,2093.720534,2080.003351,2066.331454,2052.706044,2039.126689,2025.593471,2012.107441,1998.668438,1985.276606,1971.931868,1958.634343,1945.385261,1932.184166,1919.031185,1905.927240,1892.871928,1879.865291,1866.907671,1854.000148,1841.141937,1828.333877,1815.576037,1802.868997,1790.212736,1777.607078,1765.052664,1752.549362,1740.097752,1727.698230,1715.350909,1703.055444,1690.812874,1678.623322,1666.486563,1654.403093,1642.373471,1630.397226,1618.475301,1606.607283,1594.793645,1583.035227,1571.331972,1559.683865,1548.091249,1536.554068,1525.072989,1513.648524,1502.280294,1490.968902,1479.714321,1468.516756,1457.376932,1446.294797,1435.270806,1424.305014,1413.397136,1402.547768,1391.757811,1381.027071,1370.355372,1359.743274,1349.191181,1338.699399,1328.267630,1317.896060,1307.585638,1297.335997,1287.148192,1277.022500,1266.957775,1256.954644,1247.014766,1237.137487,1227.321323,1217.570387,1207.883077,1198.258878,1188.698431,1179.201681,1169.769167,1160.401521,1151.098874,1141.860979,1132.687680,1123.579889,1114.536672,1105.560156,1096.650098,1087.804976,1079.026942,1070.316750,1061.675123,1053.100893,1044.594178,1036.154231,1027.783500,1019.481080,1011.244053,1003.081525,994.988320,986.962696,979.009833,971.131959,963.312111,955.562323,947.883059,940.274343,932.738027,925.272655,917.878537,910.555196,903.302632,896.123270,889.016393,881.982105,875.020429,868.130136,861.314746,854.571821,847.903092,841.308214,834.788048,828.341679,821.969509,815.672104,809.449960,803.303110,797.231901,791.235599,785.315158,779.470560,773.703076,768.011606,762.396712,756.859039,751.398208,746.014199,740.708367,735.479808,730.329351,725.257050,720.263403,715.348203,710.512145,705.754952,701.076829,696.478300,691.958789,687.519836,683.160558,678.880886,674.681965,670.563856,666.526622,662.570526,658.695117,654.901433,651.189405,647.558990,644.010288,640.544067,637.159989,633.858546,630.639566,627.503460,624.450744,621.481299,618.595018,615.792308,613.073582,610.438730,607.888218,605.422089,603.040366,600.743420,598.531445,596.404270,594.362565,592.405966,590.534960,588.749482,587.049815,585.436217,583.908740,582.467632,581.113159,579.845283,578.664237,577.570019,576.563108,575.643427,574.811335,574.066803,573.409996,572.841133,572.360193,571.967574,571.663202,571.447357,571.320109,571.281318,571.331734,571.471157,571.699687,572.017707,572.424818,572.921814,573.508711,574.185094,574.951506,575.807992,576.754739,577.791951,578.919659,580.137806,581.446812,582.846460,584.337055,585.918905,587.591826,589.356198,591.211884,593.159099,595.198090,597.328530,599.550979,601.865309,604.271782,606.770554,609.361641,612.044915,614.820685,617.688946,620.649892,623.703694,626.850324,630.089834,633.422468,636.848112,640.366987,643.979365,647.685028,651.484333,655.377069,659.363535,663.443821,667.617989,671.885975,676.247708,680.703654,685.253567,689.897718,694.636045,699.469138,704.396308,709.418006,714.534186,719.744850,725.050185,730.450160,735.944920,741.534674,747.219297,752.998987,758.873486,764.843159,770.907742,777.067345,783.322443,789.672640,796.118173,802.659262,809.295528,816.027473,822.854704,829.777635,836.795985,843.909948,851.119761,858.425201,865.826166,873.322886,880.915451,888.603902,896.387908,904.268003,912.244013,920.316368,928.484196,936.747984,945.107671,953.563778,962.115684,970.763658,979.507824,988.348090,997.284232,1006.316416,1015.444812,1024.669245,1033.990437,1043.407210,1052.920422,1062.529764,1072.235216,1082.036997,1091.934970,1101.928976,1112.019044,1122.205367,1132.487912,1142.866604,1153.341486,1163.912705,1174.580181,1185.343621,1196.203416,1207.159163,1218.211197,1229.359244,1240.603455,1251.943658,1263.380509,1274.913050,1286.541670,1298.266338,1310.087200,1322.003897
4895.412665,4877.032448,4858.666531,4840.315384,4821.978564,4803.656888,4785.349921,4767.058224,4748.781474,4730.520042,4712.274285,4694.043933,4675.829453,4657.630349,4639.447258,4621.279922,4603.129589,4584.994801,4566.877291,4548.776017,4530.691975,4512.624556,4494.573854,4476.540498,4458.523934,4440.525364,4422.544865,4404.581725,4386.636818,4368.709569,4350.800695,4332.910318,4315.038273,4297.184940,4279.350276,4261.534442,4243.737333,4225.959827,4208.201369,4190.462518,4172.743419,4155.044080,4137.364337,4119.704497,4102.065128,4084.446357,4066.847888,4049.270304,4031.713649,4014.177508,3996.662728,3979.168985,3961.696796,3944.246031,3926.817457,3909.410677,3892.025521,3874.663098,3857.322873,3840.005177,3822.710168,3805.437964,3788.188842,3770.963205,3753.760183,3736.581427,3719.426262,3702.294838,3685.187160,3668.104117,3651.044873,3634.010120,3617.000438,3600.015808,3583.055712,3566.121052,3549.211834,3532.328270,3515.470451,3498.638390,3481.832434,3465.052553,3448.299195,3431.572264,3414.872028,3398.199029,3381.552921,3364.933580,3348.342507,3331.778980,3315.243271,3298.735362,3282.255383,3265.803697,3249.380004,3232.986000,3216.620512,3200.284481,3183.977646,3167.700479,3151.453033,3135.235299,3119.047160,3102.889741,3086.762660,3070.666261,3054.599953,3038.565267,3022.561548,3006.589237,2990.648430,2974.739605,2958.862163,2943.017406,2927.204937,2911.424344,2895.676256,2879.961858,2864.280702,2848.632861,2833.018466,2817.437700,2801.890759,2786.377829,2770.898949,2755.454884,2740.045595,2724.671446,2709.332035,2694.027899,2678.759587,2663.526451,2648.329909,2633.168883,2618.044739,2602.956964,2587.906200,2572.892360,2557.915102,2542.976039,2528.074066,2513.210134,2498.384109,2483.596620,2468.847663,2454.137258,2439.465607,2424.833322,2410.240456,2395.686774,2381.173144,2366.699400,2352.265897,2337.872416,2323.519615,2309.207695,2294.937225,2280.707477,2266.519156,2252.372927,2238.268516,2224.206302,2210.186666,2196.209717,2182.275466,2168.384348,2154.536171,2140.731669,2126.970928,2113.254358,2099.581749,2085.953708,2072.370241,2058.831820,2045.337929,2031.889875,2018.487325,2005.130026,1991.819253,1978.555113,1965.337303,1952.165930,1939.041195,1925.964133,1912.934210,1899.951935,1887.017834,1874.131921,1861.293984,1848.503978,1835.763683,1823.072182,1810.430168,1797.837218,1785.294584,1772.802005,1760.359549,1747.967392,1735.625996,1723.335086,1711.095901,1698.908050,1686.771293,1674.687036,1662.654993,1650.674753,1638.747070,1626.872696,1615.050853,1603.282842,1591.568024,1579.906762,1568.300039,1556.747699,1545.249700,1533.806825,1522.418216,1511.085359,1499.808019,1488.586399,1477.420755,1466.311479,1455.258041,1444.261935,1433.322615,1422.440813,1411.616459,1400.849391,1390.139811,1379.489268,1368.896791,1358.362877,1347.887780,1337.471896,1327.115485,1316.818486,1306.581220,1296.403842,1286.286527,1276.230607,1266.235903,1256.301492,1246.428000,1236.616721,1226.867144,1217.178787,1207.554182,1197.992533,1188.493401,1179.057320,1169.683906,1160.374117,1151.128194,1141.946978,1132.829647,1123.775825,1114.787101,1105.861693,1097.003074,1088.209242,1079.480076,1070.816752,1062.219836,1053.694039,1045.227395,1036.835015,1028.508645,1020.248688,1012.055764,1003.930005,995.874256,987.887716,979.970745,972.122790,964.349454,956.634695,948.988297,941.411811,933.905717,926.471014,919.106260,911.812029,904.587844,897.433613,890.352064,883.341789,876.403812,869.537250,862.742014,856.020333,849.370699,842.794335,836.291066,829.861585,823.505304,817.222697,811.013870,804.879520,798.819803,792.834837,786.924281,781.088651,775.328140,769.644032,764.035108,758.502108,753.045396,747.665116,742.360734,737.133787,731.983199,726.910290,721.914576,716.996894,712.156887,707.395419,702.711783,698.106682,693.580309,689.132469,684.764268,680.475081,676.264535,672.134414,668.084261,664.114069,660.224473,656.414658,652.686223,649.038367,645.471476,641.985617,638.581535,635.258859,632.018077,628.859076,625.782170,622.788215,619.876560,617.047370,614.301239,611.638272,609.058436,606.562350,604.149800,601.821103,599.576448,597.416116,595.339826,593.348370,591.441392,589.618993,587.881682,586.229555,584.662903,583.181584,581.785899,580.476242,579.252513,578.114719,577.063474,576.098619,575.220481,574.429192,573.724797,573.107481,572.577447,572.134696,571.779612,571.512124,571.332520,571.240868,571.237031,571.321810,571.494864,571.756402,572.106735,572.545759,573.073909,573.691345,574.397613,575.193303,576.078448,577.053238,578.117877,579.272454,580.516771,581.851359,583.275988,584.790968,586.396584,588.092742,589.879669,591.757349,593.725968,595.785656,597.936463,600.178523,602.511910,604.936831,607.453642,610.061945,612.761968,615.553917,618.437803,621.413783,624.482055,627.642619,630.895492,634.240934,637.678829,641.209406,644.832934,648.549238,652.358574,656.260831,660.256279,664.345011,668.527091,672.802434,677.171041,681.633311,686.189082,690.838452,695.581670,700.418889,705.349752,710.374736,715.493568,720.706438,726.013459,731.414625,736.910038,742.500055,748.184472,753.963248,759.836465,765.804369,771.866698,778.023648,784.275446,790.621949,797.063483,803.599760,810.230910,816.957280,823.778596,830.694951,837.706271,844.812809,852.014741,859.311845,866.704026,874.191512,881.774397,889.452724,897.226166,905.095259,913.059889,921.120332,929.275837,937.526891,945.873443,954.315940,962.853882,971.487387,980.216710,989.041718,997.962189,1006.978291,1016.090197,1025.297735,1034.601631,1044.000704,1053.495818,1063.086666,1072.773230,1082.555702,1092.434034,1102.407984,1112.477611,1122.643109,1132.904450,1143.261559,1153.714481,1164.263428,1174.908140,1185.648506,1196.484861,1207.416803,1218.444669,1229.568187,1240.787512,1252.102472,1263.513726,1275.020319,1286.622658,1298.320663,1310.114535,1322.003897
4836.110779,4817.987633,4799.879114,4781.784664,4763.704610,4745.638941,4727.588222,4709.552032,4691.530902,4673.524797,4655.533589,4637.557562,4619.597226,4601.652237,4583.723061,4565.809230,4547.910576,4530.029131,4512.163043,4494.314079,4476.481503,4458.664895,4440.865626,4423.082814,4405.316204,4387.567844,4369.836571,4352.122474,4334.426064,4316.747443,4299.086779,4281.443696,4263.818891,4246.212556,4228.624565,4211.054978,4193.504109,4175.971756,4158.458739,4140.964819,4123.489919,4106.034439,4088.598684,4071.182300,4053.785573,4036.409164,4019.052947,4001.717114,3984.401499,3967.106659,3949.832289,3932.579099,3915.346766,3898.135651,3880.945664,3863.777193,3846.630252,3829.505646,3812.403015,3795.322360,3778.263895,3761.227462,3744.214137,3727.223466,3710.255949,3693.311388,3676.389705,3659.492043,3642.617448,3625.767118,3608.940344,3592.137469,3575.359154,3558.605456,3541.875464,3525.171161,3508.491474,3491.836949,3475.207797,3458.604107,3442.026010,3425.473478,3408.946854,3392.446598,3375.972326,3359.524791,3343.103587,3326.709159,3310.341501,3294.001568,3277.688975,3261.403798,3245.146423,3228.916926,3212.714585,3196.540623,3180.395374,3164.279054,3148.191160,3132.132517,3116.103226,3100.103215,3084.132578,3068.191851,3052.280834,3036.400131,3020.549435,3004.729172,2988.939630,2973.180955,2957.453213,2941.756745,2926.091673,2910.458163,2894.856745,2879.286844,2863.749417,2848.243579,2832.771240,2817.331705,2801.925164,2786.551654,2771.211640,2755.904751,2740.631841,2725.392609,2710.187748,2695.017345,2679.881312,2664.780444,2649.714410,2634.682899,2619.687028,2604.726930,2589.802849,2574.914473,2560.062667,2545.246711,2530.467438,2515.725233,2501.019836,2486.351919,2471.721379,2457.128668,2442.573634,2428.057044,2413.578446,2399.138372,2384.737171,2370.375065,2356.051582,2341.767924,2327.523812,2313.319237,2299.154632,2285.030141,2270.946521,2256.903117,2242.900911,2228.939548,2215.019280,2201.140959,2187.304559,2173.510280,2159.758049,2146.048148,2132.380634,2118.756122,2105.175052,2091.637126,2078.142615,2064.691993,2051.285574,2037.922980,2024.605211,2011.331694,1998.103077,1984.920052,1971.781692,1958.689694,1945.643497,1932.643299,1919.688937,1906.781426,1893.920721,1881.106387,1868.339801,1855.620836,1842.949327,1830.325199,1817.749273,1805.222341,1792.743727,1780.313966,1767.933311,1755.602324,1743.320863,1731.088815,1718.906876,1706.774870,1694.693584,1682.663094,1670.683050,1658.754814,1646.877897,1635.052439,1623.279012,1611.557582,1599.888776,1588.271909,1576.708588,1565.197511,1553.740501,1542.336964,1530.987367,1519.692079,1508.450452,1497.263554,1486.131601,1475.054569,1464.032872,1453.066995,1442.155984,1431.301764,1420.503548,1409.762102,1399.077346,1388.449244,1377.878022,1367.364616,1356.909101,1346.511224,1336.171431,1325.890078,1315.667641,1305.503497,1295.398564,1285.352931,1275.366575,1265.440879,1255.575544,1245.769380,1236.024372,1226.340082,1216.715940,1207.154576,1197.655068,1188.217375,1178.842071,1169.528616,1160.277326,1151.088867,1141.963448,1132.901787,1123.903594,1114.968018,1106.096696,1097.288384,1088.545659,1079.866823,1071.253058,1062.701702,1054.221648,1045.805890,1037.454453,1029.171972,1020.953152,1012.803107,1004.717838,996.701148,988.752358,980.873656,973.060069,965.317086,957.647383,950.035956,942.491665,935.017322,927.612372,920.277993,913.013086,905.817562,898.691228,891.634909,884.649644,877.735552,870.892401,864.120338,857.418842,850.789989,844.232596,837.747514,831.334906,824.995409,818.728296,812.534023,806.412982,800.365629,794.392125,788.492395,782.666781,776.914971,771.238018,765.636280,760.109098,754.657166,749.280543,743.979937,738.754386,733.605646,728.532291,723.536166,718.616362,713.773861,709.008308,704.320544,699.709931,695.177054,690.722215,686.345239,682.047166,677.827147,673.685437,669.623329,665.640446,661.736733,657.912636,654.168205,650.504117,646.919928,643.415775,639.992422,636.649758,633.388074,630.207337,627.107810,624.089689,621.153768,618.299300,615.526900,612.836715,610.228951,607.703729,605.261512,602.902178,600.626074,598.433239,596.323888,594.298054,592.356439,590.498470,588.724491,587.034918,585.429851,583.909474,582.474004,581.123375,579.858109,578.678024,577.583380,576.574555,575.651404,574.814477,574.063537,573.398928,572.820747,572.329200,571.924314,571.606391,571.375467,571.231807,571.175401,571.206202,571.324987,571.531323,571.825731,572.208173,572.678659,573.237659,573.885285,574.621254,575.445964,576.359452,577.362168,578.453882,579.635034,580.905298,582.265195,583.714535,585.253789,586.882919,588.602038,590.411334,592.310792,594.300680,596.380895,598.551724,600.813164,603.165487,605.608652,608.143203,610.768646,613.485239,616.293192,619.192518,622.183375,625.265963,628.440287,631.706364,635.064412,638.514453,642.056615,645.691092,649.417886,653.237146,657.148788,661.153085,665.250133,669.439997,673.722620,678.097933,682.566400,687.127869,691.782398,696.530264,701.371617,706.306103,711.334249,716.455637,721.670608,726.979228,732.381493,737.877508,743.467632,749.151664,754.929565,760.801419,766.767509,772.827474,778.981613,785.230122,791.572861,798.010157,804.541727,811.167701,817.888429,824.703639,831.613428,838.617723,845.716780,852.910777,860.199495,867.582840,875.061023,882.634312,890.302362,898.065330,905.923245,913.876395,921.924927,930.068089,938.306373,946.639895,955.068629,963.592512,972.211561,980.926011,989.735732,998.640505,1007.640499,1016.735892,1025.926578,1035.213086,1044.594439,1054.071435,1063.643770,1073.311428,1083.074602,1092.933249,1102.887127,1112.936298,1123.080959,1133.321082,1143.656596,1154.087549,1164.614154,1175.236152,1185.953436,1196.766344,1207.674473,1218.678166,1229.777150,1240.971583,1252.261297,1263.647059,1275.127592,1286.703631,1298.374989,1310.141869,1322.003897
4777.689430,4759.819842,4741.963500,4724.121479,4706.293742,4688.479892,4670.680343,4652.895134,4635.124929,4617.369479,4599.628560,4581.902818,4564.192151,4546.496456,4528.816324,4511.151463,4493.501452,4475.868091,4458.250143,4440.647619,4423.062160,4405.493012,4387.939962,4370.403659,4352.883274,4335.379270,4317.893382,4300.424550,4282.972360,4265.537839,4248.120653,4230.721375,4213.339867,4195.975757,4178.630068,4161.302661,4143.993293,4126.702554,4109.430170,4092.176800,4074.942330,4057.726847,4040.530377,4023.353314,4006.195220,3989.057240,3971.939154,3954.840734,3937.762496,3920.704515,3903.666413,3886.649340,3869.652922,3852.677311,3835.722321,3818.788727,3801.876089,3784.984267,3768.115004,3751.267604,3734.441704,3717.638016,3700.856130,3684.096827,3667.360227,3650.645806,3633.954769,3617.286481,3600.641317,3584.019588,3567.421348,3550.846266,3534.295738,3517.769080,3501.266460,3484.787892,3468.333848,3451.904511,3435.500360,3419.121246,3402.767185,3386.438422,3370.135036,3353.857423,3337.605568,3321.379812,3305.180068,3289.006883,3272.859065,3256.739085,3240.646010,3224.579903,3208.541000,3192.529613,3176.545660,3160.589332,3144.660588,3128.759880,3112.887862,3097.044691,3081.229442,3065.443695,3049.687038,3033.959342,3018.261323,3002.592938,2986.953837,2971.345121,2955.766335,2940.217668,2924.700007,2909.212805,2893.756261,2878.331229,2862.937243,2847.574586,2832.243821,2816.945063,2801.677516,2786.443067,2771.241116,2756.071633,2740.935147,2725.831494,2710.761002,2695.724017,2680.720144,2665.750639,2650.814817,2635.913571,2621.046865,2606.214186,2591.416510,2576.653559,2561.926431,2547.234774,2532.578518,2517.957949,2503.373633,2488.825583,2474.313508,2459.838615,2445.400671,2430.999586,2416.636272,2402.310066,2388.021836,2373.771278,2359.558908,2345.385107,2331.249779,2317.153108,2303.095556,2289.077078,2275.097505,2261.158304,2247.258571,2233.398939,2219.579675,2205.801028,2192.062271,2178.365227,2164.709434,2151.094975,2137.522120,2123.990863,2110.501573,2097.054527,2083.650309,2070.288809,2056.969808,2043.694277,2030.461941,2017.273332,2004.128444,1991.027554,1977.970578,1964.958449,1951.990791,1939.068672,1926.191568,1913.359748,1900.573687,1887.833633,1875.139275,1862.491370,1849.889882,1837.335498,1824.827788,1812.367585,1799.954192,1787.589091,1775.271871,1763.002937,1750.782296,1738.610446,1726.487698,1714.413832,1702.389262,1690.413808,1678.488520,1666.613376,1654.788360,1643.013728,1631.290218,1619.617195,1607.995592,1596.425371,1584.907292,1573.439921,1562.025963,1550.663320,1539.354070,1528.097667,1516.894364,1505.744662,1494.648123,1483.605440,1472.616981,1461.682806,1450.803457,1439.978939,1429.208587,1418.494134,1407.835418,1397.232698,1386.686030,1376.195072,1365.760379,1355.382797,1345.062170,1334.798677,1324.592481,1314.444045,1304.353899,1294.321136,1284.346995,1274.431519,1264.574420,1254.777224,1245.039819,1235.360944,1225.741877,1216.183449,1206.684593,1197.247520,1187.871336,1178.556550,1169.303211,1160.111136,1150.980512,1141.911764,1132.905458,1123.962088,1115.081684,1106.263027,1097.491678,1088.815245,1080.187213,1071.621608,1063.121399,1054.683575,1046.307637,1038.010808,1029.771478,1021.595635,1013.486984,1005.444772,997.464956,989.555712,981.716629,973.939040,966.230675,958.591701,951.024109,943.515412,936.072405,928.698906,921.393907,914.158858,906.992568,899.894547,892.865524,885.905129,879.015842,872.196646,865.447621,858.768663,852.160095,845.623093,839.156793,832.762112,826.439357,820.188699,814.010037,807.903282,801.868985,795.907615,790.019547,784.204411,778.462564,772.793986,767.199433,761.679322,756.233025,750.861515,745.564362,740.342497,735.194994,730.123475,725.126831,720.206505,715.361883,710.593892,705.902308,701.287271,696.748887,692.287734,687.903558,683.596761,679.368221,675.216938,671.143245,667.148372,663.232076,659.394506,655.635417,651.955546,648.355149,644.833978,641.392099,638.030532,634.748934,631.547398,628.426266,625.385465,622.425778,619.547366,616.749602,614.033320,611.398494,608.845502,606.374386,603.985526,601.678909,599.454833,597.313313,595.254649,593.278958,591.386493,589.577184,587.851110,586.208928,584.650498,583.176068,581.785910,580.479991,579.258656,578.121906,577.069960,576.103140,575.221362,574.424975,573.714292,573.089203,572.549655,572.096239,571.728920,571.447858,571.253167,571.145120,571.123639,571.188766,571.341234,571.580655,571.907605,572.321776,572.823562,573.413062,574.090645,574.855967,575.709385,576.651038,577.681279,578.799895,580.007377,581.303365,582.688326,584.162222,585.725390,587.377857,589.119777,590.951184,592.872182,594.883129,596.983665,599.174313,601.454996,603.825936,606.287247,608.839323,611.481700,614.214709,617.038489,619.953046,622.958614,626.055389,629.243201,632.522433,635.892978,639.354856,642.908535,646.553874,650.290992,654.120036,658.040927,662.053959,666.159175,670.356697,674.646453,679.028374,683.502929,688.069967,692.729537,697.482140,702.327481,707.265338,712.296493,717.420387,722.637362,727.947486,733.350758,738.847285,744.437429,750.120991,755.897934,761.768345,767.732508,773.790143,779.941352,786.186468,792.525372,798.958363,805.485065,812.105880,818.820943,825.629961,832.533125,839.530339,846.621901,853.807868,861.088148,868.462624,875.931461,883.494976,891.152814,898.905130,906.751958,914.693785,922.730170,930.861069,939.086430,947.406723,955.821805,964.331617,972.936300,981.635726,990.430132,999.319197,1008.303040,1017.381894,1026.555639,1035.824804,1045.188415,1054.647273,1064.201075,1073.849809,1083.593669,1093.432614,1103.366405,1113.395105,1123.518915,1133.737808,1144.051717,1154.460689,1164.964942,1175.564217,1186.258412,1197.047864,1207.932174,1218.911687,1229.986132,1241.155669,1252.420132,1263.780291,1275.234871,1286.784607,1298.429317,1310.169204,1322.003897
4720.130808,4702.509167,4684.901641,4667.306933,4649.726862,4632.160566,4614.608434,4597.070114,4579.545898,4562.036381,4544.541606,4527.061256,4509.595907,4492.145458,4474.710037,4457.289833,4439.884445,4422.494128,4405.119941,4387.760783,4370.417768,4353.090954,4335.780396,4318.485759,4301.207314,4283.945245,4266.699183,4249.470946,4232.259510,4215.064829,4197.887351,4180.727203,4163.584305,4146.459294,4129.351851,4112.262244,4095.190125,4078.136601,4061.101083,4044.084280,4027.086004,4010.106157,3993.145365,3976.203525,3959.280262,3942.376207,3925.492088,3908.627470,3891.782606,3874.957416,3858.152245,3841.366984,3824.602138,3807.857932,3791.134258,3774.431311,3757.749015,3741.087478,3724.447065,3707.828628,3691.231233,3674.655856,3658.102041,3641.570628,3625.061084,3608.573797,3592.108670,3575.666195,3559.246790,3542.849926,3526.476600,3510.125867,3493.798572,3477.495558,3461.216045,3444.959847,3428.728053,3412.520470,3396.337625,3380.179328,3364.045550,3347.936807,3331.853093,3315.794715,3299.761549,3283.753891,3267.772160,3251.816063,3235.885622,3219.982149,3204.104627,3188.254073,3172.430236,3156.633486,3140.863614,3125.121000,3109.406033,3093.718441,3078.058569,3062.426980,3046.823482,3031.248480,3015.701669,3000.183866,2984.695315,2969.235847,2953.805457,2938.404793,2923.033525,2907.691858,2892.380692,2877.099289,2861.848512,2846.628259,2831.439081,2816.280095,2801.152867,2786.057073,2770.992914,2755.959826,2740.959036,2725.990522,2711.054455,2696.150668,2681.279736,2666.441588,2651.636444,2636.864316,2622.125785,2607.421332,2592.750555,2578.113679,2563.511212,2548.942889,2534.409617,2519.911351,2505.448245,2491.019807,2476.627504,2462.270526,2447.949202,2433.664565,2419.416167,2405.204174,2391.029130,2376.891314,2362.790108,2348.726551,2334.700422,2320.711888,2306.761667,2292.849768,2278.975980,2265.140725,2251.343901,2237.586740,2223.868465,2210.189978,2196.551179,2182.952355,2169.393089,2155.874402,2142.396437,2128.959513,2115.563383,2102.208069,2088.894669,2075.622531,2062.392690,2049.204703,2036.059101,2022.956148,2009.895751,1996.878252,1983.904285,1970.973265,1958.085982,1945.242379,1932.442997,1919.688224,1906.978153,1894.312337,1881.691926,1869.116937,1856.587090,1844.102857,1831.664395,1819.272221,1806.926541,1794.627263,1782.374671,1770.169367,1758.011257,1745.901063,1733.838369,1721.823611,1709.857410,1697.939601,1686.070261,1674.249324,1662.478199,1650.756102,1639.083845,1627.460990,1615.888710,1604.366305,1592.894638,1581.473709,1570.104141,1558.784617,1547.517934,1536.301831,1525.138583,1514.027427,1502.968407,1491.962510,1481.009102,1470.108920,1459.262487,1448.469057,1437.729944,1427.045072,1416.414100,1405.837726,1395.316573,1384.850855,1374.440202,1364.084809,1353.785074,1343.541536,1333.354468,1323.223492,1313.149338,1303.132133,1293.172616,1283.270042,1273.424483,1263.637369,1253.908301,1244.238213,1234.626825,1225.073505,1215.579773,1206.144643,1196.770415,1187.456186,1178.201852,1169.008407,1159.875666,1150.803528,1141.792229,1132.842023,1123.953263,1115.126893,1106.362801,1097.659807,1089.019412,1080.441102,1071.925766,1063.473829,1055.084779,1046.759048,1038.501057,1030.306538,1022.175888,1014.108444,1006.107762,998.172144,990.296364,982.495175,974.759366,967.085424,959.484103,951.945184,944.479392,937.072144,929.729063,922.455471,915.249534,908.112620,901.043721,894.042624,887.109551,880.244458,873.449499,866.724450,860.068559,853.481851,846.964747,840.518793,834.142878,827.837831,821.603693,815.441186,809.349925,803.329682,797.381338,791.505186,785.701509,779.970112,774.311284,768.725010,763.212092,757.772812,752.406580,747.114608,741.896381,736.752151,731.681932,726.686855,721.766269,716.921086,712.150937,707.456446,702.838071,698.295135,693.828466,689.438237,685.124207,680.886983,676.726999,672.643666,668.637592,664.709306,660.858971,657.086751,653.392083,649.776206,646.239002,642.780282,639.400186,636.099710,632.878511,629.736593,626.674359,623.692106,620.790182,617.968620,615.227025,612.566445,609.986549,607.487778,605.070247,602.734276,600.479873,598.307340,596.216690,594.208256,592.282165,590.438518,588.677395,586.998833,585.403562,583.891321,582.462448,581.117094,579.855522,578.677768,577.583904,576.574404,575.649094,574.808370,574.052522,573.381370,572.795303,572.294380,571.878621,571.548556,571.303988,571.145122,571.072334,571.085445,571.184658,571.370478,571.642781,572.001874,572.447424,572.980262,573.600371,574.307299,575.101703,575.983597,576.953083,578.010566,579.155911,580.389434,581.710956,583.120754,584.618933,586.205843,587.881363,589.645832,591.499140,593.441489,595.473208,597.593909,599.804205,602.103932,604.493322,606.972564,609.542038,612.201133,614.950354,617.789648,620.719349,623.739574,626.850316,630.051590,633.343683,636.726491,640.200248,643.765196,647.421242,651.168530,655.007232,658.937237,662.958899,667.072127,671.277181,675.573918,679.962377,684.442896,689.015372,693.679881,698.436914,703.286176,708.227446,713.261510,718.387811,723.606744,728.918214,734.322414,739.819509,745.409441,751.092448,756.868393,762.737237,768.699475,774.754548,780.902801,787.144481,793.479481,799.908099,806.429960,813.045471,819.754767,826.557560,833.454041,840.444092,847.528087,854.706158,861.977792,869.343344,876.802838,884.356498,892.004088,899.745744,907.581390,915.511666,923.536060,931.654478,939.867062,948.174090,956.575487,965.071197,973.661448,982.345854,991.124917,999.998230,1008.965914,1018.028205,1027.184984,1036.436784,1045.782912,1055.223332,1064.758610,1074.388373,1084.112902,1093.932129,1103.845818,1113.854033,1123.956979,1134.154663,1144.446920,1154.833982,1165.315792,1175.892336,1186.563497,1197.329421,1208.190013,1219.145233,1230.195133,1241.339770,1252.578978,1263.913531,1275.342153,1286.865586,1298.483645,1310.196539,1322.003897
4663.415276,4646.038140,4628.674520,4611.323154,4593.986229,4576.663064,4559.353729,4542.057826,4524.776229,4507.508664,4490.255246,4473.016489,4455.791779,4438.582116,4421.387187,4404.207115,4387.042013,4369.891863,4352.756161,4335.636797,4318.531973,4301.443796,4284.370873,4267.314077,4250.273214,4233.248339,4216.239007,4199.247211,4182.271653,4165.313132,4148.371120,4131.446357,4114.538392,4097.647728,4080.774235,4063.918555,4047.080564,4030.259879,4013.457358,3996.672691,3979.906577,3963.158819,3946.429528,3929.718795,3913.026858,3896.353206,3879.698682,3863.063742,3846.448262,3829.852255,3813.275837,3796.718655,3780.181884,3763.665242,3747.168605,3730.692496,3714.236868,3697.801857,3681.387052,3664.993681,3648.621252,3632.270269,3615.940338,3599.632579,3583.346585,3567.082398,3550.840124,3534.619962,3518.422014,3502.246687,3486.094297,3469.964366,3453.857477,3437.773967,3421.713672,3405.676678,3389.663908,3373.674272,3357.708712,3341.767740,3325.851062,3309.958846,3294.091148,3278.248142,3262.430301,3246.637464,3230.869932,3215.128005,3199.411306,3183.720286,3168.055817,3152.417293,3136.804811,3121.219330,3105.660497,3090.127956,3074.622881,3059.145123,3043.694251,3028.271195,3012.875921,2997.508555,2982.169123,2966.857615,2951.574711,2936.320978,2921.095813,2905.899888,2890.733138,2875.595560,2860.487272,2845.408896,2830.360512,2815.342150,2800.354308,2785.396312,2770.469182,2755.573268,2740.708473,2725.874945,2711.072172,2696.301258,2681.562571,2666.855688,2652.181117,2637.538967,2622.929094,2608.352097,2593.807605,2579.296781,2564.819493,2550.375228,2535.964969,2521.588432,2507.246263,2492.938580,2478.665451,2464.426706,2450.223263,2436.054805,2421.921804,2407.824012,2393.762591,2379.736842,2365.747425,2351.794520,2337.878429,2323.998951,2310.156210,2296.350651,2282.582585,2268.852409,2255.160127,2241.505336,2227.889102,2214.310898,2200.771655,2187.271757,2173.810578,2160.388695,2147.006384,2133.663973,2120.361523,2107.099216,2093.877385,2080.695850,2067.555214,2054.456023,2041.397945,2028.381432,2015.406506,2002.473601,1989.582660,1976.734238,1963.928455,1951.165068,1938.444844,1925.767927,1913.134674,1900.544930,1887.998906,1875.497484,1863.040588,1850.628188,1838.260721,1825.937882,1813.660217,1801.428189,1789.242233,1777.101962,1765.007850,1752.960103,1740.959068,1729.005309,1717.098430,1705.238914,1693.427025,1681.663155,1669.947096,1658.278985,1646.659445,1635.088598,1623.566995,1612.094066,1600.671161,1589.297536,1577.973805,1566.700318,1555.477111,1544.303951,1533.182118,1522.110859,1511.091618,1500.123783,1489.207459,1478.343355,1467.531567,1456.772249,1446.065485,1435.411292,1424.810776,1414.263759,1403.770178,1393.330249,1382.945097,1372.614442,1362.338419,1352.116831,1341.950219,1331.839065,1321.783655,1311.784070,1301.840365,1291.952946,1282.121917,1272.347977,1262.630035,1252.970264,1243.367033,1233.822322,1224.335852,1214.906730,1205.536308,1196.223488,1186.971927,1177.779029,1168.645272,1159.571749,1150.558227,1141.604582,1132.711090,1123.878107,1115.105723,1106.394877,1097.745804,1089.156889,1080.630304,1072.164752,1063.761393,1055.420995,1047.140027,1038.926949,1030.778204,1022.692600,1014.670099,1006.708581,998.815713,990.984914,983.215516,975.518250,967.885308,960.315368,952.817194,945.377236,938.012009,930.705090,923.461393,916.286333,909.178485,902.138360,895.166039,888.260402,881.422781,874.651699,867.950539,861.318115,854.754664,848.259150,841.832962,835.476983,829.190364,822.973937,816.827671,810.752311,804.747545,798.812980,792.949553,787.157748,781.437722,775.789235,770.212380,764.707505,759.275596,753.916347,748.629495,743.415861,738.275724,733.208643,728.215083,723.295797,718.450353,713.679347,708.983089,704.361592,699.815510,695.344222,690.948362,686.628277,682.383715,678.215470,674.123505,670.107488,666.168237,662.306029,658.520839,654.813390,651.182553,647.630055,644.155344,640.758596,637.439603,634.199628,631.038417,627.955538,624.951846,622.027423,619.182574,616.417449,613.731579,611.126010,608.600619,606.155522,603.791129,601.507494,599.304921,597.183459,595.143216,593.184445,591.307520,589.512265,587.798937,586.167640,584.618667,583.152269,581.768500,580.467642,579.249919,578.115354,577.064059,576.096473,575.212411,574.412311,573.696483,573.064686,572.517345,572.054512,571.676200,571.382961,571.174592,571.051298,571.013442,571.060896,571.193956,571.412723,571.717462,572.108399,572.585242,573.148710,573.798805,574.535196,575.358414,576.268519,577.265709,578.350197,579.521926,580.781180,582.127966,583.562403,585.084630,586.695023,588.393404,590.180170,592.055195,594.018708,596.070966,598.211656,600.441352,602.759900,605.167619,607.664772,610.251208,612.926897,615.692154,618.547051,621.491604,624.526186,627.650721,630.865272,634.170097,637.565095,641.050500,644.626559,648.293179,652.050509,655.898719,659.837790,663.867820,667.988977,672.201458,676.505061,680.900016,685.386260,689.964075,694.633413,699.394877,704.247842,709.192540,714.229293,719.357925,724.578647,729.891433,735.296457,740.793885,746.383753,752.066030,757.840852,763.708093,769.668248,775.720763,781.866008,788.104158,794.435183,800.859430,807.376316,813.986458,820.689927,827.486433,834.376172,841.359056,848.435378,855.605392,862.868447,870.224990,877.675138,885.218877,892.856100,900.587057,908.411556,916.330232,924.342598,932.448561,940.648267,948.941995,957.329675,965.811279,974.386951,983.056396,991.820087,1000.677621,1009.629223,1018.674823,1027.814613,1037.049026,1046.377369,1055.799610,1065.316318,1074.927386,1084.632300,1094.431794,1104.325365,1114.313082,1124.395149,1134.571579,1144.842136,1155.207266,1165.666704,1176.220508,1186.868562,1197.611016,1208.447775,1219.378803,1230.404154,1241.523885,1252.737835,1264.046777,1275.449441,1286.946567,1298.537975,1310.223874,1322.003897
4607.525165,4590.388135,4573.264212,4556.153316,4539.055109,4521.970165,4504.899317,4487.842195,4470.798259,4453.768693,4436.752753,4419.751115,4402.763494,4385.790275,4368.831512,4351.887537,4334.958254,4318.043791,4301.143363,4284.258923,4267.389456,4250.534754,4233.696139,4216.873249,4200.065376,4183.273516,4166.498170,4149.737762,4132.994754,4116.268064,4099.557239,4082.863724,4066.186968,4049.527047,4032.883991,4016.258047,3999.649431,3983.058445,3966.485111,3949.928697,3933.390759,3916.870987,3900.369345,3883.885903,3867.420939,3850.974148,3834.546006,3818.136921,3801.746901,3785.376136,3769.024638,3752.692345,3736.379384,3720.086468,3703.813503,3687.560250,3671.327431,3655.114840,3638.922262,3622.750514,3606.599712,3590.469375,3574.360082,3558.272117,3542.205856,3526.160940,3510.137593,3494.136352,3478.156803,3462.199514,3446.264115,3430.351251,3414.460842,3398.593797,3382.749479,3366.928429,3351.129918,3335.355278,3319.604121,3303.877000,3288.173362,3272.494179,3256.839152,3241.208531,3225.602450,3210.020919,3194.464326,3178.932846,3163.426381,3147.945045,3132.489562,3117.060057,3101.656038,3086.278463,3070.926842,3055.601414,3040.302953,3025.031365,3009.786526,2994.568635,2979.378044,2964.215235,2949.079884,2933.972050,2918.892208,2903.840311,2888.817248,2873.822922,2858.857324,2843.920430,2829.012798,2814.133950,2799.284601,2784.465243,2769.675536,2754.915607,2740.185842,2725.486549,2710.818162,2696.180445,2681.573730,2666.997351,2652.453014,2637.939820,2623.458666,2609.009460,2594.592001,2580.207110,2565.854220,2551.533973,2537.246976,2522.992675,2508.771668,2494.584099,2480.430449,2466.310438,2452.224544,2438.172565,2424.155407,2410.172510,2396.224737,2382.311701,2368.434180,2354.591894,2340.785695,2327.015111,2313.280796,2299.582935,2285.921313,2272.295856,2258.707602,2245.156477,2231.642803,2218.166430,2204.727407,2191.326549,2177.963252,2164.639039,2151.353589,2138.106177,2124.898187,2111.729443,2098.600036,2085.510098,2072.459739,2059.449770,2046.479806,2033.550714,2020.662377,2007.814554,1995.008192,1982.243021,1969.519255,1956.837256,1944.197452,1931.599744,1919.044020,1906.531655,1894.061767,1881.634980,1869.251262,1856.911613,1844.615819,1832.363919,1820.156429,1807.993137,1795.874204,1783.800140,1771.771324,1759.788173,1747.850154,1735.958316,1724.112553,1712.312795,1700.559833,1688.853410,1677.193980,1665.581726,1654.017045,1642.499697,1631.029836,1619.608516,1608.235340,1596.910417,1585.634895,1574.407991,1563.230323,1552.102280,1541.023895,1529.995212,1519.016309,1508.088187,1497.210951,1486.384641,1475.609154,1464.885568,1454.213110,1443.592565,1433.024012,1422.507801,1412.043743,1401.632943,1391.275073,1380.969868,1370.718985,1360.521817,1350.378315,1340.289277,1330.254279,1320.273894,1310.348660,1300.478658,1290.663438,1280.904351,1271.200946,1261.553799,1251.962033,1242.427219,1232.948812,1223.528485,1214.164790,1204.858696,1195.609634,1186.418853,1177.287675,1168.214880,1159.200305,1150.245265,1141.349463,1132.513111,1123.736194,1115.018824,1106.361497,1097.764880,1089.210037,1080.753668,1072.339310,1063.984707,1055.693196,1047.462898,1039.293055,1031.187316,1023.146875,1015.168158,1007.252202,999.398537,991.609035,983.882824,976.217919,968.623189,961.092120,953.624488,946.223502,938.887415,931.621816,924.413607,917.268523,910.190872,903.179985,896.235942,889.358885,882.547782,875.804335,869.126716,862.518145,855.977555,849.505059,843.099936,836.763667,830.496915,824.298540,818.169729,812.110569,806.121501,800.202182,794.352564,788.573309,782.864836,777.227435,771.661193,766.165403,760.741390,755.389506,750.109438,744.901078,739.765372,734.702383,729.711607,724.793942,719.949729,715.178551,710.481154,705.858012,701.308796,696.834184,692.433936,688.108320,683.857608,679.681915,675.581897,671.557303,667.607858,663.734795,659.938028,656.217557,652.574187,649.006764,645.516818,642.104114,638.768591,635.510485,632.330450,629.228193,626.204032,623.258265,620.391015,617.602844,614.893644,612.263050,609.711992,607.240600,604.848712,602.536926,600.305236,598.153955,596.083002,594.092887,592.183299,590.355106,588.607764,586.941641,585.357098,583.854035,582.433162,581.094113,579.837331,578.663078,577.571240,576.562221,575.636150,574.792985,574.033136,573.356952,572.764210,572.255184,571.830095,571.488953,571.232153,571.059654,570.971705,570.968431,571.049691,571.216298,571.467922,571.804781,572.227284,572.735085,573.328880,574.008749,574.774287,575.626051,576.564105,577.588647,578.699894,579.897925,581.182627,582.554454,584.013234,585.559279,587.192908,588.913945,590.722789,592.619316,594.603828,596.676373,598.836880,601.085765,603.423003,605.848815,608.363461,610.966871,613.658972,616.440088,619.310305,622.269602,625.318392,628.456589,631.684258,635.001659,638.408693,641.905598,645.492658,649.169673,652.937015,656.794487,660.742404,664.780873,668.909667,673.129707,677.439844,681.841049,686.333029,690.916069,695.590124,700.355800,705.212463,710.160377,715.199837,720.330694,725.553115,730.867124,736.272880,741.770554,747.360181,753.041870,758.815373,764.680907,770.638903,776.688783,782.830921,789.065495,795.392476,801.812215,808.324129,814.928887,821.626413,828.416579,835.299517,842.275151,849.343786,856.505639,863.760102,871.107610,878.548284,886.082110,893.708985,901.429161,909.242448,917.149483,925.149781,933.243226,941.430044,949.710558,958.084367,966.551804,975.112897,983.767351,992.515703,1001.357370,1010.292761,1019.321748,1028.444526,1037.661529,1046.972067,1056.376085,1065.874226,1075.466316,1085.151865,1094.931608,1104.805046,1114.772250,1124.833426,1134.988589,1145.237506,1155.580623,1166.017678,1176.548733,1187.173672,1197.892648,1208.705568,1219.612398,1230.613193,1241.708015,1252.896702,1264.180031,1275.556733,1287.027551,1298.592306,1310.251210,1322.003897
4552.442888,4535.541810,4518.653478,4501.778011,4484.915499,4468.065544,4451.229296,4434.406352,4417.596474,4400.800092,4384.017585,4367.249259,4350.494529,4333.753962,4317.027784,4300.315498,4283.617819,4266.934889,4250.266448,4233.612236,4216.973669,4200.349357,4183.740770,4167.147695,4150.569879,4134.007490,4117.460216,4100.928231,4084.413534,4067.914896,4051.432497,4034.966029,4018.516010,4002.082884,3985.666477,3969.266853,3952.884095,3936.518258,3920.170043,3903.839205,3887.525665,3871.229734,3854.951874,3838.692069,3822.450340,3806.226833,3790.021025,3773.834140,3757.666143,3741.516689,3725.386273,3709.275036,3693.182753,3677.110109,3661.056812,3645.023035,3629.009286,3613.015325,3597.041157,3581.087696,3565.154649,3549.241792,3533.349470,3517.477704,3501.627602,3485.798689,3469.990990,3454.204458,3438.439736,3422.696951,3406.975641,3391.276620,3375.599531,3359.944554,3344.312863,3328.703914,3313.117108,3297.553732,3282.013362,3266.496500,3251.003448,3235.533690,3220.087827,3204.665954,3189.268362,3173.895037,3158.546213,3143.221883,3127.922100,3112.647007,3097.397669,3082.173456,3066.974840,3051.801775,3036.654708,3021.533100,3006.437769,2991.369161,2976.326922,2961.311475,2946.322706,2931.360605,2916.426123,2901.518633,2886.639255,2871.787093,2856.962957,2842.166300,2827.398771,2812.659507,2797.949044,2783.267148,2768.614034,2753.990456,2739.396045,2724.830962,2710.295632,2695.790527,2681.315007,2666.870316,2652.456041,2638.072116,2623.718833,2609.396833,2595.105985,2580.846829,2566.619107,2552.423129,2538.258889,2524.126913,2510.027289,2495.960029,2481.925537,2467.924155,2453.956058,2440.021199,2426.119829,2412.251730,2398.418109,2384.618347,2370.852914,2357.122095,2343.425474,2329.764574,2316.138441,2302.547777,2288.992756,2275.473536,2261.990392,2248.542915,2235.131716,2221.757221,2208.419404,2195.118434,2181.854970,2168.628581,2155.439042,2142.287997,2129.175273,2116.100285,2103.063967,2090.066413,2077.107573,2064.187764,2051.306777,2038.465657,2025.664027,2012.902738,2000.181403,1987.500553,1974.860000,1962.260372,1949.701403,1937.183913,1924.707484,1912.273182,1899.880092,1887.529466,1875.221171,1862.954589,1850.731703,1838.551537,1826.414549,1814.320943,1802.271271,1790.265517,1778.302934,1766.384825,1754.511551,1742.683126,1730.899459,1719.161097,1707.468176,1695.820922,1684.219502,1672.664212,1661.155225,1649.692828,1638.277353,1626.908651,1615.586909,1604.312958,1593.086452,1581.907592,1570.777509,1559.695455,1548.662203,1537.677441,1526.742061,1515.855676,1505.018697,1494.231169,1483.494428,1472.808146,1462.171749,1451.586421,1441.051633,1430.568296,1420.136269,1409.755944,1399.426965,1389.150699,1378.926590,1368.754719,1358.636390,1348.571137,1338.558947,1328.600371,1318.695426,1308.844539,1299.047620,1289.305575,1279.617446,1269.985085,1260.407731,1250.885851,1241.418510,1232.007494,1222.652697,1213.354679,1204.112534,1194.927709,1185.798389,1176.728848,1167.716717,1158.762542,1149.865787,1141.027791,1132.248390,1123.528001,1114.866099,1106.263117,1097.719552,1089.235763,1080.812618,1072.448680,1064.145105,1055.900794,1047.719406,1039.598128,1031.535376,1023.538306,1015.604582,1007.732198,999.921451,992.172517,984.487273,976.864380,969.302833,961.810270,954.381635,947.012761,939.713235,932.475101,925.307551,918.197189,911.148927,904.168261,897.252874,890.404265,883.621502,876.904282,870.253687,863.668363,857.151306,850.701940,844.319608,838.003781,831.756440,825.577913,819.466812,813.424710,807.451667,801.548071,795.713204,789.947799,784.251874,778.625819,773.070620,767.585487,762.170278,756.826077,751.553327,746.351739,741.221166,736.162499,731.175785,726.260666,721.418149,716.648254,711.950707,707.326255,702.775390,698.297722,693.893977,689.563974,685.307800,681.125870,677.018398,672.985861,669.028162,665.144803,661.337222,657.605208,653.948806,650.368899,646.864212,643.436345,640.085014,636.810041,633.612211,630.491429,627.447919,624.481910,621.593530,618.782928,616.050890,613.396979,610.821228,608.324228,605.906221,603.567156,601.307562,599.127214,597.026725,595.005915,593.065283,591.204711,589.424460,587.724634,586.105513,584.567148,583.109793,581.733917,580.439177,579.226070,578.094894,577.045481,576.078186,575.193255,574.390673,573.670649,573.033842,572.479633,572.008688,571.621057,571.316721,571.096059,570.959045,570.906085,570.937128,571.052092,571.251780,571.535812,571.904674,572.358339,572.896964,573.520766,574.230049,575.024521,575.904522,576.870307,577.922050,579.059706,580.283689,581.593696,582.990185,584.473131,586.042842,587.699482,589.442953,591.273658,593.191473,595.196709,597.289287,599.469493,601.737400,604.093114,606.536811,609.068942,611.688999,614.397335,617.194134,620.079423,623.053371,626.116205,629.267901,632.508530,635.838359,639.257272,642.765526,646.363406,650.050742,653.827814,657.694522,661.651152,665.697814,669.834582,674.061393,678.378258,682.785592,687.283192,691.871344,696.550006,701.319786,706.180010,711.131148,716.173172,721.306102,726.530143,731.845281,737.251679,742.749565,748.338809,754.019690,759.791906,765.655677,771.611336,777.658370,783.797563,790.028489,796.351357,802.766483,809.273397,815.872636,822.564235,829.347994,836.224075,843.192401,850.253374,857.406970,864.652753,871.991178,879.422330,886.946197,894.562642,902.272032,910.074064,917.969419,925.957691,934.038526,942.212394,950.479539,958.839564,967.292802,975.839380,984.478718,993.211642,1002.037476,1010.956631,1019.968981,1029.074727,1038.274294,1047.567005,1056.952804,1066.432403,1076.005429,1085.671595,1095.431573,1105.284862,1115.231539,1125.271811,1135.405694,1145.632958,1155.954052,1166.368808,1176.877011,1187.478827,1198.174318,1208.963391,1219.846017,1230.822252,1241.892159,1253.055580,1264.313293,1275.664030,1287.108537,1298.646638,1310.278546,1322.003897
4498.152570,4481.482879,4464.826047,4448.181923,4431.550526,4414.931385,4398.325718,4381.733196,4365.153862,4348.587519,4332.034371,4315.495113,4298.969293,4282.457683,4265.959639,4249.475893,4233.006350,4216.550691,4200.109482,4183.682928,4167.270379,4150.873387,4134.490500,4118.123396,4101.771201,4085.434209,4069.112720,4052.806496,4036.514744,4020.240145,4003.981629,3987.738841,3971.512504,3955.302405,3939.108424,3922.931334,3906.770796,3890.627199,3874.500222,3858.390134,3842.297458,3826.222457,3810.164940,3794.124557,3778.102423,3762.098181,3746.111398,3730.143230,3714.193470,3698.262211,3682.349415,3666.455275,3650.579797,3634.723738,3618.886869,3603.069153,3587.270895,3571.492378,3555.733493,3539.993835,3524.274983,3508.576311,3492.897419,3477.239142,3461.601632,3445.984742,3430.389137,3414.814383,3399.260979,3383.728906,3368.218269,3352.729568,3337.262257,3321.817085,3306.394329,3290.993684,3275.615388,3260.259687,3244.927235,3229.617745,3214.331121,3199.067780,3183.827995,3168.611772,3153.419224,3138.250667,3123.106163,3107.985968,3092.890166,3077.818115,3062.771225,3047.749604,3032.752592,3017.781245,3002.835143,2987.914300,2973.019536,2958.150788,2943.307684,2928.491249,2913.701230,2898.937657,2884.200412,2869.490362,2854.807737,2840.152217,2825.524027,2810.923526,2796.350191,2781.805555,2767.289287,2752.801137,2738.341558,2723.910579,2709.508780,2695.135591,2680.791744,2666.477433,2652.193008,2637.937873,2623.713199,2609.518574,2595.354087,2581.220019,2567.117058,2553.044915,2539.003955,2524.994438,2511.015964,2497.069493,2483.154289,2469.271487,2455.420954,2441.602830,2427.817659,2414.065129,2400.345774,2386.658992,2373.006154,2359.386784,2345.801244,2332.249524,2318.732380,2305.249051,2291.801073,2278.387628,2265.009195,2251.666195,2238.358620,2225.086631,2211.850215,2198.649744,2185.485472,2172.357543,2159.266619,2146.212051,2133.194398,2120.214081,2107.271660,2094.366550,2081.499698,2068.670925,2055.880405,2043.128227,2030.414311,2017.739425,2005.104066,1992.508163,1979.951719,1967.435219,1954.958673,1942.521912,1930.125803,1917.770341,1905.455434,1893.181646,1880.949534,1868.758432,1856.609307,1844.501746,1832.436423,1820.413699,1808.433558,1796.496139,1784.602117,1772.751253,1760.943765,1749.179202,1737.459317,1725.783588,1714.152165,1702.565382,1691.023564,1679.526511,1668.074781,1656.668661,1645.308323,1633.993824,1622.725458,1611.503533,1600.327944,1589.199378,1578.117813,1567.083099,1556.096621,1545.157654,1534.266701,1523.423886,1512.629712,1501.883573,1491.186699,1480.538044,1469.940086,1459.391687,1448.892480,1438.443937,1428.045428,1417.697552,1407.400293,1397.154048,1386.958551,1376.815201,1366.723468,1356.683048,1346.695614,1336.760644,1326.878033,1317.048634,1307.272024,1297.548642,1287.878893,1278.263243,1268.700850,1259.193557,1249.740557,1240.342224,1230.998295,1221.709658,1212.476932,1203.299697,1194.177932,1185.112835,1176.103171,1167.151938,1158.257602,1149.420617,1140.640264,1131.918035,1123.253782,1114.647872,1106.099630,1097.609921,1089.178703,1080.806595,1072.494205,1064.241257,1056.046472,1047.912325,1039.838905,1031.824605,1023.869645,1015.979486,1008.151486,1000.383842,992.677346,985.032367,977.449991,969.928768,962.469345,955.077665,947.747355,940.477649,933.278233,926.139314,919.068970,912.054402,905.102851,898.218067,891.397390,884.642855,877.953103,871.328927,864.770180,858.276257,851.849749,845.490419,839.197027,832.970216,826.810841,820.719304,814.694986,808.738599,802.850711,797.031859,791.280718,785.598362,779.984955,774.440671,768.966534,763.561607,758.226299,752.961096,747.766727,742.642628,737.589218,732.606854,727.695611,722.855511,718.087237,713.390776,708.766355,704.214125,699.734622,695.327963,690.994409,686.733914,682.546652,678.432963,674.392999,670.427299,666.535778,662.717879,658.975094,655.307313,651.714404,648.197230,644.754748,641.388442,638.097879,634.882909,631.744684,628.682708,625.697340,622.788922,619.957455,617.203058,614.526507,611.927246,609.405932,606.962540,604.597394,602.310643,600.102579,597.973380,595.923283,593.951999,592.060366,590.248242,588.515828,586.863131,585.290238,583.797799,582.385759,581.054354,579.803604,578.633835,577.545266,576.537847,575.612009,574.767810,574.005445,573.324958,572.727076,572.211150,571.777883,571.427254,571.159431,570.974652,570.872863,570.854506,570.919509,571.067870,571.300350,571.616572,572.017090,572.501702,573.070750,573.724248,574.462771,575.285850,576.193889,577.187042,578.265664,579.429561,580.679234,582.014332,583.435334,584.942213,586.535378,588.214690,589.980460,591.832767,593.771634,595.797387,597.909907,600.109498,602.396170,604.770210,607.231592,609.780872,612.417550,615.141965,617.954272,620.854525,623.842860,626.919593,630.084574,633.338072,636.680163,640.110814,643.630303,647.238796,650.936309,654.723004,658.598812,662.564023,666.618747,670.763062,674.996929,679.320292,683.733630,688.236741,692.829893,697.513184,702.286826,707.150547,712.104685,717.149216,722.284168,727.509725,732.825899,738.232916,743.730802,749.319633,754.999622,760.770470,766.632580,772.585711,778.629990,784.765914,790.993106,797.311823,803.722306,810.224186,816.818013,823.503384,830.280677,837.149755,844.110814,851.163968,858.309312,865.546401,872.875692,880.297236,887.811137,895.417145,903.115645,910.906404,918.790071,926.766165,934.834433,942.995315,951.249058,959.595265,968.034272,976.566209,985.190667,993.907966,1002.717940,1011.620832,1020.616520,1029.705207,1038.887320,1048.162183,1057.529743,1066.990714,1076.544725,1086.191491,1095.931687,1105.764812,1115.690936,1125.710302,1135.822893,1146.028493,1156.327553,1166.719907,1177.205342,1187.784027,1198.456025,1209.221246,1220.079661,1231.031330,1242.076318,1253.214468,1264.446561,1275.771331,1287.189526,1298.700971,1310.305882,1322.003897
4444.637016,4428.195706,4411.766663,4395.349532,4378.945056,4362.553340,4346.173926,4329.807797,4313.454676,4297.114638,4280.787426,4264.473612,4248.172839,4231.886155,4215.612828,4199.353543,4183.107786,4166.876283,4150.658992,4134.455333,4118.265718,4102.091516,4085.931021,4069.786156,4053.656142,4037.541103,4021.440599,4005.355488,3989.284839,3973.230970,3957.192291,3941.169577,3925.162624,3909.171950,3893.197309,3877.238644,3861.296611,3845.371202,3829.462501,3813.570438,3797.694726,3781.836251,3765.995371,3750.171825,3734.365347,3718.576714,3702.805621,3687.052382,3671.317312,3655.600497,3639.901905,3624.221769,3608.559956,3592.916658,3577.292528,3561.687379,3546.101357,3530.534464,3514.986950,3499.458804,3483.950536,3468.462304,3452.993627,3437.545423,3422.116991,3406.709306,3391.322076,3375.955688,3360.610267,3345.285943,3329.982515,3314.700615,3299.439909,3284.200909,3268.983900,3253.789029,3238.615551,3223.464791,3208.336108,3193.230481,3178.147645,3163.087817,3148.050456,3133.036656,3118.046199,3103.079339,3088.136058,3073.216555,3058.321162,3043.449308,3028.602318,3013.779771,2998.981794,2984.208540,2969.460641,2954.737215,2940.039795,2925.367807,2910.721385,2896.100658,2881.506208,2866.937924,2852.395724,2837.879554,2823.390808,2808.928888,2794.493849,2780.085751,2765.705360,2751.352213,2737.026558,2722.729256,2708.460083,2694.219306,2680.006786,2665.822704,2651.667640,2637.541710,2623.444600,2609.376960,2595.338897,2581.330670,2567.352362,2553.403323,2539.485346,2525.597924,2511.740766,2497.914806,2484.119597,2470.355675,2456.622891,2442.921513,2429.251992,2415.614682,2402.009674,2388.436824,2374.896595,2361.388793,2347.914296,2334.472373,2321.064354,2307.689677,2294.348355,2281.041175,2267.768109,2254.529414,2241.325352,2228.155981,2215.021542,2201.922257,2188.858278,2175.829733,2162.836441,2149.879231,2136.958293,2124.073297,2111.224975,2098.413128,2085.638233,2072.900846,2060.201120,2047.538729,2034.914115,2022.327056,2009.778358,1997.267836,1984.796147,1972.363248,1959.969417,1947.615005,1935.300017,1923.024338,1910.788579,1898.592961,1886.437343,1874.322453,1862.248388,1850.215083,1838.222523,1826.271959,1814.362583,1802.495144,1790.669654,1778.886713,1767.146057,1755.447943,1743.793302,1732.180694,1720.611874,1709.086997,1697.605754,1686.168541,1674.775729,1663.427032,1652.123233,1640.864147,1629.650416,1618.482026,1607.358936,1596.281931,1585.250348,1574.265650,1563.326900,1552.434655,1541.589881,1530.792096,1520.041698,1509.339064,1498.683860,1488.076604,1477.517842,1467.006617,1456.545650,1446.133361,1435.770259,1425.456466,1415.192378,1404.978253,1394.814334,1384.700264,1374.637052,1364.624641,1354.663028,1344.753156,1334.894909,1325.088688,1315.334121,1305.632141,1295.982320,1286.385134,1276.840898,1267.350043,1257.912013,1248.528307,1239.198451,1229.921866,1220.699986,1211.532109,1202.419944,1193.361987,1184.359660,1175.412121,1166.521123,1157.687003,1148.909062,1140.187801,1131.522886,1122.914897,1114.364384,1105.871617,1097.435866,1089.058082,1080.738002,1072.476274,1064.273740,1056.129974,1048.043345,1040.017736,1032.050617,1024.130651,1016.294759,1008.509770,1000.785897,993.122111,985.519046,977.976633,970.495986,963.075415,955.716985,948.425677,941.193455,934.022635,926.920156,919.879500,912.904608,905.985698,899.129662,892.339032,885.612037,878.950802,872.353541,865.820958,859.352741,852.949709,846.613037,840.342589,834.137386,827.998322,821.926142,815.920850,809.982195,804.110802,798.307289,792.572051,786.903893,781.303717,775.772013,770.308734,764.914775,759.589439,754.333026,749.146075,744.029244,738.982075,734.004599,729.097996,724.261633,719.495653,714.801029,710.177478,705.625002,701.144579,696.735857,692.399452,688.135368,683.943694,679.824696,675.778498,671.805378,667.905908,664.079882,660.326725,656.648228,653.044028,649.514117,646.058878,642.678116,639.372746,636.142426,632.987040,629.907645,626.904215,623.976310,621.124916,618.349579,615.651009,613.029526,610.484517,608.017010,605.626700,603.313970,601.079032,598.922117,596.843458,594.843147,592.921277,591.078108,589.313926,587.628776,586.022817,584.495974,583.048956,581.681704,580.394334,579.187241,578.060378,577.014078,576.048330,575.163607,574.359758,573.637177,572.996164,572.436551,571.958738,571.562645,571.248741,571.017033,570.867762,570.800874,570.816814,570.915465,571.097008,571.361893,571.710013,572.141911,572.657178,573.256350,573.939440,574.706804,575.558223,576.494018,577.514339,578.619550,579.809454,581.084529,582.444505,583.889784,585.420366,587.036633,588.738537,590.526199,592.400037,594.359770,596.405904,598.538089,600.756866,603.062167,605.454232,607.933188,610.499442,613.152545,615.892839,618.720481,621.635492,624.638115,627.728563,630.906682,634.172866,637.527025,640.969304,644.499849,648.118872,651.826391,655.622571,659.507344,663.481003,667.543660,671.695396,675.936173,680.265936,684.685167,689.193732,693.791705,698.479383,703.256930,708.124009,713.081166,718.128000,723.264868,728.491854,733.808972,739.216343,744.714345,750.302791,755.981662,761.751059,767.611247,773.561986,779.603405,785.736003,791.959405,798.274042,804.679644,811.176353,817.764561,824.443988,831.214693,838.076731,845.030370,852.075783,859.212699,866.441043,873.761201,881.173158,888.676928,896.272454,903.960044,911.739538,919.611459,927.575282,935.630947,943.778807,952.019112,960.351468,968.776214,977.293479,985.902938,994.604673,1003.398760,1012.285365,1021.264367,1030.335970,1039.500607,1048.757601,1058.106901,1067.549225,1077.084229,1086.711552,1096.431949,1106.244897,1116.150465,1126.148899,1136.240186,1146.424110,1156.701126,1167.071069,1177.533727,1188.089272,1198.737769,1209.479130,1220.313329,1231.240428,1242.260492,1253.373367,1264.579837,1275.878637,1287.270517,1298.755305,1310.333218,1322.003897
4391.880872,4375.663364,4359.458220,4343.265208,4327.084438,4310.915520,4294.759575,4278.615592,4262.484642,4246.366659,4230.261411,4214.169513,4198.090596,4182.025120,4165.972491,4149.933725,4133.908694,4117.897468,4101.899963,4085.916340,4069.946592,4053.990711,4038.049648,4022.122611,4006.210924,3990.313813,3974.431386,3958.564181,3942.711418,3926.873362,3911.051617,3895.245168,3879.453948,3863.679093,3847.920071,3832.176949,3816.449934,3800.738737,3785.044337,3769.366345,3753.704949,3738.059845,3722.431802,3706.821125,3691.227589,3675.651292,3660.091956,3644.550067,3629.026328,3613.520530,3598.032687,3582.562890,3567.111352,3551.677928,3536.263084,3520.866969,3505.489770,3490.131386,3474.792042,3459.471421,3444.170805,3428.889467,3413.627760,3398.386000,3383.163944,3367.961992,3352.780390,3337.618471,3322.477960,3307.357911,3292.258564,3277.180482,3262.123161,3247.087067,3232.072581,3217.079708,3202.108358,3187.159245,3172.231911,3157.326748,3142.444141,3127.584149,3112.746891,3097.932176,3083.140601,3068.372095,3053.627183,3038.905606,3024.207515,3009.532666,2994.882300,2980.255976,2965.653840,2951.076281,2936.522968,2921.994628,2907.491017,2893.012810,2878.559813,2864.132452,2849.730622,2835.354274,2821.004039,2806.679546,2792.381297,2778.109986,2763.865259,2749.646846,2735.455687,2721.291439,2707.154989,2693.044953,2678.963197,2664.909570,2650.883986,2636.885963,2622.916773,2608.976244,2595.064459,2581.181422,2567.327164,2553.502538,2539.707224,2525.941567,2512.205261,2498.499589,2484.823961,2471.178667,2457.563892,2443.979936,2430.426690,2416.904458,2403.413452,2389.954148,2376.526793,2363.131253,2349.767295,2336.436116,2323.136946,2309.870641,2296.636988,2283.436826,2270.269485,2257.135565,2244.035141,2230.968813,2217.936476,2204.938409,2191.974614,2179.045656,2166.151492,2153.292136,2140.467956,2127.678884,2114.925613,2102.207907,2089.526492,2076.880888,2064.271480,2051.699282,2039.164124,2026.666063,2014.204909,2001.781007,1989.394592,1977.046540,1964.736299,1952.464289,1940.230855,1928.036318,1915.880498,1903.763898,1891.686435,1879.648262,1867.649828,1855.691713,1843.773852,1831.896148,1820.058422,1808.262264,1796.506570,1784.792550,1773.119738,1761.488987,1749.899710,1738.352858,1726.848330,1715.386201,1703.966652,1692.590395,1681.257436,1669.967754,1658.721970,1647.519718,1636.361899,1625.248074,1614.179028,1603.154784,1592.175369,1581.241081,1570.351943,1559.509016,1548.711583,1537.959788,1527.255003,1516.596925,1505.985171,1495.420587,1484.902952,1474.432701,1464.010312,1453.634963,1443.308998,1433.031410,1422.802309,1412.621731,1402.490396,1392.408259,1382.375966,1372.392840,1362.460048,1352.577070,1342.744487,1332.962978,1323.232546,1313.553534,1303.925551,1294.349228,1284.824756,1275.352365,1265.932163,1256.564427,1247.249355,1237.987715,1228.779249,1219.623664,1210.521797,1201.473697,1192.480851,1183.540739,1174.655424,1165.825123,1157.051156,1148.332860,1139.670056,1131.063018,1122.512112,1114.017109,1105.579054,1097.198174,1088.873588,1080.606342,1072.361254,1064.243521,1056.149764,1048.113172,1040.134715,1032.215617,1024.354622,1016.551348,1008.808270,1001.127722,993.507005,985.943008,978.440773,971.003885,963.623834,956.302653,949.044931,941.852020,934.718791,927.645922,920.638001,913.693575,906.814227,899.989730,893.227939,886.531078,879.896695,873.327341,866.821870,860.379803,854.001621,847.688009,841.440184,835.257946,829.140085,823.087901,817.101822,811.181683,805.328165,799.540613,793.820791,788.168350,782.582204,777.063423,771.612478,766.229213,760.914913,755.668123,750.489852,745.380587,740.340499,735.369338,730.467469,725.635677,720.873439,716.180928,711.558996,707.007541,702.526720,698.117180,693.778557,689.511667,685.316502,681.192865,677.141349,673.161992,669.255130,665.421324,661.660053,657.971296,654.356393,650.815029,647.347591,643.953783,640.634079,637.389153,634.218442,631.122008,628.101070,625.155264,622.284590,619.489377,616.769937,614.126689,611.559698,609.068561,606.654269,604.316584,602.055788,599.872140,597.765930,595.737315,593.786413,591.913320,590.118321,588.401726,586.763436,585.203617,583.722414,582.320444,580.997587,579.753960,578.589884,577.505657,576.501159,575.576805,574.732729,573.968905,573.285632,572.683592,572.162192,571.721927,571.362991,571.085374,570.889547,570.775366,570.743060,570.792977,570.925019,571.139419,571.436427,571.816219,572.279054,572.824650,573.453742,574.166323,574.962099,575.841592,576.804881,577.852170,578.983687,580.199401,581.499610,582.884223,584.353498,585.907553,587.546766,589.270970,591.080574,592.975461,594.955851,597.022081,599.173778,601.411552,603.735306,606.145231,608.641732,611.224653,613.893941,616.649937,619.492704,622.422283,625.439142,628.543109,631.734251,635.012896,638.378935,641.832615,645.374194,649.003591,652.720975,656.526502,660.420107,664.402146,668.472544,672.631574,676.879126,681.215180,685.640329,690.154027,694.756763,699.448871,704.230057,709.100426,714.060377,719.109517,724.248182,729.476525,734.794494,740.202236,745.700130,751.287992,756.965804,762.733670,768.591892,774.540127,780.578695,786.707810,792.927352,799.237669,805.638494,812.129980,818.712495,825.385785,832.149968,839.004989,845.951125,852.988571,860.117130,867.336725,874.647609,882.049896,889.543569,897.128569,904.805206,912.573411,920.433464,928.385043,936.428066,944.562869,952.789799,961.108174,969.518626,978.021189,986.615540,995.301794,1004.079936,1012.950228,1021.912519,1030.967017,1040.114155,1049.353258,1058.684279,1068.107937,1077.623890,1087.231778,1096.932361,1106.725116,1116.610114,1126.587604,1136.657574,1146.819811,1157.074771,1167.422292,1177.862164,1188.394561,1199.019550,1209.737045,1220.547022,1231.449544,1242.444679,1253.532276,1264.713120,1275.985947,1287.351511,1298.809641,1310.360555,1322.003897
4339.868334,4323.871621,4307.886742,4291.913365,4275.952329,4260.003416,4244.066712,4228.141322,4212.229381,4196.330076,4180.443395,4164.568976,4148.707742,4132.859850,4117.025096,4101.203382,4085.394720,4069.600081,4053.819010,4038.051696,4022.297974,4006.557754,3990.831814,3975.119801,3959.422692,3943.740007,3928.072101,3912.418610,3896.779696,3881.154872,3865.546424,3849.953028,3834.374995,3818.812034,3803.264713,3787.733392,3772.217827,3756.718179,3741.234665,3725.766980,3710.316023,3694.881124,3679.463203,3664.061776,3648.677000,3633.309687,3617.959413,3602.625822,3587.309562,3572.011414,3556.730920,3541.468225,3526.223451,3510.996399,3495.787881,3480.597492,3465.425655,3450.272508,3435.138162,3420.022601,3404.925590,3389.848259,3374.790279,3359.751389,3344.732109,3329.732979,3314.753510,3299.794078,3284.854869,3269.935507,3255.037354,3240.159501,3225.302727,3210.466134,3195.651396,3180.857544,3166.085164,3151.334118,3136.604840,3121.897610,3107.212383,3092.549024,3077.908307,3063.290043,3048.694240,3034.121194,3019.571121,3005.044560,2990.540985,2976.060058,2961.603413,2947.170518,2932.761177,2918.375879,2904.015113,2889.678223,2875.365894,2861.078465,2846.816013,2832.578731,2818.366629,2804.179896,2790.018382,2775.882588,2761.772614,2747.688693,2733.631279,2719.600047,2705.595327,2691.617128,2677.666060,2663.742004,2649.844830,2635.975358,2622.133596,2608.319327,2594.533036,2580.775195,2567.045698,2553.344641,2539.672256,2526.027900,2512.413352,2498.827489,2485.271359,2471.744389,2458.247484,2444.780543,2431.343706,2417.937081,2404.560549,2391.215133,2377.899803,2364.616169,2351.363845,2338.142894,2324.953232,2311.795694,2298.669689,2285.576240,2272.515142,2259.486358,2246.490554,2233.527565,2220.597482,2207.700918,2194.837801,2182.008626,2169.213325,2156.452213,2143.725525,2131.033107,2118.375195,2105.752472,2093.164181,2080.611651,2068.094666,2055.613474,2043.167002,2030.757953,2018.385009,2006.048764,1993.749274,1981.486033,1969.260052,1957.071720,1944.920839,1932.807737,1920.732593,1908.695620,1896.697010,1884.737143,1872.815785,1860.933324,1849.090066,1837.286309,1825.522406,1813.797956,1802.113667,1790.469541,1778.865757,1767.303125,1755.781205,1744.300351,1732.860430,1721.462747,1710.106660,1698.792564,1687.520397,1676.291052,1665.104417,1653.960333,1642.859748,1631.802266,1620.788261,1609.817961,1598.891671,1588.009712,1577.172133,1566.378963,1555.630369,1544.927230,1534.269456,1523.656293,1513.089849,1502.569328,1492.094683,1481.666473,1471.284980,1460.949877,1450.662098,1440.421078,1430.228275,1420.083565,1409.986841,1399.938040,1389.937719,1379.986113,1370.083687,1360.229847,1350.425736,1340.671089,1330.965795,1321.311236,1311.706819,1302.153468,1292.650519,1283.198573,1273.797912,1264.448801,1255.151001,1245.905350,1236.711640,1227.570428,1218.482116,1209.445892,1200.462881,1191.532930,1182.657418,1173.833879,1165.064803,1156.350869,1147.691946,1139.088021,1130.539019,1122.045058,1113.606625,1105.223486,1096.896645,1088.626304,1080.411675,1072.253744,1064.131682,1056.107546,1048.121225,1040.190802,1032.319003,1024.505122,1016.748494,1009.048699,1001.411487,993.832979,986.314738,978.855047,971.455197,964.113699,956.833377,949.611060,942.452131,935.356054,928.321401,921.345334,914.431549,907.583088,900.796766,894.065816,887.397645,880.793049,874.250522,867.772392,861.357118,855.004974,848.715976,842.490823,836.331001,830.235963,824.204305,818.238143,812.337094,806.501378,800.731890,795.027935,789.390647,783.820148,778.315247,772.877032,767.505958,762.202171,756.966466,751.797676,746.696703,741.664137,736.700206,731.804357,726.977174,722.219334,717.530524,712.910841,708.360875,703.880938,699.470899,695.131549,690.862408,686.664292,682.537436,678.481196,674.496436,670.583502,666.742204,662.973322,659.276304,655.651184,652.099305,648.620284,645.214531,641.881658,638.622433,635.437311,632.325453,629.287763,626.324662,623.436016,620.621907,617.882640,615.218481,612.629875,610.116843,607.679127,605.317554,603.031894,600.822651,598.689774,596.633849,594.654839,592.752850,590.928130,589.180843,587.511313,585.919545,584.405534,582.969706,581.612071,580.333265,579.132997,578.011685,576.969566,576.006629,575.123136,574.319373,573.595214,572.950956,572.387450,571.903857,571.500912,571.178688,570.937077,570.776769,570.697348,570.699433,570.782924,570.948033,571.194932,571.523907,571.934952,572.428508,573.004310,573.662881,574.404369,575.228604,576.135922,577.126432,578.200486,579.357985,580.599331,581.924316,583.333321,584.826438,586.403736,588.065631,589.811954,591.643117,593.559007,595.559937,597.645965,599.817033,602.073565,604.415549,606.843245,609.356840,611.956359,614.641713,617.413236,620.271027,623.215076,626.245807,629.363145,632.567167,635.858145,639.235992,642.700956,646.253334,649.892938,653.620039,657.434786,661.337173,665.327312,669.405399,673.571606,677.825802,682.168037,686.598699,691.117681,695.725079,700.421401,705.206364,710.079768,715.042414,720.093761,725.234222,730.463732,735.782460,741.190483,746.688181,752.275374,757.952088,763.718299,769.574441,775.520130,781.555720,787.681332,793.896943,800.202872,806.598853,813.085042,819.661835,826.328903,833.086442,839.934375,846.872979,853.902454,861.022602,868.233351,875.534954,882.927529,890.411141,897.985488,905.651129,913.407974,921.256127,929.195445,937.225856,945.347500,953.560924,961.865383,970.261508,978.749339,987.328553,995.999267,1004.761468,1013.615422,1022.560977,1031.598346,1040.727963,1049.949155,1059.262140,1068.666849,1078.163733,1087.752170,1097.432923,1107.205469,1117.070019,1127.026415,1137.075056,1147.215594,1157.448488,1167.773578,1178.190655,1188.699896,1199.301369,1209.994991,1220.780739,1231.658679,1242.628882,1253.691196,1264.846410,1276.093262,1287.432508,1298.863977,1310.387892,1322.003897
4288.585513,4272.805567,4257.037098,4241.280128,4225.535224,4209.801794,4194.080798,4178.371945,4162.674760,4146.989998,4131.318129,4115.658513,4100.011851,4084.377745,4068.756516,4053.148407,4037.553391,4021.971826,4006.403090,3990.848359,3975.307155,3959.779556,3944.265143,3928.765515,3913.278894,3897.807094,3882.349994,3866.907049,3851.478376,3836.064390,3820.664930,3805.280957,3789.912231,3774.558230,3759.219946,3743.896602,3728.589063,3713.297183,3698.021356,3682.761329,3667.516982,3652.289048,3637.077260,3621.882212,3606.703501,3591.541545,3576.396307,3561.267991,3546.156701,3531.062499,3515.986125,3500.927235,3485.885943,3470.862137,3455.856451,3440.868852,3425.899215,3410.947909,3396.015217,3381.100998,3366.205228,3351.328548,3336.470855,3321.632228,3306.812527,3292.012817,3277.232647,3262.472147,3247.731149,3233.010196,3218.309450,3203.629031,3188.969201,3174.329806,3159.711089,3145.113584,3130.537093,3115.981053,3101.446888,3086.934196,3072.443442,3057.974295,3043.527093,3029.101865,3014.699106,3000.318637,2985.960928,2971.625533,2957.313416,2943.023930,2928.758035,2914.515366,2900.296253,2886.100643,2871.928858,2857.780969,2843.657036,2829.557833,2815.482741,2801.432767,2787.407597,2773.407393,2759.432223,2745.482173,2731.557656,2717.658666,2703.785285,2689.938394,2676.117641,2662.322826,2648.554660,2634.813101,2621.098216,2607.410720,2593.749786,2580.116240,2566.510390,2552.932584,2539.382704,2525.860860,2512.367205,2498.901857,2485.464507,2472.056405,2458.677198,2445.326852,2432.006012,2418.714746,2405.453245,2392.221638,2379.019459,2365.847803,2352.706271,2339.595434,2326.515713,2313.467059,2300.448947,2287.462645,2274.507691,2261.584318,2248.693045,2235.833849,2223.006686,2210.212340,2197.450572,2184.721070,2172.025368,2159.362518,2146.733161,2134.137686,2121.576031,2109.048263,2096.554603,2084.095478,2071.670591,2059.280529,2046.925753,2034.605895,2022.321470,2010.072557,1997.859845,1985.683250,1973.542705,1961.438467,1949.370649,1937.340164,1925.346379,1913.389889,1901.470824,1889.589452,1877.745956,1865.940654,1854.173301,1842.444318,1830.754199,1819.102943,1807.491032,1795.918007,1784.384582,1772.890870,1761.437250,1750.023410,1738.650556,1727.317472,1716.025469,1704.774665,1693.565313,1682.397244,1671.270775,1660.186378,1649.144024,1638.143727,1627.186430,1616.271855,1605.399801,1594.571143,1583.785916,1573.044407,1562.346758,1551.692914,1541.083019,1530.518169,1519.998035,1509.522328,1499.091987,1488.707344,1478.368080,1468.074623,1457.827491,1447.625825,1437.471068,1427.362488,1417.301631,1407.288185,1397.321942,1387.403637,1377.532613,1367.710087,1357.935695,1348.209710,1338.532603,1328.904320,1319.325117,1309.795747,1300.316211,1290.886970,1281.507519,1272.178311,1262.900116,1253.672859,1244.496047,1235.370553,1226.297117,1217.275036,1208.305076,1199.387170,1190.521523,1181.708444,1172.948792,1164.240929,1155.586240,1146.987482,1138.442306,1129.951430,1121.514872,1113.132784,1104.805539,1096.532929,1088.316086,1080.154932,1072.049084,1063.998931,1056.004806,1048.067276,1040.186987,1032.362555,1024.595349,1016.885977,1009.232131,1001.635490,994.101418,986.624935,979.207199,971.847735,964.548786,957.305973,950.123703,942.997406,935.938237,928.938167,921.997655,915.119161,908.300122,901.545206,894.851688,888.213881,881.637882,875.124546,868.673009,862.284656,855.959271,849.695564,843.495009,837.357394,831.284652,825.275843,819.329362,813.448618,807.631942,801.879820,796.193507,790.571912,785.016460,779.527002,774.102498,768.744109,763.452162,758.227062,753.068977,747.977560,742.952924,737.996340,733.107778,728.286548,723.533331,718.848804,714.232511,709.684858,705.206460,700.797230,696.457280,692.187205,687.987087,683.857342,679.797919,675.808395,671.889906,668.042347,664.266265,660.561640,656.928131,653.366177,649.876664,646.459462,643.114786,639.842257,636.643138,633.517053,630.463779,627.484016,624.578243,621.746051,618.988156,616.304276,613.694951,611.160486,608.700779,606.316047,604.006545,601.772648,599.614352,597.531942,595.525767,593.595883,591.742403,589.965511,588.265720,586.642805,585.096931,583.628343,582.237320,580.923929,579.688641,578.531337,577.452422,576.452004,575.530095,574.687245,573.923341,573.238546,572.633102,572.107650,571.661572,571.295556,571.009657,570.803855,570.678602,570.633725,570.669792,570.786660,570.984334,571.263594,571.624160,572.066319,572.590217,573.195920,573.883676,574.653929,575.506271,576.441083,577.458626,578.559087,579.742429,581.009039,582.358738,583.791829,585.308488,586.908879,588.593232,590.361455,592.213963,594.150643,596.171812,598.277528,600.467736,602.742861,605.102909,607.548067,610.078655,612.694599,615.395841,618.182715,621.055326,624.013662,627.058149,630.188716,633.405440,636.708603,640.098100,643.574199,647.137195,650.786931,654.523587,658.347408,662.258358,666.256553,670.342188,674.515590,678.776161,683.124582,687.560658,692.084686,696.696635,701.397125,706.185538,711.062149,716.027269,721.080729,726.222813,731.453455,736.772864,742.181282,747.678585,753.264933,758.940423,764.704941,770.559003,776.502069,782.534523,788.656566,794.868176,801.169647,807.560626,814.041534,820.612529,827.273339,834.024175,840.864962,847.795979,854.817429,861.929115,869.130967,876.423240,883.806055,891.279479,898.843211,906.497814,914.243197,922.079665,930.006489,938.024185,946.132700,954.332584,962.623244,971.004975,979.477929,988.041976,996.697122,1005.443356,1014.280945,1023.209742,1032.230265,1041.342050,1050.545291,1059.839957,1069.225961,1078.703758,1088.272727,1097.933633,1107.685955,1117.529908,1127.465263,1137.492632,1147.611460,1157.822277,1168.124925,1178.519199,1189.005275,1199.583225,1210.252967,1221.014481,1231.867834,1242.813099,1253.850127,1264.979708,1276.200582,1287.513507,1298.918315,1310.415229,1322.003897
4238.017195,4222.450517,4206.895171,4191.351305,4175.818954,4160.298162,4144.789062,4129.291911,4113.806444,4098.333479,4082.872889,4067.424191,4051.988074,4036.564737,4021.154145,4005.756331,3990.371203,3974.999009,3959.640072,3944.293986,3928.961657,3913.642684,3898.336822,3883.045358,3867.766856,3852.503141,3837.253205,3822.017279,3806.795857,3791.588676,3776.395221,3761.217622,3746.054772,3730.906157,3715.773245,3700.655328,3685.552541,3670.465073,3655.393365,3640.337406,3625.297034,3610.272610,3595.263766,3580.271638,3565.295786,3550.336264,3535.393133,3520.466481,3505.556470,3490.663833,3475.788013,3460.929710,3446.088773,3431.265277,3416.459123,3401.670944,3386.900604,3372.148246,3357.413886,3342.697770,3327.999922,3313.320999,3298.660618,3284.018887,3269.396052,3254.792438,3240.208365,3225.643610,3211.098272,3196.572303,3182.066401,3167.580045,3153.114487,3138.668854,3124.243386,3109.839043,3095.455398,3081.092006,3066.749796,3052.428811,3038.129456,3023.851329,3009.595012,2995.360015,2981.147100,2966.956487,2952.787815,2938.641771,2924.518067,2910.416336,2896.338313,2882.283397,2868.251530,2854.242741,2840.257471,2826.295547,2812.357474,2798.443255,2784.553402,2770.687793,2756.846596,2743.030173,2729.238412,2715.471377,2701.729690,2688.012987,2674.321494,2660.655759,2647.016069,2633.402116,2619.814206,2606.252537,2592.717126,2579.208493,2565.726837,2552.271159,2538.843267,2525.442554,2512.069695,2498.724460,2485.407027,2472.117423,2458.855849,2445.622228,2432.417813,2419.241662,2406.094152,2392.976012,2379.887373,2366.828176,2353.798148,2340.797597,2327.827356,2314.887158,2301.977511,2289.098552,2276.249756,2263.432389,2250.645536,2237.890388,2225.166544,2212.474334,2199.814052,2187.185525,2174.589451,2162.025607,2149.494029,2136.995484,2124.529885,2112.097728,2099.698969,2087.333571,2075.001716,2062.704215,2050.440139,2038.210853,2026.015867,2013.855271,2001.730160,1989.639672,1977.585006,1965.565837,1953.582126,1941.634425,1929.723005,1917.847975,1906.009315,1894.207453,1882.442405,1870.714453,1859.023998,1847.371123,1835.755913,1824.178501,1812.639475,1801.138663,1789.676404,1778.252987,1766.868641,1755.523303,1744.217486,1732.951132,1721.724771,1710.538328,1699.391857,1688.286167,1677.221456,1666.197576,1655.214875,1644.273503,1633.373680,1622.515654,1611.699439,1600.925847,1590.194255,1579.505432,1568.859415,1558.256501,1547.696996,1537.180932,1526.707993,1516.279471,1505.895197,1495.555144,1485.259379,1475.008990,1464.803390,1454.643002,1444.528402,1434.458670,1424.435309,1414.457528,1404.526832,1394.643150,1384.806055,1375.016202,1365.272945,1355.577781,1345.930260,1336.330308,1326.778963,1317.275719,1307.820819,1298.415273,1289.058797,1279.752354,1270.494857,1261.287207,1252.129801,1243.022617,1233.965565,1224.959196,1216.004353,1207.100034,1198.247252,1189.445834,1180.696339,1171.998872,1163.353737,1154.759466,1146.219654,1137.733689,1129.300945,1120.921847,1112.596442,1104.324918,1096.107636,1087.944326,1079.836179,1071.782947,1063.784786,1055.841409,1047.953566,1040.121594,1032.345432,1024.626799,1016.963103,1009.356433,1001.804855,994.311581,986.877928,979.501740,972.183953,964.924711,957.723083,950.578947,943.493833,936.464945,929.502286,922.599197,915.752553,908.966147,902.241979,895.579784,888.979079,882.432238,875.947914,869.525163,863.162911,856.864159,850.627225,844.451526,838.338098,832.287154,826.300340,820.377075,814.515493,808.718565,802.985520,797.316332,791.712062,786.172159,780.697690,775.288467,769.943555,764.664262,759.450492,754.303211,749.222203,744.207139,739.258399,734.377106,729.562921,724.815246,720.135567,715.523603,710.979269,706.502983,702.095282,697.755872,693.485598,689.284267,685.152223,681.090040,677.097193,673.174132,669.321399,665.538741,661.826967,658.186009,654.615396,651.115965,647.688309,644.332281,641.048267,637.835425,634.695670,631.628220,628.632774,625.710563,622.861393,620.085488,617.383077,614.754096,612.199027,609.718211,607.311497,604.979132,602.721422,600.538649,598.430869,596.398400,594.441540,592.560373,590.754879,589.025584,587.372491,585.795798,584.295504,582.871916,581.525273,580.255714,579.063620,577.948870,576.911907,575.952787,575.071725,574.269051,573.544610,572.898864,572.331789,571.844108,571.435208,571.105777,570.855805,570.685472,570.595032,570.584418,570.654101,570.804012,571.034204,571.345307,571.737057,572.210025,572.764088,573.399420,574.116129,574.914849,575.795050,576.757173,577.801418,578.928031,580.136964,581.428614,582.802765,584.259813,585.799766,587.423043,589.129536,590.919472,592.793102,594.750337,596.791550,598.916741,601.125889,603.419412,605.797316,608.259765,610.807302,613.439328,616.156302,618.958354,621.845549,624.818035,627.876149,631.019784,634.249053,637.564240,640.965242,644.452328,648.025772,651.685493,655.431708,659.264356,663.183737,667.189974,671.282854,675.463293,679.730227,684.084570,688.526072,693.055032,697.671421,702.375863,707.167737,712.047325,717.014937,722.070429,727.214021,732.445716,737.765701,743.174163,748.671155,754.256800,759.930847,765.693592,771.545417,777.485785,783.515084,789.633508,795.841046,802.138064,808.523995,814.999478,821.564600,828.219092,834.963165,841.796726,848.720166,855.733495,862.836666,870.029587,877.312445,884.685582,892.148663,899.701915,907.345257,915.079336,922.903686,930.818173,938.823117,946.918468,955.104778,963.381455,971.748796,980.206959,988.755878,997.395360,1006.125600,1014.946799,1023.858811,1032.862159,1041.956379,1051.141674,1060.417992,1069.785394,1079.243965,1088.793449,1098.434492,1108.166576,1117.989916,1127.904287,1137.910302,1148.007509,1158.196138,1168.476335,1178.847828,1189.310699,1199.865118,1210.510974,1221.248247,1232.077008,1242.997331,1254.009068,1265.113013,1276.307907,1287.594509,1298.972654,1310.442567,1322.003897
4188.151066,4172.793164,4157.447178,4142.112713,4126.789619,4111.477988,4096.177927,4080.889542,4065.612679,4050.346776,4035.094081,4019.853492,4004.624914,3989.408437,3974.204557,3959.013509,3943.835124,3928.669308,3913.516702,3898.376976,3883.250088,3868.136071,3853.035173,3837.948458,3822.874653,3807.815241,3792.769737,3777.737885,3762.720084,3747.716119,3732.725700,3717.751011,3702.790869,3687.845217,3672.913986,3657.998002,3643.096828,3628.211057,3613.340051,3598.484751,3583.645055,3568.820969,3554.012371,3539.219674,3524.443199,3509.682962,3494.939052,3480.211242,3465.499197,3450.804579,3436.126932,3421.466191,3406.822025,3392.195480,3377.586056,3362.994267,3348.420047,3333.863466,3319.324742,3304.803842,3290.300651,3275.816297,3261.350343,3246.902678,3232.473591,3218.063316,3203.672070,3189.300054,3174.947076,3160.613538,3146.299427,3132.004670,3117.729847,3103.475020,3089.240242,3075.026079,3060.832286,3046.658394,3032.505483,3018.373502,3004.262452,2990.172550,2976.103990,2962.056822,2948.031052,2934.027086,2920.044930,2906.084756,2892.147013,2878.230773,2864.337608,2850.467299,2836.619800,2822.795117,2808.993680,2795.215094,2781.459847,2767.728404,2754.020550,2740.336923,2726.677158,2713.041824,2699.430595,2685.843902,2672.282189,2658.745340,2645.233030,2631.745798,2618.284602,2604.848699,2591.438666,2578.054060,2564.695665,2551.363584,2538.057834,2524.778198,2511.525355,2498.299775,2485.101025,2471.929871,2458.785994,2445.669809,2432.581166,2419.520307,2406.487687,2393.483159,2380.507140,2367.559345,2354.641042,2341.751604,2328.891222,2316.060189,2303.258278,2290.486656,2277.744470,2265.032541,2252.350974,2239.699707,2227.079195,2214.489563,2201.930914,2189.403498,2176.907416,2164.442836,2152.009988,2139.609336,2127.240248,2114.903582,2102.599650,2090.328261,2078.090044,2065.884612,2053.712767,2041.573818,2029.469136,2017.398134,2005.361004,1993.357714,1981.389553,1969.455591,1957.556751,1945.692789,1933.864099,1922.070859,1910.313477,1898.591639,1886.906196,1875.256863,1863.643857,1852.067429,1840.528016,1829.025384,1817.560178,1806.132461,1794.742443,1783.390273,1772.075752,1760.799989,1749.562508,1738.363926,1727.203847,1716.082903,1705.001412,1693.959413,1682.956851,1671.994574,1661.072515,1650.191147,1639.349962,1628.549934,1617.790892,1607.072968,1596.396447,1585.761943,1575.169053,1564.618116,1554.109644,1543.643697,1533.220576,1522.840392,1512.502963,1502.209061,1491.958947,1481.752663,1471.589915,1461.472171,1451.398454,1441.369631,1431.385845,1421.446491,1411.552697,1401.704336,1391.902228,1382.146716,1372.436921,1362.774023,1353.157315,1343.587998,1334.065701,1324.590584,1315.162994,1305.783354,1296.451599,1287.168089,1277.933562,1268.748056,1259.611214,1250.523514,1241.485660,1232.497277,1223.558365,1214.669771,1205.832105,1197.044188,1188.307179,1179.620990,1170.986350,1162.402861,1153.870700,1145.389308,1136.962616,1128.588355,1120.266717,1111.998120,1103.782642,1095.620167,1087.511792,1079.456584,1071.455836,1063.509399,1055.617571,1047.764960,1039.997042,1032.269637,1024.597809,1016.981659,1009.420536,1001.915338,994.464901,987.073522,979.739842,972.463085,965.243960,958.074253,950.979547,943.931973,936.943007,930.010865,923.142786,916.333233,909.580231,902.888752,896.256605,889.685996,883.176196,876.720852,870.326865,863.993415,857.720341,851.509901,845.360482,839.271423,833.244810,827.279790,821.378006,815.538554,809.761547,804.047906,798.397310,792.810053,787.287162,781.828061,776.433673,771.103955,765.837882,760.636508,755.500463,750.430358,745.425361,740.486199,735.612499,730.805605,726.065148,721.390553,716.783582,712.243383,707.770364,703.364717,699.027124,694.756862,690.555425,686.422199,682.357590,678.362182,674.435594,670.578252,666.790265,663.072105,659.424096,655.845977,652.337654,648.900378,645.533960,642.238430,639.014290,635.861012,632.779922,629.770487,626.832473,623.967075,621.174168,618.453979,615.806481,613.231959,610.730600,608.302808,605.948686,603.668239,601.461839,599.329738,597.272041,595.289105,593.380977,591.548038,589.790164,588.107876,586.501193,584.970247,583.515175,582.136190,580.833545,579.607375,578.458046,577.385491,576.390112,575.471969,574.631352,573.868431,573.183191,572.575874,572.047179,571.596734,571.224672,570.931497,570.717188,570.581932,570.525980,570.549283,570.652274,570.834914,571.097321,571.439979,571.862789,572.366295,572.950119,573.614771,574.360220,575.187095,576.094892,577.084046,578.154717,579.307276,580.541593,581.858011,583.256376,584.737088,586.300158,587.945971,589.674487,591.485942,593.380454,595.358063,597.419170,599.563461,601.791466,604.103133,606.498712,608.978342,611.542439,614.190566,616.923074,619.740131,622.641805,625.628244,628.699775,631.856264,635.097989,638.425047,641.837403,645.335363,648.919102,652.588642,656.344167,660.185617,664.113297,668.127330,672.227807,676.414679,680.687973,685.048112,689.494932,694.028710,698.649476,703.357714,708.152957,713.035487,718.005449,723.062835,728.207841,733.440494,738.760965,744.169445,749.665977,755.250699,760.923355,766.684248,772.533759,778.471352,784.497419,790.612155,796.815552,803.107977,809.488865,815.958858,822.518040,829.166158,835.903411,842.729739,849.645469,856.650809,863.745243,870.929178,878.202701,885.565891,893.018693,900.561242,908.193451,915.915996,923.728386,931.630497,939.622652,947.704829,955.877505,964.140208,972.493087,980.936426,989.470120,998.093979,1006.808198,1015.612982,1024.508186,1033.494335,1042.570967,1051.738288,1060.996246,1070.344906,1079.784364,1089.314336,1098.935501,1108.647331,1118.450044,1128.343418,1138.328066,1148.403540,1158.570071,1168.827807,1179.176478,1189.616167,1200.147049,1210.769011,1221.482038,1232.286201,1243.181577,1254.168020,1265.246325,1276.415236,1287.675513,1299.026994,1310.469905,1322.003897
4138.971527,4123.820060,4108.680322,4093.551785,4078.434525,4063.328419,4048.233787,4033.150554,4018.078841,4003.018394,3987.970207,3972.933480,3957.908977,3942.896508,3927.895967,3912.908407,3897.933285,3882.970512,3868.020600,3853.083460,3838.159209,3823.247949,3808.349754,3793.463354,3778.591664,3763.732748,3748.888140,3734.057170,3719.239811,3704.435945,3689.646214,3674.870587,3660.109904,3645.363390,3630.631329,3615.914059,3601.211442,3586.523899,3571.851054,3557.193334,3542.550797,3527.923920,3513.312208,3498.716500,3484.136491,3469.572065,3455.023947,3440.491942,3425.975531,3411.475650,3396.992594,3382.526344,3368.076853,3353.643710,3339.227852,3324.829433,3310.448292,3296.084636,3281.738370,3267.409880,3253.098515,3238.805677,3224.531052,3210.274422,3196.036287,3181.816302,3167.615286,3153.433167,3139.269517,3125.125192,3111.000177,3096.893986,3082.807856,3068.740435,3054.693249,3040.666391,3026.659610,3012.672591,2998.706135,2984.759968,2970.834849,2956.930289,2943.046676,2929.184196,2915.343061,2901.523154,2887.724698,2873.947938,2860.192997,2846.459571,2832.748814,2819.060514,2805.394363,2791.750964,2778.130572,2764.532375,2750.957827,2737.406216,2723.878082,2710.373383,2696.892685,2683.435539,2670.002587,2656.593436,2643.209078,2629.849215,2616.513799,2603.203258,2589.917136,2576.656719,2563.421631,2550.211971,2537.027953,2523.869938,2510.737770,2497.631193,2484.551617,2471.498076,2458.471479,2445.471638,2432.498972,2419.553599,2406.635398,2393.744792,2380.881700,2368.046409,2355.239260,2342.459517,2329.709178,2316.987086,2304.294075,2291.629571,2278.994385,2266.388404,2253.811808,2241.264529,2228.747785,2216.260696,2203.804057,2191.377639,2178.981806,2166.616860,2154.282909,2141.979961,2129.708280,2117.468071,2105.259472,2093.082628,2080.937735,2068.825306,2056.745348,2044.698030,2032.683786,2020.701921,2008.753533,1996.838927,1984.957422,1973.109808,1961.296066,1949.516576,1937.771511,1926.060499,1914.384559,1902.744065,1891.138620,1879.568134,1868.033675,1856.535036,1845.071895,1833.645059,1822.254545,1810.900636,1799.583335,1788.303311,1777.060295,1765.854383,1754.686303,1743.555984,1732.463678,1721.409567,1710.393705,1699.416174,1688.477657,1677.577911,1666.717997,1655.896816,1645.115897,1634.375012,1623.673774,1613.013415,1602.393212,1591.813579,1581.274888,1570.777785,1560.321730,1549.907092,1539.534388,1529.203778,1518.915257,1508.669240,1498.465570,1488.304748,1478.187042,1468.112717,1458.081527,1448.094708,1438.151361,1428.252417,1418.397888,1408.587650,1398.821655,1389.100944,1379.425918,1369.796909,1360.213001,1350.675709,1341.183936,1331.738654,1322.340329,1312.988120,1303.683239,1294.425570,1285.215386,1276.052634,1266.938520,1257.872405,1248.854964,1239.885924,1230.965897,1222.095132,1213.273341,1204.500790,1195.778504,1187.106202,1178.483574,1169.911378,1161.390233,1152.919499,1144.498662,1136.129922,1127.814109,1119.550250,1111.338422,1103.179139,1095.072383,1087.017846,1079.016936,1071.068591,1063.174080,1055.333376,1047.546412,1039.813309,1032.134424,1024.510409,1016.940815,1009.426419,1001.966704,994.562107,987.211387,979.920934,972.686419,965.508368,958.387228,951.323755,944.316201,937.364383,930.471322,923.634185,916.859606,910.144392,903.482963,896.884523,890.343044,883.864370,877.444240,871.079296,864.774138,858.529214,852.344577,846.221115,840.158545,834.155641,828.214366,822.334371,816.516863,810.760720,805.067153,799.435763,793.866958,788.360948,782.918468,777.539349,772.224129,766.973154,761.785063,756.661175,751.601922,746.607848,741.678451,736.814285,732.014837,727.281688,722.614270,718.012080,713.476805,709.007749,704.605486,700.269697,696.001424,691.799848,687.666286,683.600497,679.602839,675.673620,671.812525,668.020152,664.296498,660.642185,657.057230,653.541637,650.095196,646.719172,643.413366,640.177791,637.012949,633.918630,630.895738,627.943654,625.062686,622.253763,619.516562,616.851289,614.258212,611.737379,609.289419,606.914317,604.612247,602.383222,600.227694,598.145739,596.137548,594.203697,592.344038,590.558893,588.848060,587.212445,585.651698,584.166130,582.755839,581.420945,580.161927,578.978791,577.871727,576.841116,575.886920,575.009323,574.208793,573.485253,572.838897,572.269794,571.778819,571.365359,571.030009,570.772740,570.593663,570.493316,570.471344,570.528385,570.664302,570.879390,571.173727,571.547630,572.001171,572.534845,573.148360,573.841948,574.616122,575.470617,576.405761,577.421715,578.518760,579.696802,580.956213,582.297164,583.719520,585.223667,586.809626,588.477822,590.228093,592.060692,593.976012,595.973853,598.054513,600.217965,602.464438,604.794115,607.207170,609.703893,612.284318,614.948270,617.696135,620.528128,623.443973,626.444235,629.529058,632.698272,635.952230,639.291002,642.714567,646.223222,649.817143,653.496364,657.261060,661.111180,665.047026,669.068726,673.176372,677.369942,681.649389,686.015214,690.467228,695.005713,699.630786,704.342672,709.141114,714.026467,718.998721,724.057921,729.204267,734.437785,739.758718,745.167107,750.663045,756.246760,761.917966,767.676904,773.523993,779.458766,785.481528,791.592504,797.791690,804.079454,810.455234,816.919696,823.472857,830.114535,836.844909,843.663920,850.571897,857.569075,864.654867,871.829754,879.093801,886.447090,893.889577,901.421369,909.042411,916.753372,924.553762,932.443577,940.422789,948.491897,956.650785,964.899419,973.237846,981.666331,990.184772,998.792979,1007.491152,1016.279495,1025.157866,1034.126897,1043.185815,1052.335140,1061.574719,1070.904567,1080.324935,1089.835388,1099.436658,1109.128219,1118.910291,1128.782655,1138.745924,1148.799653,1158.944076,1169.179341,1179.505181,1189.921780,1200.429016,1211.027079,1221.715853,1232.495413,1243.365837,1254.326982,1265.379644,1276.522569,1287.756520,1299.081335,1310.497243,1322.003897
4090.465871,4075.518408,4060.581154,4045.655525,4030.740774,4015.837021,4000.944559,3986.063362,3971.193105,3956.334215,3941.487376,3926.652326,3911.828637,3897.016809,3882.217237,3867.429501,3852.653950,3837.891020,3823.140736,3808.402984,3793.677911,3778.965519,3764.266034,3749.578932,3734.905118,3720.244036,3705.597168,3690.963969,3676.343887,3661.737794,3647.144900,3632.565489,3618.000981,3603.450782,3588.914629,3574.392923,3559.885938,3545.393314,3530.915473,3516.452613,3502.004756,3487.571681,3473.153921,3458.751531,3444.364947,3429.993925,3415.638351,3401.298944,3386.975242,3372.667522,3358.376224,3344.100998,3329.842761,3315.601209,3301.375698,3287.167592,3272.976525,3258.802669,3244.646040,3230.506879,3216.384752,3202.280767,3188.194247,3174.125771,3160.075514,3146.043242,3132.029447,3118.034201,3104.057419,3090.099287,3076.160415,3062.240256,3048.339271,3034.457597,3020.594743,3006.752455,2992.929906,2979.126749,2965.343871,2951.581256,2937.839020,2924.117327,2910.415843,2896.735459,2883.075705,2869.437322,2855.819961,2842.224119,2828.649525,2815.095764,2801.564761,2788.055641,2774.568723,2761.103803,2747.661583,2734.241585,2720.844431,2707.470252,2694.119111,2680.791026,2667.486530,2654.205500,2640.947903,2627.714003,2614.504447,2601.318841,2588.157504,2575.020833,2561.908466,2548.820466,2535.757916,2522.720761,2509.708387,2496.721853,2483.760550,2470.825091,2457.915873,2445.032623,2432.175319,2419.344732,2406.540732,2393.763602,2381.013350,2368.290459,2355.594560,2342.926296,2330.285439,2317.672464,2305.086991,2292.530026,2280.001713,2267.501706,2255.030788,2242.588430,2230.175078,2217.790344,2205.435798,2193.110736,2180.815479,2168.550132,2156.315068,2144.110134,2131.936046,2119.792527,2107.679924,2095.598126,2083.547611,2071.528303,2059.540594,2047.585040,2035.661163,2023.769701,2011.910863,2000.083988,1988.290175,1976.529584,1964.801479,1953.107310,1941.446541,1929.819122,1918.225592,1906.665983,1895.140953,1883.650662,1872.195168,1860.774456,1849.388642,1838.038436,1826.723470,1815.444094,1804.200588,1792.993143,1781.822187,1770.687807,1759.590013,1748.528696,1737.504815,1726.518081,1715.569061,1704.657575,1693.784141,1682.947868,1672.150795,1661.392072,1650.671980,1639.990608,1629.349047,1618.746769,1608.183722,1597.660913,1587.178108,1576.735076,1566.332538,1555.970924,1545.650079,1535.370109,1525.131372,1514.934348,1504.778866,1494.665326,1484.593631,1474.564255,1464.577386,1454.633525,1444.732502,1434.874688,1425.060248,1415.289387,1405.562594,1395.879551,1386.240498,1376.645384,1367.096312,1357.591980,1348.132570,1338.719167,1329.350908,1320.028283,1310.751851,1301.521524,1292.337910,1283.200703,1274.110461,1265.067382,1256.072136,1247.124196,1238.224523,1229.372890,1220.569454,1211.814673,1203.108603,1194.451074,1185.842958,1177.284163,1168.774726,1160.315463,1151.906333,1143.546516,1135.236882,1126.978893,1118.772762,1110.618203,1102.514964,1094.463686,1086.464349,1078.516779,1070.622040,1062.779323,1054.989833,1047.253480,1039.570383,1031.940736,1024.364583,1016.842694,1009.374394,1001.961176,994.602222,987.296662,980.045763,972.853928,965.705932,958.635929,951.611962,944.644453,937.732211,930.875571,924.076842,917.333694,910.652627,904.029407,897.460025,890.952629,884.501589,878.113171,871.782598,865.506583,859.289442,853.132101,847.034688,840.997474,835.020742,829.102939,823.246400,817.450562,811.716401,806.042935,800.431347,794.881509,789.393812,783.968217,778.605456,773.305301,768.068699,762.895509,757.784697,752.737492,747.754284,742.835663,737.980998,733.190961,728.465036,723.804866,719.209766,714.679328,710.215054,705.816477,701.483906,697.217610,693.017794,688.884365,684.818178,680.819196,676.887718,673.024106,669.227940,665.499847,661.839946,658.248766,654.726359,651.272581,647.887438,644.572073,641.326267,638.150177,635.044163,632.008060,629.042822,626.147554,623.323116,620.569758,617.887954,615.277250,612.737991,610.270661,607.875476,605.552443,603.301818,601.123899,599.018667,596.986476,595.027447,593.142137,591.330451,589.592571,587.928663,586.339099,584.823965,583.383295,582.017350,580.726336,579.510278,578.369849,577.304793,576.315596,575.402227,574.564860,573.803994,573.119525,572.511629,571.980456,571.526917,571.150089,570.850899,570.629222,570.485181,570.419243,570.431132,570.521462,570.690098,570.937330,571.263245,571.668158,572.152279,572.715697,573.358449,574.080848,574.883236,575.765364,576.727528,577.770017,578.893064,580.096515,581.380903,582.746053,584.192117,585.719512,587.328134,589.018450,590.790296,592.644095,594.579743,596.597501,598.697626,600.879880,603.144759,605.492288,607.922591,610.436136,613.032756,615.712415,618.475463,621.321993,624.252107,627.266047,630.363920,633.545683,636.811760,640.161973,643.596607,647.115934,650.719886,654.408644,658.182376,662.041071,665.984976,670.014151,674.128840,678.328960,682.614465,686.986000,691.443012,695.986032,700.615271,705.330745,710.132301,715.020443,719.994785,725.055702,730.203291,735.437582,740.758819,746.167074,751.662354,757.244978,762.914632,768.671739,774.516077,780.447789,786.467406,792.574520,798.769456,805.052455,811.423166,817.882157,824.429044,831.064222,837.787658,844.599295,851.499464,858.488403,865.565524,872.731288,879.985837,887.329177,894.761230,902.282270,909.892128,917.591464,925.379815,933.257113,941.223528,949.279365,957.424576,965.659159,973.983282,982.396674,990.899832,999.492360,1008.174459,1016.946336,1025.807850,1034.759762,1043.800923,1052.932231,1062.153411,1071.464479,1080.865687,1090.356818,1099.937964,1109.609241,1119.370659,1129.221998,1139.163877,1149.195849,1159.318152,1169.530937,1179.833937,1190.227338,1200.711021,1211.285177,1221.949693,1232.704645,1243.550112,1254.485955,1265.512971,1276.629907,1287.837529,1299.135677,1310.524582,1322.003897
4042.621824,4027.874323,4013.136789,3998.410737,3983.695444,3968.991001,3954.297586,3939.615047,3924.943814,3910.283779,3895.634511,3880.997346,3866.371539,3851.757410,3837.155058,3822.564739,3807.986663,3793.420155,3778.865639,3764.324207,3749.795160,3735.278721,3720.774951,3706.283115,3691.804992,3677.339068,3662.886666,3648.447901,3634.022155,3619.609821,3605.211059,3590.825254,3576.454069,3562.096816,3547.753560,3533.424728,3519.110132,3504.809832,3490.523930,3476.252553,3461.995972,3447.754438,3433.527400,3419.315582,3405.119434,3390.938580,3376.773212,3362.623142,3348.488855,3334.370288,3320.268090,3306.181778,3292.111506,3278.057977,3264.020545,3250.000100,3235.996000,3222.009155,3208.039256,3194.086453,3180.150509,3166.232389,3152.331896,3138.448443,3124.583239,3110.735717,3096.906543,3083.095449,3069.302480,3055.528127,3041.772382,3028.035241,3014.317296,3000.617786,2986.937567,2973.276516,2959.635479,2946.013590,2932.411638,2918.829613,2905.267652,2891.725841,2878.204221,2864.703165,2851.222428,2837.762741,2824.323754,2810.905766,2797.509148,2784.133087,2770.778723,2757.446517,2744.135742,2730.847125,2717.580679,2704.335718,2691.113895,2677.914453,2664.737552,2651.583649,2638.452738,2625.345092,2612.260474,2599.199330,2586.162077,2573.148505,2560.158579,2547.193144,2534.251966,2521.334727,2508.441787,2495.574189,2482.731618,2469.914018,2457.121371,2444.354393,2431.612927,2418.897410,2406.207654,2393.543614,2380.905937,2368.294887,2355.710140,2343.152528,2330.621686,2318.117761,2305.641145,2293.191976,2280.770060,2268.375546,2256.009678,2243.671924,2231.362716,2219.081736,2206.829378,2194.605262,2182.410669,2170.245102,2158.109103,2146.002929,2133.926177,2121.879325,2109.862788,2097.876549,2085.920729,2073.995553,2062.100758,2050.236833,2038.404670,2026.603319,2014.833521,2003.095860,1991.389840,1979.716446,1968.075005,1956.465897,1944.889867,1933.346820,1921.836844,1910.359551,1898.915351,1887.505427,1876.129286,1864.787563,1853.479776,1842.206636,1830.967918,1819.763933,1808.595322,1797.461698,1786.363284,1775.300575,1764.273891,1753.283114,1742.328220,1731.410153,1720.528530,1709.683854,1698.875964,1688.105422,1677.372093,1666.676391,1656.018159,1645.398394,1634.816743,1624.273594,1613.769258,1603.304030,1592.877340,1582.490457,1572.142857,1561.835143,1551.566933,1541.339254,1531.151794,1521.004911,1510.898446,1500.833314,1490.809309,1480.826529,1470.885196,1460.985630,1451.128066,1441.312958,1431.540231,1421.810153,1412.122924,1402.478734,1392.878140,1383.320690,1373.806564,1364.336177,1354.911181,1345.530283,1336.194006,1326.902577,1317.656341,1308.455220,1299.299505,1290.189270,1281.125370,1272.107483,1263.135861,1254.210762,1245.333113,1236.502132,1227.718571,1218.982895,1210.294780,1201.654699,1193.062368,1184.518875,1176.023902,1167.577331,1159.180006,1150.831991,1142.533507,1134.283090,1126.083470,1117.935449,1109.837665,1101.791064,1093.795184,1085.850839,1077.957536,1070.115727,1062.325920,1054.588002,1046.902043,1039.268997,1031.688675,1024.161211,1016.686781,1009.265545,1001.896858,994.584044,987.324009,980.117375,972.964594,965.871042,958.831054,951.841045,944.918118,938.045718,931.226928,924.464305,917.758574,911.109523,904.520938,897.987593,891.513023,885.092794,878.731679,872.432076,866.190124,860.001809,853.871855,847.801217,841.790083,835.838463,829.946549,824.113349,818.340456,812.627911,806.976054,801.384296,795.854337,790.384956,784.977282,779.631346,774.347794,769.125782,763.966859,758.870640,753.836334,748.864741,743.957002,739.112854,734.332451,729.615729,724.962833,720.374920,715.850940,711.391853,706.998029,702.669142,698.405831,694.207851,690.075822,686.010194,682.010732,678.077902,674.212008,670.413219,666.681454,663.016924,659.420224,655.891553,652.431009,649.038559,645.714031,642.458828,639.272497,636.155399,633.107501,630.129201,627.220843,624.382015,621.613561,618.915319,616.288340,613.731675,611.245893,608.831476,606.488391,604.217115,602.017532,599.890112,597.834712,595.851841,593.941497,592.104259,590.340105,588.649108,587.031528,585.487839,584.017694,582.621641,581.299577,580.051980,578.878740,577.780464,576.757012,575.808817,574.935849,574.138457,573.416861,572.771105,572.201245,571.707703,571.291167,570.950796,570.687393,570.500968,570.391614,570.359794,570.405284,570.528558,570.729637,571.008691,571.365855,571.801524,572.315767,572.908800,573.580592,574.331469,575.161805,576.071287,577.060268,578.129023,579.277743,580.506405,581.815376,583.204566,584.674207,586.224508,587.855698,589.567860,591.361096,593.235684,595.191616,597.229188,599.348466,601.549405,603.832439,606.197631,608.645037,611.175128,613.787792,616.482980,619.261038,622.122079,625.066104,628.093546,631.204364,634.398588,637.676568,641.038189,644.483731,648.013499,651.627314,655.325470,659.108101,662.975242,666.927007,670.963605,675.085221,679.291736,683.583191,687.960177,692.422160,696.969657,701.602983,706.321892,711.126491,716.017199,720.993634,726.056147,731.204909,736.439880,741.761224,747.169335,752.664045,758.245350,763.913369,769.668419,775.510175,781.438886,787.455034,793.558263,799.749018,806.027051,812.392519,818.845832,825.386597,832.015215,838.731655,845.535872,852.428262,859.408850,866.477214,873.633879,880.878806,888.212151,895.633788,903.143994,910.742600,918.430271,926.206543,934.071351,942.024867,950.067518,958.198899,966.419368,974.728976,983.127454,991.615301,1000.192122,1008.858121,1017.613506,1026.458139,1035.392782,1044.416290,1053.529560,1062.732321,1072.024590,1081.406621,1090.878199,1100.439418,1110.090397,1119.831145,1129.661448,1139.581923,1149.592128,1159.692301,1169.882595,1180.162745,1190.532941,1200.993064,1211.543306,1222.183557,1232.913895,1243.734402,1254.644939,1265.646305,1276.737250,1287.918541,1299.190020,1310.551920,1322.003897
3995.427162,3980.876711,3966.336408,3951.805993,3937.286963,3922.778477,3908.280887,3893.794168,3879.318292,3864.853629,3850.399670,3835.957402,3821.526580,3807.107039,3792.699009,3778.302467,3763.917963,3749.545647,3735.185153,3720.836383,3706.500183,3692.176642,3677.865434,3663.566506,3649.279925,3635.006793,3620.745839,3606.498105,3592.263882,3578.042787,3563.834596,3549.639238,3535.458727,3521.291643,3507.138736,3492.999157,3478.874018,3464.763040,3450.666348,3436.583945,3422.515707,3408.462406,3394.423635,3380.399544,3366.390614,3352.397029,3338.418788,3324.455856,3310.508234,3296.575584,3282.659293,3268.758981,3254.874422,3241.005774,3227.153457,3213.317757,3199.498526,3185.695331,3171.909379,3158.140399,3144.388230,3130.652914,3116.935092,3103.234539,3089.551524,3075.885929,3062.238499,3048.608990,3034.997151,3021.403797,3007.828665,2994.271661,2980.733729,2967.214210,2953.713246,2940.231916,2926.769088,2913.325753,2899.902054,2886.497978,2873.113748,2859.749359,2846.404787,2833.080260,2819.776242,2806.492543,2793.229341,2779.986850,2766.765217,2753.564101,2740.384790,2727.226457,2714.089213,2700.974184,2687.880914,2674.809094,2661.759455,2648.732370,2635.727499,2622.745022,2609.785447,2596.848353,2583.934438,2571.043613,2558.176153,2545.332188,2532.511607,2519.714883,2506.941812,2494.193008,2481.467933,2468.767468,2456.091946,2443.441167,2430.814663,2418.213668,2405.637964,2393.087505,2380.562737,2368.063522,2355.589504,2343.142291,2330.721069,2318.326154,2305.957919,2293.616249,2281.301450,2269.013936,2256.753275,2244.519554,2232.313468,2220.135654,2207.985882,2195.864238,2183.770270,2171.704959,2159.667884,2147.659954,2135.681185,2123.731459,2111.811165,2099.920414,2088.059162,2076.227991,2064.426829,2052.655800,2040.915141,2029.204818,2017.525256,2005.876615,1994.258864,1982.672814,1971.118095,1959.595381,1948.104486,1936.645347,1925.218884,1913.825044,1902.463723,1891.135074,1879.838525,1868.575701,1857.346796,1846.151191,1834.989428,1823.861848,1812.768325,1801.708909,1790.684314,1779.694465,1768.739214,1757.819595,1746.935349,1736.086508,1725.272916,1714.495826,1703.754692,1693.050045,1682.381829,1671.750237,1661.155379,1650.598018,1640.077256,1629.594841,1619.149866,1608.742975,1598.374348,1588.044189,1577.752506,1567.499591,1557.285937,1547.111155,1536.975840,1526.880358,1516.824725,1506.809119,1496.833386,1486.898505,1477.004299,1467.150838,1457.338179,1447.566975,1437.837257,1428.149029,1418.502995,1408.899262,1399.337620,1389.818577,1380.342609,1370.909272,1361.518889,1352.171401,1342.868949,1333.609944,1324.395250,1315.224709,1306.099003,1297.017651,1287.981312,1278.990034,1270.044315,1261.143936,1252.289649,1243.481676,1234.719779,1226.004399,1217.335864,1208.714735,1200.140349,1191.613673,1183.134287,1174.703097,1166.319716,1157.984362,1149.697476,1141.459887,1133.270333,1125.128972,1117.038347,1108.998111,1101.007596,1093.067703,1085.177952,1077.339252,1069.550914,1061.813584,1054.127582,1046.493005,1038.909704,1031.378597,1023.900160,1016.473685,1009.099512,1001.778504,994.510136,987.294430,980.132740,973.023033,965.968881,958.971230,952.027641,945.137890,938.303671,931.525657,924.800746,918.131235,911.515873,904.960148,898.461585,892.019803,885.633390,879.304084,873.031613,866.820896,860.665300,854.564703,848.520933,842.536306,836.610529,830.743462,824.935364,819.185808,813.495770,807.865329,802.295258,796.784757,791.334953,785.945677,780.617351,775.350109,770.144584,765.000220,759.918202,754.898157,749.939331,745.043102,740.209819,735.439713,730.732579,726.088424,721.507705,716.991312,712.538214,708.149319,703.825287,699.565598,695.370466,691.240597,687.175890,683.176908,679.243545,675.376265,671.575194,667.840879,664.172718,660.571190,657.037108,653.570381,650.171081,646.839340,643.574964,640.379208,637.251808,634.193111,631.202882,628.281668,625.429925,622.646845,619.933722,617.290477,614.717347,612.214359,609.781596,607.419456,605.128179,602.908154,600.759114,598.681633,596.675633,594.741537,592.879551,591.089960,589.372867,587.728295,586.156653,584.658271,583.232957,581.880933,580.602440,579.397771,578.266963,577.210495,576.228277,575.320722,574.487887,573.729966,573.047333,572.439903,571.907741,571.451707,571.071482,570.767238,570.539393,570.387889,570.312969,570.314854,570.393624,570.549585,570.782763,571.093206,571.481548,571.947626,572.491842,573.114064,573.814673,574.593650,575.451749,576.388336,577.403899,578.498644,579.672830,580.926469,582.259783,583.672784,585.165719,586.738772,588.392199,590.126017,591.940395,593.835591,595.811599,597.868722,600.007011,602.226438,604.527433,606.910014,609.374381,611.920865,614.549380,617.259943,620.052836,622.928200,625.885999,628.926770,632.050354,635.256875,638.546624,641.919509,645.375811,648.915812,652.539443,656.246818,660.038222,663.913631,667.873171,671.917052,676.045549,680.258283,684.555579,688.937753,693.404713,697.956569,702.593955,707.316271,712.123662,717.016833,721.995264,727.059371,732.209113,737.444673,742.766141,748.173913,753.667823,759.247870,764.914173,770.667053,776.506184,782.431903,788.444442,794.543697,800.730033,807.003203,813.363366,819.810934,826.345645,832.967513,839.676812,846.473629,853.358101,860.330344,867.389935,874.537401,881.772707,889.096011,896.507150,904.006493,911.593827,919.269825,927.034026,934.886199,942.826806,950.856116,958.973753,967.180076,975.475137,983.858671,992.331177,1000.892282,1009.542136,1018.281004,1027.108800,1036.026084,1045.031916,1054.127128,1063.311449,1072.584900,1081.947736,1091.399745,1100.941021,1110.571686,1120.291752,1130.101003,1140.000063,1149.988489,1160.066521,1170.234315,1180.491607,1190.838589,1201.275143,1211.801465,1222.417446,1233.123165,1243.918706,1254.803933,1265.779646,1276.844598,1287.999556,1299.244365,1310.579259,1322.003897
3948.869982,3934.513146,3920.166425,3905.829413,3891.503442,3877.188064,3862.883311,3848.589248,3834.305970,3820.033584,3805.771410,3791.521035,3777.281910,3763.054080,3748.837414,3734.632484,3720.438829,3706.256838,3692.086848,3677.928975,3663.783138,3649.648722,3635.526824,3621.417559,3607.320239,3593.236200,3579.163958,3565.105220,3551.059505,3537.026038,3523.006077,3508.999179,3495.005245,3481.025614,3467.059652,3453.106849,3439.168190,3425.243728,3411.333190,3397.436658,3383.554549,3369.686555,3355.833040,3341.994001,3328.169942,3314.360567,3300.566380,3286.787368,3273.023665,3259.274764,3245.541369,3231.824103,3218.122514,3204.436740,3190.766329,3177.112385,3163.474893,3149.853737,3136.248545,3122.660448,3109.088867,3095.533977,3081.996500,3068.475794,3054.972511,3041.486117,3028.017714,3014.567019,3001.133839,2987.718652,2974.321393,2960.942251,2947.581545,2934.239137,2920.915248,2907.610185,2894.324236,2881.056284,2867.808181,2854.579470,2841.370307,2828.180687,2815.010752,2801.860493,2788.730073,2775.620053,2762.530196,2749.460795,2736.411446,2723.382687,2710.375389,2697.389044,2684.423376,2671.479073,2658.556416,2645.655022,2632.775687,2619.917994,2607.082708,2594.269600,2581.478653,2568.710148,2555.964020,2543.241152,2530.541179,2517.864269,2505.210467,2492.580278,2479.973383,2467.390299,2454.830755,2442.295281,2429.784241,2417.297821,2404.835153,2392.397853,2379.985538,2367.598167,2355.235802,2342.898813,2330.587272,2318.300735,2306.040787,2293.806866,2281.598872,2269.417306,2257.261886,2245.133612,2233.031767,2220.956791,2208.908854,2196.888458,2184.896056,2172.931363,2160.993943,2149.085089,2137.203532,2125.351089,2113.527216,2101.732071,2089.966040,2078.229018,2066.521182,2054.843032,2043.194509,2031.575572,2019.986733,2008.427908,1996.899162,1985.400986,1973.933575,1962.496687,1951.091551,1939.717714,1928.375037,1917.064100,1905.785256,1894.538664,1883.323952,1872.141564,1860.991153,1849.873581,1838.789625,1827.738530,1816.721048,1805.736976,1794.786541,1783.870150,1772.987834,1762.139860,1751.326281,1740.547453,1729.803699,1719.094601,1708.421089,1697.782957,1687.180565,1676.614103,1666.083856,1655.589240,1645.131471,1634.710218,1624.325626,1613.978556,1603.668621,1593.396303,1583.161678,1572.964961,1562.806419,1552.685979,1542.604387,1532.561320,1522.557063,1512.592183,1502.666608,1492.780702,1482.934244,1473.127917,1463.361882,1453.636131,1443.950587,1434.306065,1424.702498,1415.139932,1405.619026,1396.140075,1386.702324,1377.307193,1367.954265,1358.643138,1349.375240,1340.149370,1330.967797,1321.829483,1312.734928,1303.683712,1294.677136,1285.714320,1276.795787,1267.922022,1259.093052,1250.309100,1241.570524,1232.877922,1224.230796,1215.629471,1207.074786,1198.566789,1190.105074,1181.690371,1173.322623,1165.002306,1156.729501,1148.504040,1140.326541,1132.197644,1124.115489,1116.081991,1108.099478,1100.165855,1092.281398,1084.447176,1076.662170,1068.927905,1061.207293,1053.609369,1045.997469,1038.493635,1031.011917,1023.581839,1016.202969,1008.877468,1001.602157,994.379799,987.209849,980.066749,973.025897,966.013171,959.056597,952.153916,945.304509,938.509539,931.769791,925.084417,918.451900,911.874766,905.349151,898.885231,892.477330,886.123591,879.826490,873.586700,867.400748,861.277087,855.208840,849.194217,843.236103,837.336624,831.495303,825.711969,819.986679,814.319754,808.711929,803.162810,797.673269,792.243420,786.873150,781.563142,776.313017,771.123813,765.995497,760.927995,755.922154,750.977586,746.093790,741.271843,736.512267,731.815383,727.180793,722.608426,718.099352,713.653766,709.270727,704.951566,700.696442,696.505124,692.377944,688.315322,684.317245,680.384285,676.516424,672.714030,668.977190,665.306456,661.701302,658.162429,654.690317,651.284852,647.946179,644.674440,641.469814,638.332968,635.264001,632.262889,629.329675,626.465292,623.669602,620.941861,618.283506,615.694584,613.175094,610.725089,608.344730,606.034596,603.794611,601.625282,599.526376,597.498337,595.541386,593.655542,591.841462,590.099078,588.428610,586.830084,585.303904,583.850413,582.469420,581.161118,579.925821,578.763691,577.674886,576.659864,575.718484,574.851195,574.057981,573.339310,572.695184,572.125824,571.631093,571.212008,570.868005,570.599545,570.406790,570.289934,570.249122,570.284428,570.396134,570.584443,570.849413,571.191212,571.610160,572.106401,572.680235,573.331601,574.060606,574.867502,575.753026,576.716477,577.758331,578.878943,580.078243,581.356579,582.714059,584.150590,585.666662,587.262190,588.937602,590.692886,592.528192,594.443809,596.439664,598.516133,600.673231,602.910950,605.229714,607.629542,610.110610,612.673331,615.317540,618.043280,620.850942,623.740291,626.711796,629.765701,632.901911,636.120552,639.421917,642.805917,646.272833,649.822949,653.456197,657.172806,660.972726,664.856270,668.823573,672.874494,677.009702,681.228563,685.531704,689.918968,694.390666,698.946781,703.587951,708.313567,713.123802,718.019338,722.999663,728.065196,733.215899,738.451955,743.773600,749.180893,754.673965,760.252576,765.917040,771.667670,777.504177,783.426699,789.435608,795.530819,801.712668,807.980907,814.335708,820.777485,827.305926,833.921243,840.623377,847.412623,854.289196,861.252918,868.303731,875.441903,882.667583,889.980755,897.381388,904.869809,912.445880,920.110059,927.862102,935.701709,943.629345,951.645278,959.749137,967.941280,976.221765,984.590324,993.047522,1001.592804,1010.226607,1018.948831,1027.759696,1036.659667,1045.647800,1054.724933,1063.890795,1073.145409,1082.489033,1091.921455,1101.442772,1111.053108,1120.752477,1130.540665,1140.418297,1150.384932,1160.440813,1170.586096,1180.820521,1191.144281,1201.557260,1212.059655,1222.651359,1233.332454,1244.103025,1254.962937,1265.912995,1276.951950,1288.080573,1299.298710,1310.606598,1322.003897
3902.938183,3888.772131,3874.615842,3860.469249,3846.333669,3832.208386,3818.093513,3803.989142,3789.895217,3775.812115,3761.739838,3747.677763,3733.627399,3719.588137,3705.559675,3691.542929,3677.537408,3663.543647,3649.560990,3635.590322,3621.631674,3607.684898,3593.749800,3579.827122,3565.915739,3552.017583,3538.131439,3524.258585,3510.398419,3496.550779,3482.715375,3468.893398,3455.084394,3441.289330,3427.507442,3413.738543,3399.983722,3386.242529,3372.515354,3358.802008,3345.102846,3331.417770,3317.746790,3304.090019,3290.447791,3276.820531,3263.207531,3249.609629,3236.026866,3222.458760,3208.906262,3195.368957,3181.847453,3168.341424,3154.851208,3141.376188,3127.917511,3114.475160,3101.048970,3087.638708,3074.245261,3060.868146,3047.508029,3034.164814,3020.838254,3007.528917,2994.236819,2980.962111,2967.704918,2954.465533,2941.243590,2928.039435,2914.853724,2901.685676,2888.536046,2875.405222,2862.292714,2849.198506,2836.123241,2823.067363,2810.030680,2797.013312,2784.015336,2771.036824,2758.077957,2745.138821,2732.219743,2719.320758,2706.442069,2693.583007,2680.744919,2667.927852,2655.131228,2642.355823,2629.601265,2616.867878,2604.156104,2591.465960,2578.797509,2566.151002,2553.526711,2540.924296,2528.343797,2515.786347,2503.251543,2490.739104,2478.250082,2465.783938,2453.340915,2440.921231,2428.525204,2416.152282,2403.803635,2391.479021,2379.178286,2366.902194,2354.650805,2342.424115,2330.222285,2318.045103,2305.893336,2293.766265,2281.664835,2269.589475,2257.539747,2245.515876,2233.517882,2221.546708,2209.601537,2197.683187,2185.790877,2173.926528,2162.088849,2150.279035,2138.496224,2126.741358,2115.013858,2103.314141,2091.643340,2080.000826,2068.386768,2056.801484,2045.245114,2033.717793,2022.219818,2010.751041,1999.312028,1987.902730,1976.522712,1965.173171,1953.853976,1942.564793,1931.306754,1920.079735,1908.883414,1897.718772,1886.585578,1875.484093,1864.414336,1853.376121,1842.369957,1831.396072,1820.454985,1809.546796,1798.671326,1787.829074,1777.020144,1766.244719,1755.502624,1744.794522,1734.120818,1723.481271,1712.876195,1702.305494,1691.769735,1681.268974,1670.803614,1660.373581,1649.979280,1639.620327,1629.297454,1619.011112,1608.760870,1598.547351,1588.370914,1578.231168,1568.129023,1558.064242,1548.036872,1538.047352,1528.096206,1518.183074,1508.308325,1498.472482,1488.675399,1478.917500,1469.198775,1459.519494,1449.879974,1440.280373,1430.720517,1421.201053,1411.722246,1402.283808,1392.886354,1383.530243,1374.215606,1364.942545,1355.711250,1346.521317,1337.374241,1328.268290,1319.206341,1310.187144,1301.211196,1292.278168,1283.388871,1274.543295,1265.741388,1256.983778,1248.269883,1239.601330,1230.977134,1222.398495,1213.864548,1205.376330,1196.933875,1188.537694,1180.187506,1171.883558,1163.626077,1155.415580,1147.251562,1139.134754,1131.065595,1123.043668,1115.068892,1107.142419,1099.265771,1091.437556,1083.657963,1075.928059,1068.246827,1060.615784,1053.034075,1045.502064,1038.020336,1030.588807,1023.175527,1015.877437,1008.597275,1001.370887,994.194813,987.070193,979.996750,972.974934,966.006903,959.088530,952.226945,945.418510,938.663205,931.957542,925.313576,918.719934,912.178511,905.692250,899.258090,892.884472,886.565812,880.300558,874.090601,867.938257,861.840015,855.801803,849.819432,843.890061,838.016838,832.201413,826.443200,820.743178,815.100025,809.514756,803.988296,798.519655,793.110203,787.760027,782.468441,777.236186,772.064181,766.952173,761.900270,756.908768,751.978327,747.108440,742.298731,737.550490,732.863986,728.239496,723.676795,719.175589,714.737344,710.361803,706.048228,701.798022,697.611234,693.487594,689.427703,685.431627,681.499484,677.631862,673.828985,670.090618,666.417881,662.809969,659.266987,655.790227,652.379496,649.034769,645.756221,642.544048,639.398366,636.319920,633.308768,630.364792,627.488286,624.680053,621.939481,619.266862,616.662587,614.127605,611.661251,609.263698,606.935415,604.676568,602.487578,600.368391,598.319162,596.340152,594.431724,592.593823,590.827195,589.131495,587.507207,585.954292,584.473341,583.064133,581.726965,580.462066,579.269537,578.149473,577.102404,576.128454,575.227528,574.400069,573.646284,572.966394,572.360484,571.828671,571.371085,570.988577,570.680549,570.447487,570.289580,570.207014,570.199935,570.268420,570.412827,570.633123,570.929657,571.302372,571.751699,572.277839,572.880989,573.561125,574.318333,575.152881,576.065588,577.055578,578.123538,579.269718,580.494024,581.796695,583.178103,584.637989,586.176895,587.794723,589.491949,591.268413,593.124453,595.060258,597.075846,599.171454,601.347064,603.602914,605.939195,608.356092,610.853902,613.432610,616.092227,618.832971,621.655125,624.558425,627.543442,630.610343,633.758930,636.989602,640.302432,643.697397,647.174813,650.734868,654.377594,658.103186,661.911600,665.803148,669.777968,673.836161,677.977692,682.202597,686.511313,690.903687,695.380010,699.940322,704.585121,709.313939,714.127025,719.024705,724.006848,729.073690,734.225246,739.461720,744.783317,750.190090,755.682192,761.259379,766.921965,772.670345,778.503996,784.423319,790.428531,796.519626,802.696989,808.960067,815.309527,821.745432,828.267566,834.876144,841.571107,848.352754,855.221301,862.176570,869.218508,876.347388,883.563345,890.866382,898.256463,905.733920,913.298702,920.951004,928.690851,936.517855,944.432481,952.435004,960.525050,968.702982,976.968954,985.322413,993.764213,1002.293705,1010.911329,1019.616985,1028.410897,1037.293531,1046.263944,1055.322976,1064.470359,1073.706117,1083.030511,1092.443445,1101.944672,1111.534664,1121.213253,1130.980433,1140.836625,1150.781458,1160.815177,1170.937940,1181.149489,1191.450044,1201.839414,1212.317875,1222.885296,1233.541762,1244.287358,1255.121952,1266.046316,1277.059306,1288.161593,1299.353057,1310.633938,1322.003897
3857.620483,3843.642255,3829.674021,3815.714702,3801.766444,3787.828158,3773.900265,3759.982687,3746.075531,3732.178902,3718.292884,3704.416917,3690.552379,3676.698651,3662.856103,3649.024393,3635.204010,3621.395136,3607.597687,3593.811463,3580.036788,3566.274244,3552.523542,3538.784787,3525.056848,3511.342251,3497.639112,3483.948972,3470.271295,3456.606223,3442.954105,3429.314030,3415.686432,3402.073012,3388.472797,3374.885352,3361.311661,3347.750985,3334.204151,3320.671194,3307.152274,3293.647119,3280.156075,3266.678854,3253.216091,3239.767746,3226.333839,3212.914402,3199.509807,3186.119822,3172.745127,3159.385676,3146.041242,3132.712455,3119.399156,3106.101094,3092.818914,3079.552365,3066.302088,3053.067961,3039.849494,3026.647558,3013.462443,3000.293696,2987.141806,2974.006429,2960.888385,2947.787379,2934.703359,2921.636889,2908.588084,2895.556464,2882.542956,2869.547085,2856.569023,2843.609671,2830.668604,2817.745301,2804.840798,2791.954915,2779.088366,2766.240784,2753.412246,2740.602947,2727.813084,2715.042680,2702.291842,2689.560992,2676.849794,2664.158454,2651.487699,2638.837316,2626.207284,2613.598064,2601.009590,2588.441776,2575.895276,2563.370178,2550.866495,2538.384463,2525.923822,2513.485255,2501.068521,2488.673872,2476.301833,2463.951909,2451.624906,2439.320782,2427.039196,2414.780680,2402.545587,2390.333454,2378.144589,2365.979673,2353.838565,2341.721626,2329.629056,2317.560831,2305.517056,2293.497868,2281.503367,2269.533752,2257.589103,2245.669517,2233.775993,2221.907783,2210.065382,2198.248638,2186.458285,2174.694100,2162.956087,2151.244701,2139.560418,2127.902656,2116.272696,2104.669541,2093.094036,2081.545798,2070.025495,2058.533436,2047.069601,2035.633962,2024.227039,2012.848571,2001.499020,1990.178538,1978.887327,1967.625285,1956.392725,1945.189384,1934.016381,1922.873192,1911.760466,1900.678269,1889.626586,1878.606042,1867.616600,1856.658398,1845.731584,1834.835949,1823.972073,1813.139852,1802.339772,1791.572477,1780.837519,1770.135202,1759.465792,1748.829354,1738.226185,1727.656290,1717.120330,1706.618436,1696.149821,1685.716007,1675.316420,1664.951364,1654.621099,1644.325819,1634.065547,1623.840882,1613.651341,1603.497812,1593.380164,1583.298909,1573.253922,1563.245324,1553.273954,1543.339291,1533.441706,1523.581579,1513.759175,1503.974604,1494.227434,1484.519152,1474.849003,1465.217650,1455.624938,1446.071080,1436.556686,1427.081667,1417.645950,1408.250047,1398.894381,1389.578210,1380.303273,1371.068961,1361.875369,1352.722922,1343.611888,1334.541617,1325.513551,1316.526982,1307.582795,1298.681592,1289.822559,1281.006234,1272.233241,1263.503300,1254.816600,1246.173571,1237.573935,1229.018963,1220.507909,1212.041960,1203.620058,1195.243273,1186.912172,1178.626432,1170.386240,1162.191390,1154.043296,1145.941181,1137.884945,1129.875360,1121.913423,1113.997215,1106.128083,1098.308124,1090.536026,1082.812122,1075.136341,1067.509470,1059.930827,1052.401856,1044.921527,1037.490690,1030.109320,1022.777728,1015.495855,1008.264569,1001.083467,993.955404,986.874878,979.847317,972.870001,965.942870,959.069025,952.246644,945.471976,938.763248,932.090367,925.491360,918.935416,912.433006,905.982470,899.585801,893.241290,886.955854,880.725418,874.547932,868.425025,862.360036,856.347518,850.394435,844.496366,838.651979,832.862142,827.129747,821.454649,815.836444,810.274947,804.770447,799.324245,793.935604,788.605131,783.333403,778.119873,772.965461,767.870108,762.834643,757.858463,752.942141,748.086366,743.290235,738.554159,733.878742,729.264454,724.711769,720.220235,715.789529,711.421305,707.114973,702.870407,698.688478,694.569356,690.512793,686.519361,682.589090,678.722547,674.919570,671.180876,667.506134,663.896387,660.350796,656.869936,653.454499,650.104427,646.819844,643.600888,640.447486,637.360431,634.339848,631.385912,628.498633,625.678261,622.925551,620.239728,617.621602,615.071054,612.589508,610.175634,607.830142,605.553326,603.345451,601.206657,599.137343,597.137306,595.206878,593.346447,591.556162,589.836392,588.187025,586.608590,585.100780,583.664667,582.299416,581.005714,579.783654,578.633269,577.555169,576.549409,575.616089,574.755305,573.967438,573.252602,572.611145,572.043076,571.548374,571.127706,570.781394,570.508959,570.311147,570.187792,570.139081,570.165490,570.266747,570.443473,570.695537,571.023292,571.426680,571.906133,572.461809,573.094053,573.802714,574.587856,575.450204,576.389387,577.405714,578.499517,579.670919,580.919895,582.246918,583.651898,585.134919,586.696431,588.336389,590.055114,591.852605,593.729076,595.684928,597.719975,599.834521,602.028550,604.302283,606.655984,609.089737,611.603945,614.198524,616.873419,619.628992,622.465484,625.382548,628.380917,631.460617,634.621526,637.864009,641.188147,644.593932,648.081671,651.651555,655.303618,659.038058,662.854872,666.754298,670.736460,674.801557,678.949536,683.180360,687.494540,691.891901,696.372737,700.937176,705.585455,710.317382,715.133166,720.032912,725.016790,730.084846,735.237175,740.473963,745.795416,751.201589,756.692637,762.268317,767.928945,773.674918,779.505715,785.421741,791.423206,797.510116,803.682853,809.940868,816.284814,822.714793,829.230564,835.832342,842.520078,849.294069,856.154535,863.101299,870.134311,877.253843,884.460036,891.752974,899.132376,906.598824,914.152246,921.792770,929.520271,937.334634,945.236216,953.225292,961.301492,969.465181,977.716512,986.054937,994.481311,1002.994986,1011.596403,1020.285466,1029.062401,1037.927674,1046.880625,1055.921256,1065.050140,1074.267024,1083.572140,1092.965484,1102.446855,1112.016353,1121.674217,1131.420307,1141.255046,1151.178066,1161.189612,1171.289846,1181.478509,1191.755826,1202.121605,1212.576125,1223.119258,1233.751089,1244.471706,1255.280978,1266.179679,1277.166668,1288.242615,1299.407405,1310.661278,1322.003897
3812.906156,3799.112677,3785.329323,3771.555444,3757.790867,3744.037042,3730.293263,3716.559487,3702.836116,3689.123088,3675.420529,3661.727972,3648.046510,3634.375843,3620.715735,3607.066558,3593.428521,3579.801768,3566.186287,3552.581965,3538.989277,3525.407825,3511.838335,3498.280405,3484.733714,3471.199387,3457.676847,3444.167187,3430.669582,3417.184334,3403.711610,3390.251069,3376.802849,3363.368012,3349.946556,3336.537862,3323.142601,3309.760538,3296.391563,3283.036007,3269.694227,3256.366442,3243.052494,3229.752097,3216.466130,3203.194136,3189.936574,3176.693464,3163.464307,3150.249669,3137.050251,3123.865932,3110.696486,3097.541891,3084.402896,3071.279013,3058.170856,3045.078048,3032.000791,3018.939826,3005.894672,2992.864922,2979.852196,2966.855588,2953.875584,2940.911960,2927.965274,2915.035425,2902.122180,2889.226196,2876.347807,2863.486398,2850.642655,2837.816275,2825.007676,2812.217142,2799.444823,2786.690242,2773.953914,2761.236097,2748.536853,2735.856629,2723.195245,2710.552742,2697.929360,2685.325200,2672.740497,2660.175135,2647.629492,2635.103194,2622.597321,2610.111420,2597.645607,2585.200311,2572.775294,2560.370919,2547.987508,2535.624936,2523.283759,2510.963793,2498.665217,2486.387773,2474.132188,2461.898678,2449.686898,2437.497361,2425.330107,2413.185438,2401.063181,2388.963743,2376.887040,2364.833566,2352.803023,2340.795193,2328.811649,2316.851628,2304.915527,2293.003568,2281.115768,2269.252134,2257.412972,2245.598303,2233.808250,2222.043372,2210.303265,2198.588664,2186.899690,2175.235415,2163.597660,2151.985514,2140.399752,2128.839496,2117.306437,2105.799370,2094.319499,2082.866500,2071.440515,2060.041765,2048.669954,2037.326467,2026.010657,2014.722952,2003.463216,1992.231724,1981.028768,1969.854553,1958.709113,1947.592387,1936.504915,1925.446406,1914.417271,1903.418391,1892.449045,1881.509814,1870.600917,1859.722746,1848.875196,1838.058377,1827.272249,1816.517482,1805.794117,1795.102052,1784.441363,1773.812847,1763.216729,1752.652390,1742.120723,1731.621546,1721.155306,1710.722074,1700.322189,1689.955733,1679.622662,1669.323593,1659.058405,1648.827236,1638.630509,1628.468149,1618.340667,1608.247964,1598.190302,1588.168096,1578.181424,1568.230739,1558.315556,1548.436595,1538.594183,1528.788136,1519.018956,1509.286297,1499.591145,1489.933342,1480.312531,1470.729988,1461.185444,1451.678856,1442.210673,1432.780887,1423.390068,1414.038036,1404.724958,1395.451175,1386.217154,1377.022154,1367.867905,1358.753771,1349.680037,1340.646737,1331.654581,1322.702458,1313.792192,1304.922788,1296.095523,1287.310309,1278.567389,1269.866453,1261.208213,1252.592779,1244.019823,1235.490127,1227.003433,1218.560476,1210.161541,1201.806841,1193.496075,1185.229118,1177.008025,1168.831392,1160.699954,1152.613544,1144.573104,1136.578145,1128.628749,1120.725237,1112.868733,1105.057599,1097.293666,1089.577809,1081.909329,1074.288436,1066.715280,1059.190313,1051.713131,1044.285068,1036.905100,1029.574154,1022.292034,1015.059116,1007.875704,1000.742220,993.656602,986.624670,979.643069,972.710060,965.827502,958.995922,952.214822,945.486708,938.812180,932.189272,925.609728,919.100339,912.634323,906.222109,899.861723,893.552636,887.297982,881.100272,874.956826,868.867824,862.829267,856.849771,850.923735,845.054572,839.239471,833.479212,827.772006,822.121763,816.528614,810.991387,805.510440,800.086241,794.719280,789.409868,784.157551,778.963723,773.827486,768.749609,763.730656,758.770696,753.869544,749.027585,744.245799,739.522715,734.859504,730.256114,725.713498,721.231753,716.810668,712.449885,708.151235,703.913322,699.736797,695.622522,691.570431,687.580276,683.652585,679.787599,675.985873,672.247147,668.571878,664.960209,661.412778,657.928989,654.509591,651.154927,647.864866,644.639860,641.479941,638.384745,635.355679,632.392402,629.495173,626.664078,623.899272,621.201557,618.570085,616.005618,613.508784,611.079802,608.718041,606.424050,604.198332,602.040820,599.951923,597.931913,595.980661,594.098420,592.285566,590.542317,588.869017,587.265651,585.732406,584.269433,582.877517,581.555940,580.305405,579.125808,578.017665,576.980700,576.015791,575.122639,574.301805,573.552920,572.876814,572.273457,571.742869,571.285125,570.900863,570.590421,570.353327,570.190216,570.101063,570.086008,570.145483,570.279395,570.488114,570.771621,571.130286,571.564073,572.073426,572.658452,573.319356,574.056134,574.869072,575.758590,576.724372,577.766782,578.886096,580.082557,581.356085,582.707027,584.135360,585.641339,587.225154,588.887024,590.627103,592.445437,594.342332,596.317790,598.372051,600.505381,602.717551,605.009067,607.380001,609.830446,612.360789,614.971015,617.661094,620.431323,623.281850,626.212724,629.224260,632.316553,635.489615,638.743762,642.079055,645.495508,648.993473,652.572992,656.234256,659.977408,663.802447,667.709634,671.699050,675.770936,679.925194,684.161840,688.481509,692.883661,697.368837,701.937263,706.588946,711.323814,716.142177,721.044041,726.029464,731.098659,736.251668,741.488746,746.809898,752.215385,757.705294,763.279385,768.937974,774.681432,780.509329,786.421981,792.419630,798.502284,804.670327,810.923211,817.261593,823.685574,830.194916,836.789837,843.470264,850.236581,857.088897,864.027104,871.051137,878.161274,885.357653,892.640364,900.009170,907.464521,915.006482,922.635136,930.350363,938.152046,946.040547,954.016239,962.078463,970.227875,978.464536,986.788146,995.198814,1003.696644,1012.281830,1020.954275,1029.714208,1038.562098,1047.497285,1056.519774,1065.630167,1074.828130,1084.113980,1093.487687,1102.949051,1112.498176,1122.135301,1131.860287,1141.673561,1151.574756,1161.564119,1171.641813,1181.807582,1192.061652,1202.403833,1212.834406,1223.353245,1233.960435,1244.656068,1255.440015,1266.313049,1277.274033,1288.323640,1299.461754,1310.688618,1322.003897
3768.784196,3755.173272,3741.571712,3727.979458,3714.396533,3700.824228,3687.261874,3673.709440,3660.167083,3646.634901,3633.112845,3619.600791,3606.099656,3592.609141,3579.129302,3565.659921,3552.201375,3538.753945,3525.317722,3511.892471,3498.478668,3485.076181,3471.685200,3458.305478,3444.936924,3431.580818,3418.235560,3404.903456,3391.583437,3378.275609,3364.979828,3351.695855,3338.424219,3325.166234,3311.920222,3298.687540,3285.468030,3272.261612,3259.068178,3245.888141,3232.721238,3219.567484,3206.427856,3193.301732,3180.189819,3167.091936,3154.007843,3140.937995,3127.882575,3114.840725,3101.813822,3088.801997,3075.804827,3062.822615,3049.855047,3036.902739,3023.965838,3011.044380,2998.138161,2985.247452,2972.372627,2959.513508,2946.670235,2933.843270,2921.032680,2908.238227,2895.460499,2882.699356,2869.954735,2857.226651,2844.516076,2831.822320,2819.146178,2806.486878,2793.845070,2781.221171,2768.615196,2756.026682,2743.456417,2730.904120,2718.370278,2705.854731,2693.358079,2680.880019,2668.420881,2655.980641,2643.559482,2631.157464,2618.774875,2606.411366,2594.068067,2581.744337,2569.440560,2557.156896,2544.893142,2532.649761,2520.427186,2508.225165,2496.043941,2483.883822,2471.744859,2459.626624,2447.529878,2435.455066,2423.401653,2411.370023,2399.360515,2387.373073,2375.408063,2363.465257,2351.545157,2339.647789,2327.773201,2315.920825,2304.092286,2292.287397,2280.505544,2268.747763,2257.013698,2245.303703,2233.617590,2221.955986,2210.318718,2198.705637,2187.117671,2175.554219,2164.016414,2152.503421,2141.015446,2129.553531,2118.117611,2106.706899,2095.322531,2083.964554,2072.633011,2061.327603,2050.049272,2038.798016,2027.573327,2016.376006,2005.206507,1994.064454,1982.950179,1971.863750,1960.805379,1949.775482,1938.773962,1927.800899,1916.856462,1905.940922,1895.054272,1884.197151,1873.369702,1862.571327,1851.803400,1841.065625,1830.358131,1819.680801,1809.034114,1798.418234,1787.833336,1777.279178,1766.756464,1756.265307,1745.805578,1735.377918,1724.982106,1714.618651,1704.287581,1693.989171,1683.723723,1673.490855,1663.291675,1653.125563,1642.993152,1632.894263,1622.829404,1612.798234,1602.801608,1592.839669,1582.912211,1573.019821,1563.162254,1553.340405,1543.553708,1533.802630,1524.087582,1514.408824,1504.765960,1495.159465,1485.590097,1476.057446,1466.561513,1457.103125,1447.682565,1438.299403,1428.954222,1419.646995,1410.378139,1401.147690,1391.955543,1382.802673,1373.688769,1364.613749,1355.578600,1346.583046,1337.627610,1328.712303,1319.837316,1311.002162,1302.208074,1293.454832,1284.742983,1276.072717,1267.444266,1258.857391,1250.312554,1241.809789,1233.349580,1224.932041,1216.556548,1208.224772,1199.936467,1191.691847,1183.490566,1175.332640,1167.219995,1159.151567,1151.127542,1143.148282,1135.214348,1127.325212,1119.481396,1111.682738,1103.930415,1096.222501,1088.563640,1080.950500,1073.384300,1065.865443,1058.393668,1050.969446,1043.592718,1036.264472,1028.983798,1021.751557,1014.567696,1007.432534,1000.346238,993.303970,986.322205,979.384973,972.497358,965.658537,958.869240,952.131896,945.442689,938.808801,932.226076,925.694259,919.214179,912.786484,906.404872,900.086364,893.814387,887.592455,881.426083,875.315997,869.258429,863.255520,857.303207,851.407909,845.566141,839.780460,834.048138,828.370311,822.745266,817.176625,811.664300,806.207291,800.806384,795.461591,790.172967,784.941678,779.767113,774.650469,769.590441,764.588807,759.645163,754.759908,749.933101,745.164722,740.456020,735.805296,731.214155,726.682360,722.210528,717.799129,713.447744,709.156188,704.926180,700.756122,696.647072,692.599792,688.613950,684.689749,680.827117,677.026939,673.289098,669.613929,666.001693,662.452468,658.966823,655.544229,652.185663,648.891070,645.660660,642.494528,639.393146,636.355862,633.383967,630.477481,627.636191,624.860923,622.151279,619.507917,616.930282,614.419242,611.975199,609.598339,607.288281,605.045343,602.870134,600.762692,598.723229,596.751929,594.849013,593.014540,591.248818,589.552192,587.924932,586.367079,584.878723,583.460248,582.112004,580.833718,579.625837,578.488378,577.421818,576.425934,575.501453,574.648212,573.866551,573.156667,572.518836,571.953194,571.459774,571.038644,570.690646,570.415529,570.213458,570.084736,570.029395,570.047806,570.140020,570.306189,570.546623,570.861351,571.250417,571.714476,572.253469,572.867551,573.556920,574.321583,575.161824,576.078353,577.070511,578.138757,579.283457,580.504546,581.802381,583.177034,584.628568,586.157214,587.763183,589.446732,591.207882,593.046813,594.963787,596.958812,599.032128,601.183990,603.414188,605.723220,608.111162,610.578080,613.124455,615.750162,618.455227,621.239941,624.104453,627.048736,630.073335,633.178120,636.363165,639.628829,642.975010,646.401997,649.910081,653.499202,657.169494,660.921221,664.754399,668.669153,672.665701,676.744242,680.904668,685.147028,689.471928,693.878838,698.368302,702.940612,707.595602,712.333342,717.154233,722.057956,727.044859,732.115121,737.268717,742.505928,747.826839,753.231472,758.720159,764.292599,769.949231,775.689944,781.514834,787.424039,793.417769,799.496127,805.659409,811.907096,818.239848,824.657769,831.160622,837.748624,844.421736,851.180300,858.024399,864.953970,871.968987,879.069657,886.256196,893.528633,900.886754,908.331009,915.861466,923.478407,931.181124,938.970157,946.845475,954.807651,962.856054,970.991065,979.213023,987.521539,995.916724,1004.398681,1012.967608,1021.623410,1030.366322,1039.196801,1048.114203,1057.118529,1066.210383,1075.389701,1084.656000,1094.010053,1103.451395,1112.980131,1122.596503,1132.300373,1142.092170,1151.971528,1161.938698,1171.993842,1182.136708,1192.367523,1202.686098,1213.092718,1223.587255,1234.169800,1244.840445,1255.599061,1266.446427,1277.381404,1288.404667,1299.516104,1310.715958,1322.003897
3725.244781,3711.813172,3698.390526,3684.977568,3671.573424,3658.179918,3644.796131,3631.422169,3618.058082,3604.704041,3591.360183,3578.026444,3564.702287,3551.389236,3538.086673,3524.794412,3511.512937,3498.242318,3484.982687,3471.733848,3458.496127,3445.269735,3432.054624,3418.850893,3405.658146,3392.476837,3379.307870,3366.149458,3353.004186,3339.870975,3326.749442,3313.640117,3300.542444,3287.457819,3274.386091,3261.326302,3248.280018,3235.246259,3222.225730,3209.218139,3196.223857,3183.242674,3170.274681,3157.320128,3144.379521,3131.452868,3118.540066,3105.641033,3092.756353,3079.885141,3067.028573,3054.186184,3041.359035,3028.546300,3015.748407,3002.964909,2990.196881,2977.444066,2964.706431,2951.983848,2939.276813,2926.585370,2913.909968,2901.249846,2888.606249,2875.978529,2863.367310,2850.772368,2838.193834,2825.631716,2813.086567,2800.558007,2788.046813,2775.552392,2763.075038,2750.615563,2738.173483,2725.748661,2713.341871,2700.952918,2688.582100,2676.229024,2663.894736,2651.578896,2639.281638,2627.003054,2614.743310,2602.502387,2590.279926,2578.077490,2565.894343,2553.730726,2541.586558,2529.462394,2517.357679,2505.273116,2493.209221,2481.165218,2469.142060,2457.139413,2445.157645,2433.196720,2421.256922,2409.338106,2397.441183,2385.565242,2373.711363,2361.879013,2350.068726,2338.280757,2326.514841,2314.771536,2303.050860,2291.351982,2279.676506,2268.024308,2256.395099,2244.788980,2233.206659,2221.648110,2210.113127,2198.602312,2187.115460,2175.652704,2164.214283,2152.800834,2141.411489,2130.047491,2118.708217,2107.394207,2096.105925,2084.842948,2073.605334,2062.394145,2051.208902,2040.049794,2028.916890,2017.810830,2006.731170,1995.678775,1984.653259,1973.655133,1962.684318,1951.741094,1940.825448,1929.937963,1919.078414,1908.246869,1897.443995,1886.669136,1875.923107,1865.206380,1854.518335,1843.859794,1833.231016,1822.631733,1812.062362,1801.522752,1791.013439,1780.534799,1770.086813,1759.669145,1749.282215,1738.926287,1728.601836,1718.309093,1708.047383,1697.817594,1687.620258,1677.455052,1667.321792,1657.221574,1647.154099,1637.119628,1627.118116,1617.149974,1607.214976,1597.313919,1587.446486,1577.613448,1567.814674,1558.050334,1548.320372,1538.625765,1528.965841,1519.341342,1509.752094,1500.198702,1490.680880,1481.199123,1471.753781,1462.344850,1452.972169,1443.636742,1434.338328,1425.077231,1415.853494,1406.667351,1397.518992,1388.408740,1379.336264,1370.302704,1361.307450,1352.350735,1343.433401,1334.555211,1325.716585,1316.917801,1308.158777,1299.439122,1290.759687,1282.121377,1273.523599,1264.966935,1256.451623,1247.977383,1239.544805,1231.153636,1222.804575,1214.497766,1206.232743,1198.010360,1189.831557,1181.695633,1173.602685,1165.552467,1157.546996,1149.585471,1141.667817,1133.794423,1125.965672,1118.181136,1110.441554,1102.746839,1095.097103,1087.493047,1079.936283,1072.425089,1064.960509,1057.542016,1050.170719,1042.846019,1035.568584,1028.339050,1021.156573,1014.021924,1006.935346,999.895420,992.906636,985.965570,979.045735,972.230798,965.436773,958.691487,951.994845,945.349751,938.734539,932.210645,925.716894,919.276835,912.883563,906.548411,900.260697,894.023981,887.841297,881.706135,875.627530,869.603009,863.630841,857.712598,851.844737,846.033759,840.274863,834.572099,828.922111,823.325979,817.781774,812.293903,806.861630,801.484165,796.162070,790.895765,785.685173,780.531147,775.433078,770.393043,765.408652,760.481960,755.613154,750.801911,746.048546,741.353125,736.716797,732.138035,727.617965,723.156811,718.755247,714.413579,710.131027,705.908106,701.745867,697.643287,693.601059,689.620068,685.699831,681.840903,678.042740,674.306652,670.632126,667.020028,663.470006,659.982649,656.558410,653.196269,649.897821,646.662781,643.491478,640.383676,637.340055,634.360264,631.445148,628.594832,625.809282,623.088987,620.433840,617.844202,615.320084,612.861920,610.470432,608.145120,605.886253,603.693945,601.568723,599.510799,597.520309,595.597395,593.742266,591.954999,590.236077,588.585646,587.003977,585.491111,584.047349,582.672857,581.367984,580.132547,578.966957,577.871326,576.845695,575.890654,575.006270,574.192578,573.449921,572.778516,572.178573,571.650235,571.193586,570.808792,570.496599,570.256651,570.089230,569.994578,569.972897,570.024339,570.148988,570.347110,570.618939,570.964577,571.384055,571.877807,572.446042,573.088960,573.806586,574.598878,575.466289,576.409465,577.427668,578.521547,579.691302,580.936922,582.258766,583.656918,585.131338,586.682503,588.310402,590.015359,591.797414,593.656729,595.593600,597.608032,599.700196,601.870359,604.118357,606.444715,608.849429,611.332833,613.894904,616.535921,619.255797,622.054928,624.933153,627.890757,630.928207,634.045280,637.242186,640.519201,643.876244,647.313605,650.831579,654.430105,658.109430,661.869486,665.710624,669.632861,673.636415,677.721464,681.887969,686.135914,690.465928,694.877488,699.371123,703.947168,708.605382,713.345888,718.169121,723.074707,728.063015,733.134226,738.288317,743.525570,748.846072,754.249867,759.737226,765.307913,770.962382,776.700321,782.521992,788.427910,794.417680,800.491643,806.650095,812.892519,819.219745,825.631375,832.127677,838.708703,845.374415,852.125156,858.961157,865.881920,872.887874,879.979125,887.155772,894.417779,901.765304,909.198278,916.717397,924.322191,932.012555,939.788834,947.650998,955.599623,963.634080,971.754749,979.961975,988.255367,996.635070,1005.101097,1013.653738,1022.292872,1031.018734,1039.831784,1048.731379,1057.717496,1066.790817,1075.951203,1085.198201,1094.532584,1103.953887,1113.462220,1123.057824,1132.740717,1142.510873,1152.368383,1162.313348,1172.345933,1182.465887,1192.673438,1202.968401,1213.351059,1223.821290,1234.379185,1245.024836,1255.758119,1266.579812,1277.488779,1288.485697,1299.570455,1310.743299,1322.003897
3682.276833,3669.022099,3655.776307,3642.540069,3629.311964,3616.094251,3602.886448,3589.688142,3576.499752,3563.321207,3550.152613,3536.994002,3523.845003,3510.706788,3497.578814,3484.461055,3471.354090,3458.257556,3445.171784,3432.096759,3419.032822,3405.979908,3392.938077,3379.907300,3366.887819,3353.878954,3340.882544,3327.897022,3314.923929,3301.962109,3289.012506,3276.074868,3263.148635,3250.235549,3237.334755,3224.446050,3211.569943,3198.706899,3185.856597,3173.019157,3160.194433,3147.383153,3134.584712,3121.799393,3109.027786,3096.269915,3083.525583,3070.795032,3058.078282,3045.375194,3032.686571,3020.012083,3007.351829,2994.706075,2982.075242,2969.458586,2956.856808,2944.270143,2931.698540,2919.142122,2906.600190,2894.074107,2881.563840,2869.068983,2856.589521,2844.126208,2831.679171,2819.248158,2806.833255,2794.434751,2782.052719,2769.687061,2757.338560,2745.006167,2732.691389,2720.393755,2708.113139,2695.850058,2683.604390,2671.376553,2659.166290,2646.973967,2634.799494,2622.643543,2610.505910,2598.386700,2586.286048,2574.204074,2562.140206,2550.095873,2538.070820,2526.064767,2514.078318,2502.111221,2490.163447,2478.235829,2466.327737,2454.440097,2442.572652,2430.725617,2418.898895,2407.092761,2395.307766,2383.543574,2371.799970,2360.077990,2348.377577,2336.698480,2325.040873,2313.405432,2301.791742,2290.200354,2278.630833,2267.083866,2255.559236,2244.057768,2232.579146,2221.123059,2209.690217,2198.281082,2186.895196,2175.533155,2164.194762,2152.880414,2141.589660,2130.323522,2119.081556,2107.863958,2096.671363,2085.503719,2074.361066,2063.243846,2052.151050,2041.084785,2030.043658,2019.028632,2008.040001,1997.077041,1986.140712,1975.230665,1964.347513,1953.491406,1942.662405,1931.860274,1921.085623,1910.338657,1899.619188,1888.927608,1878.264209,1867.628488,1857.021330,1846.442755,1835.892726,1825.372062,1814.880312,1804.418134,1793.984847,1783.581505,1773.207941,1762.864644,1752.551513,1742.268582,1732.015799,1721.793845,1711.602860,1701.442620,1691.313541,1681.216335,1671.150669,1661.117020,1651.114719,1641.145055,1631.207757,1621.303058,1611.430968,1601.591654,1591.785430,1582.012319,1572.272788,1562.567167,1552.895308,1543.257464,1533.653718,1524.084626,1514.549964,1505.050391,1495.585367,1486.155923,1476.761709,1467.403035,1458.080264,1448.793642,1439.542844,1430.328575,1421.151070,1412.010413,1402.906701,1393.840250,1384.810940,1375.819353,1366.865099,1357.949319,1349.071522,1340.231627,1331.430722,1322.668621,1313.945368,1305.261676,1296.616905,1288.011891,1279.445980,1270.920879,1262.435844,1253.991455,1245.587802,1237.225051,1228.903338,1220.622535,1212.383421,1204.185858,1196.030003,1187.916108,1179.845416,1171.816629,1163.831006,1155.887364,1147.987950,1140.131702,1132.319093,1124.550594,1116.825907,1109.145129,1101.508427,1093.916359,1086.367724,1078.866927,1071.411139,1064.000556,1056.636119,1049.317321,1042.045111,1034.818965,1027.639742,1020.507831,1013.422479,1006.384103,999.375565,992.448775,985.555944,978.709193,971.911335,965.162249,958.447246,951.807884,945.203706,938.648690,932.145595,925.693235,919.290562,912.939119,906.637795,900.386660,894.184674,888.039063,881.940846,875.891638,869.900051,863.960474,858.072396,852.238928,846.454106,840.725695,835.049531,829.428910,823.860066,818.344600,812.881075,807.472931,802.119810,796.821169,791.577291,786.388449,781.255203,776.177324,771.155522,766.190608,761.281331,756.429296,751.634054,746.896174,742.215466,737.592375,733.027742,728.520070,724.070416,719.679519,715.347460,711.074591,706.860318,702.705243,698.610128,694.574229,690.598361,686.683023,682.827507,679.033350,675.299074,671.626315,668.014794,664.464886,660.976710,657.550566,654.186825,650.884907,647.646014,644.469942,641.357081,638.307153,635.320718,632.397724,629.538917,626.744212,624.013810,621.348103,618.746928,616.210633,613.739410,611.333599,608.993982,606.719911,604.511733,602.369527,600.293942,598.284921,596.343118,594.468051,592.660267,590.919816,589.247141,587.642537,586.106052,584.637827,583.238148,581.907377,580.645323,579.452429,578.328669,577.274417,576.289575,575.374804,574.530146,573.755637,573.051544,572.418316,571.855947,571.364611,570.944329,570.595583,570.318758,570.113659,569.980610,569.919748,569.931348,570.015482,570.172310,570.402190,570.705042,571.081270,571.530807,572.054089,572.651279,573.322717,574.068292,574.888006,575.782272,576.751865,577.795919,578.915130,580.109747,581.379689,582.725176,584.146662,585.643818,587.217219,588.866827,590.592969,592.395665,594.275154,596.231688,598.265276,600.376160,602.564443,604.830032,607.173540,609.594823,612.094410,614.672114,617.328267,620.062782,622.876071,625.767930,628.738691,631.788806,634.918055,638.126646,641.414860,644.782616,648.230207,651.757927,655.365718,659.053818,662.822189,666.671156,670.600746,674.611180,678.702787,682.875077,687.128641,691.463374,695.879590,700.377328,704.957096,709.618444,714.361484,719.186935,724.094290,729.083977,734.155969,739.310462,744.547560,749.867762,755.270645,760.756491,766.325343,771.977535,777.712755,783.531269,789.433575,795.419330,801.488998,807.642344,813.879541,820.201016,826.606520,833.096080,839.670071,846.328335,853.071188,859.898915,866.810940,873.807763,880.889471,888.056162,895.307803,902.644553,910.066345,917.573878,925.166682,932.844654,940.608142,948.457116,956.392156,964.412690,972.519042,980.711391,988.989696,997.353789,1005.803889,1014.340220,1022.962660,1031.671448,1040.467047,1049.348812,1058.316725,1067.371535,1076.512905,1085.740583,1095.055278,1104.456528,1113.944441,1123.519264,1133.181015,1142.929669,1152.765320,1162.688070,1172.698086,1182.795119,1192.979403,1203.250740,1213.609432,1224.055350,1234.588588,1245.209242,1255.917187,1266.713204,1277.596159,1288.566730,1299.624808,1310.770640,1322.003897
3639.870644,3626.790044,3613.718350,3600.656067,3587.601907,3574.557952,3561.523520,3548.498110,3535.482664,3522.477025,3509.481022,3496.495038,3483.518523,3470.552517,3457.596721,3444.650860,3431.715664,3418.790656,3405.876443,3392.972683,3380.079716,3367.197704,3354.326621,3341.466566,3328.617502,3315.779166,3302.952347,3290.136729,3277.333324,3264.541549,3251.760814,3238.992109,3226.234828,3213.490616,3200.758615,3188.038543,3175.330816,3162.635098,3149.952650,3137.282773,3124.625755,3111.981615,3099.350498,3086.731652,3074.126738,3061.535277,3048.957050,3036.392533,3023.841726,3011.303966,2998.780626,2986.271393,2973.776202,2961.295209,2948.828326,2936.376306,2923.938900,2911.515908,2899.107955,2886.714885,2874.336484,2861.973370,2849.625626,2837.293214,2824.976534,2812.674743,2800.389570,2788.120178,2775.866717,2763.629285,2751.408328,2739.203262,2727.014747,2714.842917,2702.688198,2690.550145,2678.428815,2666.324877,2654.238176,2642.169168,2630.117598,2618.083364,2606.066915,2594.068314,2582.088095,2570.126039,2558.182281,2546.256952,2534.349516,2522.461440,2510.591981,2498.741506,2486.910353,2475.098064,2463.305282,2451.532145,2439.778632,2428.044670,2416.330884,2404.637328,2392.963618,2381.310134,2369.677576,2358.065609,2346.474201,2334.903811,2323.354592,2311.826584,2300.319678,2288.834544,2277.371193,2265.929678,2254.509575,2243.112075,2231.736641,2220.383568,2209.053300,2197.745619,2186.460429,2175.198218,2163.959662,2152.744412,2141.552497,2130.384186,2119.239488,2108.118931,2097.022004,2085.949162,2074.901202,2063.877773,2052.879263,2041.904985,2030.955825,2020.032142,2009.133849,1998.261250,1987.414136,1976.592784,1965.797792,1955.028628,1944.286079,1933.570008,1922.880600,1912.218107,1901.582624,1890.974220,1880.393042,1869.839680,1859.313585,1848.815582,1838.345399,1827.903222,1817.489695,1807.104847,1796.748672,1786.421512,1776.122824,1765.853700,1755.614422,1745.404637,1735.224722,1725.074896,1714.954376,1704.864722,1694.805329,1684.776555,1674.778502,1664.811924,1654.876356,1644.972032,1635.099602,1625.258785,1615.450111,1605.673560,1595.929240,1586.217233,1576.537909,1566.891556,1557.278402,1547.698406,1538.151923,1528.639024,1519.159836,1509.714819,1500.304048,1490.927586,1481.585425,1472.278538,1463.006233,1453.769135,1444.567707,1435.401679,1426.271198,1417.176816,1408.118635,1399.096999,1390.111996,1381.163708,1372.252094,1363.377797,1354.540390,1345.740996,1336.979139,1328.254749,1319.569024,1310.921406,1302.312359,1293.742332,1285.210889,1276.718633,1268.265025,1259.851857,1251.478351,1243.144845,1234.851344,1226.599076,1218.386800,1210.215138,1202.084722,1193.995301,1185.947119,1177.940610,1169.976589,1162.054100,1154.174062,1146.336370,1138.541323,1130.789629,1123.080934,1115.415674,1107.793724,1100.215375,1092.680745,1085.189644,1077.742955,1070.342663,1062.986889,1055.675869,1048.410423,1041.122594,1034.015995,1026.887395,1019.805219,1012.769810,1005.780391,998.837744,991.942489,985.092925,978.292622,971.538972,964.835229,958.178426,951.568998,945.007373,938.494503,932.029233,925.616979,919.252872,912.940433,906.676865,900.464019,894.299893,888.187475,882.125857,876.113110,870.149283,864.242515,858.388045,852.583854,846.832140,841.130893,835.483547,829.889438,824.349923,818.861952,813.426216,808.042208,802.712993,797.438329,792.217581,787.050931,781.939273,776.882168,771.879788,766.933397,762.043086,757.208193,752.429926,747.707591,743.042363,738.433661,733.882183,729.388134,724.951117,720.571261,716.249782,711.986448,707.781847,703.635258,699.547454,695.518763,691.548879,687.638532,683.788196,679.997100,676.266676,672.595905,668.985928,665.436646,661.948389,658.521268,655.155855,651.852043,648.609658,645.429839,642.312133,639.257017,636.264568,633.334952,630.468137,627.665010,624.925438,622.249520,619.637763,617.090279,614.606993,612.187999,609.834134,607.545982,605.322493,603.164424,601.071854,599.045563,597.085079,595.191324,593.363746,591.602768,589.908844,588.282020,586.722833,585.231019,583.807043,582.451005,581.163560,579.943875,578.793168,577.710922,576.697591,575.753168,574.878278,574.072994,573.337355,572.671475,572.075992,571.550764,571.096172,570.711940,570.398861,570.157127,569.986555,569.887520,569.860274,569.904734,570.021274,570.209932,570.471180,570.804844,571.211358,571.690683,572.243213,572.869159,573.568768,574.342014,575.188894,576.110134,577.105509,578.175163,579.319454,580.538636,581.832624,583.201793,584.646157,586.165823,587.761220,589.432295,591.179436,593.002618,594.902053,596.878045,598.930586,601.059919,603.266037,605.549166,607.909579,610.347368,612.862907,615.456266,618.127178,620.876159,623.703421,626.608666,629.592519,632.655139,635.796339,639.016528,642.315791,645.694112,649.151819,652.689110,656.306026,660.002774,663.779317,667.636028,671.572914,675.589983,679.687875,683.865963,688.124881,692.464507,696.885141,701.386835,705.970098,710.634472,715.380098,720.207670,725.116690,730.107590,735.180343,740.335146,745.572106,750.891724,756.293713,761.777992,767.344884,772.994720,778.727144,784.542541,790.441063,796.422716,802.487849,808.636229,814.868032,821.183685,827.582941,834.065829,840.632726,847.283475,854.018394,860.837807,867.741028,874.728695,881.800785,888.957473,896.198649,903.524608,910.935200,918.431105,926.011879,933.677539,941.428079,949.264020,957.185268,965.191810,973.283714,981.461268,989.724390,998.072913,1006.507059,1015.027052,1023.632774,1032.324464,1041.102588,1049.966502,1058.916190,1067.952402,1077.074804,1086.283145,1095.578136,1104.959316,1114.426796,1123.980823,1133.621418,1143.348558,1153.162338,1163.062863,1173.050301,1183.124403,1193.285408,1203.533117,1213.867834,1224.289434,1234.798011,1245.393662,1256.076265,1266.846603,1277.703543,1288.647765,1299.679161,1310.797981,1322.003897
3598.017041,3585.108005,3572.207636,3559.316504,3546.434237,3533.560607,3520.696988,3507.842757,3494.997730,3482.162205,3469.336572,3456.520647,3443.713920,3430.917607,3418.131293,3405.354896,3392.588962,3379.833132,3367.087816,3354.352863,3341.628514,3328.914815,3316.212000,3303.520042,3290.838886,3278.168307,3265.509517,3252.861024,3240.224700,3227.599975,3214.986560,3202.384277,3189.793511,3177.215453,3164.649532,3152.095422,3139.553803,3127.024395,3114.506694,3102.001707,3089.509731,3077.030485,3064.563910,3052.109957,3039.669226,3027.241398,3014.827262,3002.426424,2990.038749,2977.664485,2965.304060,2952.957582,2940.625074,2928.306364,2916.001724,2903.711833,2891.435986,2879.174750,2866.927751,2854.696015,2842.478449,2830.276151,2818.088744,2805.916659,2793.759718,2781.618157,2769.492357,2757.382230,2745.287879,2733.209385,2721.147071,2709.100581,2697.070180,2685.056182,2673.059166,2661.078783,2649.114632,2637.167542,2625.237678,2613.324898,2601.429646,2589.551788,2577.691003,2565.848014,2554.022704,2542.215646,2530.426623,2518.655658,2506.902642,2495.168465,2483.452768,2471.755731,2460.077679,2448.418460,2436.778161,2425.157417,2413.556011,2401.974099,2390.411684,2378.869352,2367.346700,2355.844138,2344.361857,2332.900108,2321.458615,2310.037935,2298.637801,2287.258867,2275.900858,2264.563921,2253.248765,2241.955117,2230.682591,2219.432368,2208.203982,2196.997386,2185.813629,2174.652025,2163.512878,2152.396169,2141.302464,2130.231938,2119.184691,2108.160523,2097.160031,2086.182456,2075.229362,2064.299656,2053.394044,2042.512874,2031.656405,2020.824083,2010.016531,1999.233417,1988.475934,1977.743537,1967.036652,1956.355007,1945.699138,1935.068998,1924.465214,1913.887643,1903.335996,1892.811204,1882.313162,1871.841523,1861.397042,1850.979949,1840.589773,1830.227308,1819.892318,1809.585135,1799.306003,1789.055355,1778.833084,1768.638920,1758.473517,1748.337136,1738.230117,1728.152277,1718.103935,1708.085341,1698.095666,1688.136523,1678.206997,1668.308034,1658.439595,1648.601646,1638.794455,1629.018459,1619.273821,1609.560361,1599.878640,1590.228780,1580.610452,1571.024387,1561.470516,1551.949147,1542.460672,1533.004984,1523.582324,1514.192929,1504.836672,1495.514398,1486.225687,1476.971044,1467.750493,1458.564302,1449.412704,1440.295665,1431.213926,1422.167125,1413.155607,1404.179701,1395.239444,1386.335454,1377.467492,1368.635977,1359.840658,1351.082231,1342.360350,1333.675970,1325.028708,1316.418444,1307.846431,1299.312063,1290.815834,1282.358183,1273.938672,1265.557743,1257.215336,1248.912980,1240.649397,1232.425562,1224.241293,1216.097662,1207.993844,1199.930002,1191.906852,1183.924347,1175.982688,1168.082289,1160.223951,1152.406600,1144.631020,1136.897291,1129.206173,1121.557706,1113.951744,1106.388667,1098.868297,1091.390836,1083.957429,1076.565557,1069.220339,1061.919390,1054.662517,1047.449976,1040.282404,1033.159594,1026.082385,1019.050257,1012.064123,1005.124006,998.229579,991.381443,984.580223,977.822244,971.112490,964.456998,957.844021,951.278808,944.737678,938.288996,931.865862,925.490467,919.167828,912.893740,906.667742,900.491810,894.365490,888.287912,882.260814,876.285652,870.357646,864.479001,858.654363,852.883041,847.163523,841.492485,835.873785,830.308535,824.794705,819.335323,813.926603,808.570023,803.264547,798.013905,792.816717,787.673180,782.582894,777.547372,772.565963,767.638460,762.766602,757.950202,753.188619,748.483297,743.833682,739.240109,734.702698,730.221978,725.798084,721.430743,717.119959,712.867178,708.672145,704.534963,700.455421,696.433914,692.471320,688.566770,684.721326,680.935274,677.208059,673.540745,669.932617,666.384840,662.897321,659.470198,656.103667,652.798326,649.553779,646.370398,643.249013,640.189215,637.191360,634.255845,631.382280,628.571209,625.823257,623.138200,620.516385,617.958148,615.463695,613.032672,610.665763,608.363257,606.125957,603.952676,601.844123,599.801087,597.823382,595.911089,594.064857,592.284319,590.569753,588.921855,587.340481,585.826180,584.378688,582.998683,581.685782,580.441056,579.263641,578.154462,577.113327,576.140739,575.236252,574.400969,573.634662,572.937412,572.309553,571.751440,571.263193,570.844729,570.496403,570.218768,570.011589,569.875290,569.809998,569.815729,569.892887,570.041534,570.261827,570.554095,570.918263,571.354805,571.863620,572.445185,573.099516,573.827181,574.627710,575.501434,576.449191,577.470310,578.565350,579.734622,580.977981,582.295806,583.688255,585.155411,586.697348,588.314444,590.006863,591.774766,593.618205,595.537327,597.532641,599.603930,601.751515,603.975384,606.275768,608.652975,611.107033,613.638337,616.246878,618.932631,621.695906,624.536974,627.455507,630.452252,633.527173,636.680247,639.911823,643.221971,646.610714,650.078410,653.625113,657.251015,660.956275,664.740898,668.605135,672.549118,676.573058,680.676912,684.860651,689.124941,693.469192,697.894132,702.399729,706.986322,711.653636,716.401925,721.231301,726.141914,731.133922,736.207328,741.362364,746.599245,751.918042,757.318917,762.801638,768.366533,774.014012,779.743563,785.555600,791.450354,797.427833,803.488362,809.631709,815.858060,822.167845,828.560766,835.036921,841.596578,848.239842,854.966865,861.777781,868.672183,875.650619,882.713068,889.859705,897.090423,904.405518,911.804842,919.289078,926.857782,934.510972,942.248647,950.071326,957.978918,965.971443,974.048967,982.211608,990.459517,998.792442,1007.210605,1015.714236,1024.303214,1032.978003,1041.738409,1050.584450,1059.515891,1068.533486,1077.636901,1086.825887,1096.101158,1105.462251,1114.909283,1124.442501,1134.061927,1143.767541,1153.559439,1163.437728,1173.402577,1183.453740,1193.591457,1203.815531,1214.126267,1224.523542,1235.007452,1245.578097,1256.235355,1266.980010,1277.810932,1288.728802,1299.733516,1310.825323,1322.003897
3556.706159,3543.966345,3531.234981,3518.512615,3505.798968,3493.093726,3480.398454,3467.712380,3455.035608,3442.367896,3429.709973,3417.061527,3404.422351,3391.793366,3379.174277,3366.564731,3353.965605,3341.376375,3328.797482,3316.229002,3303.670748,3291.122993,3278.585893,3266.059679,3253.544028,3241.038790,3228.545167,3216.061957,3203.590300,3191.130247,3178.681308,3166.243590,3153.816547,3141.402608,3129.000323,3116.609800,3104.231479,3091.865293,3079.511322,3067.169058,3054.839374,3042.522590,3030.218258,3017.926392,3005.647790,2993.381827,2981.129031,2968.889575,2956.663089,2944.449451,2932.249893,2920.063940,2907.891665,2895.733459,2883.588471,2871.457912,2859.341777,2847.239807,2835.152223,2823.078791,2811.019954,2798.976414,2786.947322,2774.932889,2762.933737,2750.950101,2738.981470,2727.028248,2715.090871,2703.168974,2691.262843,2679.372851,2667.498652,2655.640213,2643.798721,2631.973628,2620.164662,2608.372339,2596.597053,2584.838559,2573.097333,2561.373235,2549.666267,2537.976874,2526.304410,2514.650202,2503.013806,2491.395211,2479.794316,2468.212078,2456.648027,2445.102294,2433.575400,2422.066637,2410.577215,2399.106722,2387.655384,2376.223406,2364.810663,2353.417212,2342.043536,2330.689977,2319.356226,2308.042110,2296.748642,2285.475636,2274.222945,2262.990521,2251.779668,2240.589171,2229.420131,2218.272003,2207.145467,2196.040563,2184.957358,2173.895661,2162.855892,2151.838566,2140.843308,2129.870347,2118.919947,2107.992059,2097.087452,2086.205619,2075.347163,2064.511422,2053.699319,2042.910865,2032.146621,2021.405714,2010.688978,1999.996667,1989.328725,1978.684494,1968.065973,1957.472292,1946.903514,1936.359983,1925.841808,1915.348766,1904.881706,1894.440606,1884.025319,1873.636401,1863.273873,1852.937286,1842.627954,1832.344884,1822.089222,1811.860736,1801.658903,1791.485176,1781.339097,1771.220693,1761.130542,1751.068006,1741.034141,1731.028712,1721.052134,1711.104698,1701.186297,1691.296922,1681.436942,1671.606398,1661.805571,1652.034574,1642.293793,1632.583250,1622.902870,1613.253520,1603.634993,1594.047401,1584.491152,1574.966145,1565.472587,1556.010651,1546.580789,1537.183048,1527.817691,1518.484877,1509.184340,1499.916882,1490.682147,1481.481017,1472.312982,1463.178670,1454.078031,1445.011341,1435.978954,1426.980492,1418.017008,1409.088241,1400.194025,1391.335154,1382.511621,1373.723596,1364.971543,1356.255392,1347.575137,1338.931095,1330.323339,1321.752537,1313.218496,1304.721161,1296.261612,1287.839008,1279.454279,1271.107658,1262.798463,1254.528071,1246.295496,1238.102324,1229.947603,1221.832224,1213.755928,1205.719823,1197.723018,1189.765782,1181.848766,1173.971783,1166.135621,1158.340079,1150.586138,1142.872618,1135.200490,1127.569786,1119.981077,1112.434295,1104.930333,1097.468269,1090.048507,1082.670966,1075.337404,1068.044949,1060.798736,1053.596063,1046.436995,1039.321785,1032.251018,1025.224629,1018.243289,1011.306595,1004.415328,997.569683,990.769269,984.014556,977.306447,970.644178,964.027472,957.458628,950.937108,944.462252,938.033298,931.651864,925.317720,919.031617,912.795288,906.610082,900.471939,894.382869,888.341456,882.349969,876.407015,870.515622,864.671419,858.877806,853.137625,847.448030,841.810009,836.218178,830.682738,825.197855,819.764844,814.383876,809.053758,803.775138,798.547941,793.374863,788.254322,783.187168,778.172572,773.212538,768.305377,763.452569,758.654419,753.911218,749.222422,744.589138,740.011368,735.488863,731.022088,726.611545,722.257012,717.958569,713.716412,709.531500,705.403984,701.333548,697.320338,693.364860,689.467396,685.627689,681.846518,678.124120,674.460251,670.854909,667.309389,663.823106,660.396672,657.030032,653.723452,650.477600,647.291749,644.166943,641.103368,638.100895,635.159798,632.280519,629.462648,626.706712,624.013293,621.382416,618.814191,616.308924,613.866866,611.487840,609.172310,606.920791,604.733729,602.610361,600.551021,598.556783,596.627269,594.762658,592.963520,591.229535,589.561146,587.958758,586.422432,584.952549,583.549031,582.212341,580.942386,579.739971,578.604499,577.536526,576.536176,575.603619,574.738899,573.942772,573.214966,572.555888,571.965653,571.444601,570.992858,570.610281,570.297471,570.054822,569.882120,569.779709,569.747696,569.786311,569.895794,570.076245,570.327821,570.650830,571.045337,571.511605,572.049470,572.659827,573.342492,574.097650,574.925203,575.825643,576.799565,577.846294,578.966457,580.160257,581.427735,582.769135,584.184661,585.674242,587.238358,588.877006,590.590519,592.378924,594.242409,596.181242,598.195511,600.285245,602.450954,604.692270,607.009791,609.403570,611.873680,614.420608,617.044240,619.744603,622.522000,625.376589,628.308392,631.317831,634.404914,637.569694,640.812497,644.133393,647.532406,651.009873,654.565951,658.200672,661.914307,665.706837,669.578529,673.529476,677.559929,681.669800,685.859114,690.128517,694.477420,698.906553,703.415974,708.005759,712.675899,717.426559,722.257855,727.169960,732.162966,737.236946,742.392109,747.628675,752.946712,758.346386,763.827468,769.390285,775.035249,780.761851,786.570506,792.461445,798.434678,804.490605,810.628688,816.849606,823.153437,829.539991,836.009483,842.561877,849.197484,855.916414,862.718871,869.604403,876.573558,883.626397,890.762855,897.983069,905.287235,912.675270,920.147830,927.704389,935.345007,943.069843,950.879343,958.773127,966.751571,974.814626,982.962409,991.195075,999.512374,1007.914528,1016.401769,1024.973979,1033.631710,1042.374527,1051.202654,1060.116092,1069.114787,1078.199222,1087.368809,1096.624343,1105.965334,1115.391903,1124.904298,1134.502575,1144.186617,1153.956622,1163.812664,1173.755010,1183.783130,1193.897551,1204.097982,1214.384730,1224.757675,1235.216913,1245.762546,1256.394454,1267.113424,1277.918325,1288.809843,1299.787871,1310.852664,1322.003897
3515.929765,3503.355931,3490.791126,3478.234929,3465.687457,3453.148517,3440.619131,3428.098708,3415.587533,3403.085601,3390.593000,3378.109506,3365.635342,3353.170954,3340.716575,3328.272113,3315.837117,3303.412186,3290.997374,3278.592830,3266.198305,3253.814244,3241.440580,3229.077468,3216.724914,3204.382650,3192.051902,3179.731333,3167.422447,3155.124671,3142.837564,3130.561951,3118.297125,3106.044248,3093.803530,3081.574269,3069.356944,3057.151662,3044.958316,3032.777062,3020.607669,3008.450985,2996.306485,2984.174513,2972.055347,2959.949109,2947.855490,2935.774836,2923.707484,2911.652827,2899.611547,2887.583662,2875.569483,2863.568982,2851.581992,2839.608881,2827.649795,2815.704863,2803.774182,2791.857650,2779.955019,2768.067433,2756.194623,2744.336219,2732.492322,2720.664067,2708.850933,2697.052353,2685.269761,2673.502421,2661.750487,2650.014483,2638.294122,2626.589465,2614.901242,2603.229285,2591.573247,2579.933702,2568.310797,2556.704772,2545.115294,2533.542916,2521.987584,2510.449232,2498.928348,2487.424611,2475.938674,2464.469917,2453.019548,2441.587114,2430.172523,2418.776189,2407.398359,2396.038455,2384.697499,2373.375163,2362.071975,2350.787779,2339.522519,2328.276644,2317.049688,2305.842812,2294.655579,2283.487891,2272.340095,2261.212620,2250.105217,2239.018278,2227.951529,2216.906108,2205.881126,2194.876744,2183.894011,2172.932539,2161.992444,2151.073715,2140.176291,2129.301126,2118.447898,2107.616658,2096.807714,2086.020859,2075.256745,2064.515611,2053.797148,2043.101456,2032.429079,2021.779884,2011.154316,2000.552618,1989.973527,1979.419488,1968.889230,1958.382825,1947.900897,1937.444048,1927.011721,1916.604486,1906.221931,1895.864740,1885.532448,1875.226117,1864.945572,1854.690730,1844.461772,1834.258877,1824.082652,1813.932451,1803.809201,1793.712562,1783.642935,1773.600602,1763.585636,1753.597952,1743.637929,1733.705816,1723.801675,1713.925679,1704.078054,1694.259260,1684.469160,1674.707747,1664.975407,1655.271909,1645.597947,1635.953565,1626.339143,1616.753990,1607.199140,1597.674759,1588.180917,1578.717671,1569.285179,1559.883617,1550.513194,1541.174026,1531.866573,1522.590949,1513.347199,1504.135605,1494.955900,1485.808882,1476.694200,1467.612726,1458.564091,1449.548676,1440.566371,1431.617729,1422.703000,1413.821805,1404.975184,1396.162868,1387.384711,1378.641668,1369.933186,1361.259983,1352.622209,1344.020188,1335.453535,1326.922616,1318.427624,1309.969025,1301.547014,1293.161154,1284.812659,1276.500809,1268.226270,1259.989228,1251.789374,1243.627750,1235.503743,1227.418677,1219.371731,1211.363450,1203.393867,1195.464064,1187.572863,1179.721247,1171.909137,1164.136847,1156.404636,1148.712749,1141.061528,1133.451059,1125.881303,1118.352451,1110.864913,1103.419210,1096.015547,1088.653242,1081.332578,1074.054878,1066.818413,1059.625687,1052.477135,1045.371654,1038.309309,1031.290355,1024.315499,1017.384243,1010.497798,1003.655318,996.858147,990.105684,983.398233,976.735994,970.120126,963.549064,957.024118,950.545830,944.113847,937.728298,931.388353,925.094738,918.849067,912.649863,906.504010,900.399955,894.351659,888.347406,882.391708,876.484240,870.627483,864.817084,859.056121,853.346579,847.688824,842.080597,836.524002,831.012769,825.556793,820.151185,814.797289,809.495164,804.243129,799.041990,793.892093,788.795444,783.750947,778.758976,773.819784,768.934206,764.100973,759.321805,754.596617,749.925895,745.309373,740.747079,736.240356,731.788114,727.391280,723.050094,718.764607,714.534346,710.359926,706.242355,702.181715,698.177328,694.229792,690.339550,686.506680,682.731209,679.013631,675.354235,671.753018,668.209640,664.725670,661.300255,657.934370,654.627648,651.380311,648.193472,645.065872,641.999064,638.992677,636.047047,633.162055,630.338237,627.575651,624.874483,622.235175,619.657847,617.142886,614.689915,612.299802,609.972195,607.707615,605.506870,603.369358,601.295328,599.284920,597.338855,595.456841,593.639689,591.887241,590.199292,588.576665,587.019355,585.527635,584.101801,582.741809,581.448108,580.220769,579.060110,577.966105,576.939026,575.979030,575.086131,574.260967,573.503590,572.814041,572.192612,571.639693,571.155270,570.739709,570.392848,570.115170,569.907038,569.768524,569.699688,569.700737,569.771995,569.913342,570.125337,570.407997,570.761366,571.185842,571.681365,572.248347,572.887033,573.597691,574.380210,575.234682,576.161461,577.161290,578.233374,579.378389,580.596535,581.887815,583.252567,584.690954,586.202867,587.788814,589.448792,591.183130,592.991875,594.875196,596.833393,598.866481,600.974572,603.158133,605.416814,607.751209,610.161372,612.647502,615.209720,617.848271,620.563071,623.354525,626.222480,629.167283,632.189245,635.288332,638.464622,641.718540,645.049911,648.459061,651.946292,655.511551,659.154981,662.876858,666.677205,670.556161,674.513950,678.550759,682.666559,686.861340,691.135740,695.489241,699.922395,704.435444,709.028402,713.701210,718.454242,723.287364,728.200773,733.194716,738.269175,743.424444,748.660536,753.977727,759.376117,764.855476,770.416134,776.058476,781.782082,787.587283,793.474331,799.443249,805.494433,811.627349,817.842676,824.140494,830.520615,836.983255,843.528379,850.156315,856.867254,863.661077,870.537734,877.497509,884.540571,891.666922,898.876550,906.169801,913.546555,921.007290,928.551780,936.179745,943.891666,951.687834,959.567893,967.532223,975.580898,983.713672,991.931066,1000.232709,1008.618827,1017.089652,1025.645069,1034.285729,1043.010904,1051.821123,1060.716266,1069.696304,1078.761715,1087.911912,1097.147691,1106.468565,1115.874655,1125.366213,1134.943296,1144.605787,1154.353887,1164.187671,1174.107409,1184.112573,1194.203689,1204.380470,1214.643224,1224.991832,1235.426393,1245.947010,1256.553564,1267.246845,1278.025723,1288.890885,1299.842228,1310.880007,1322.003897
3475.677736,3463.268514,3450.867786,3438.475330,3426.091514,3413.715956,3401.350065,3388.993091,3376.645304,3364.306353,3351.976679,3339.656289,3327.344550,3315.042818,3302.750783,3290.468132,3278.195172,3265.932140,3253.679325,3241.436371,3229.203334,3216.980545,3204.768098,3192.566074,3180.373999,3168.192386,3156.022054,3143.861779,3131.713054,3119.575347,3107.448369,3095.332122,3083.226777,3071.133772,3059.051804,3046.981404,3034.923017,3022.876368,3010.841391,2998.818424,2986.807602,2974.808360,2962.821937,2950.847398,2938.885565,2926.936455,2915.000079,2903.076129,2891.164998,2879.267016,2867.382209,2855.510789,2843.652137,2831.807109,2819.975563,2808.158026,2796.353670,2784.563745,2772.787721,2761.025602,2749.277114,2737.543848,2725.824736,2714.120125,2702.429757,2690.754526,2679.094426,2667.449094,2655.818503,2644.203741,2632.604033,2621.020064,2609.451233,2597.898230,2586.361264,2574.839919,2563.335111,2551.846149,2540.373717,2528.917768,2517.478453,2506.055600,2494.649673,2483.260776,2471.888683,2460.533566,2449.196292,2437.875810,2426.573379,2415.288735,2404.021761,2392.772810,2381.541639,2370.328825,2359.134422,2347.958464,2336.801161,2325.662751,2314.543215,2303.442420,2292.360638,2281.298379,2270.255669,2259.232265,2248.228709,2237.244423,2226.280589,2215.336817,2204.413097,2193.510017,2182.627585,2171.765273,2160.924224,2150.104262,2139.305398,2128.527762,2117.770928,2107.036138,2096.322817,2085.631520,2074.962098,2064.314936,2053.689352,2043.086807,2032.506488,2021.949110,2011.414216,2000.902710,1990.414431,1979.949385,1969.506906,1959.089109,1948.694652,1938.324079,1927.977589,1917.655451,1907.358109,1897.085045,1886.836779,1876.613227,1866.414459,1856.241029,1846.093335,1835.970806,1825.873823,1815.803052,1805.757800,1795.739038,1785.746716,1775.780351,1765.841231,1755.928555,1746.043059,1736.184572,1726.353273,1716.549609,1706.773698,1697.025487,1687.305249,1677.613375,1667.949818,1658.314908,1648.708163,1639.130479,1629.582119,1620.062820,1610.572665,1601.111837,1591.680835,1582.280037,1572.909134,1563.568719,1554.258306,1544.978998,1535.730198,1526.512250,1517.325794,1508.170705,1499.047136,1489.955257,1480.895036,1471.866866,1462.870808,1453.907551,1444.976770,1436.078754,1427.213517,1418.381674,1409.583048,1400.817853,1392.086681,1383.389312,1374.725869,1366.097190,1357.502461,1348.942629,1340.418010,1331.928642,1323.474276,1315.055007,1306.671536,1298.324024,1290.012453,1281.737031,1273.498194,1265.295544,1257.130009,1249.001529,1240.909851,1232.855611,1224.839012,1216.860744,1208.920200,1201.017735,1193.153795,1185.328911,1177.542463,1169.795053,1162.086527,1154.417858,1146.788434,1139.199023,1131.649872,1124.140655,1116.672193,1109.243918,1101.856662,1094.510802,1087.206214,1079.942556,1072.720381,1065.540499,1058.401484,1051.306486,1044.254513,1037.245166,1030.278479,1023.354706,1016.474596,1009.637636,1002.798979,996.095686,989.391464,982.731498,976.115999,969.545192,963.020152,956.539751,950.104824,943.715601,937.372692,931.075950,924.824072,918.618511,912.458271,906.348643,900.287631,894.273233,888.306717,882.387215,876.512503,870.692051,864.916416,859.191250,853.510935,847.883411,842.308268,836.779728,831.303528,825.872454,820.496077,815.168155,809.893479,804.668633,799.494107,794.369268,789.296197,784.275020,779.305829,774.388480,769.523844,764.711915,759.951618,755.245320,750.592609,745.993433,741.448526,736.956861,732.520309,728.137803,723.810037,719.537595,715.320308,711.157241,707.050320,702.999305,699.004787,695.066035,691.183366,687.358089,683.588779,679.876839,676.222362,672.625349,669.086180,665.604267,662.181185,658.816151,655.509973,652.262734,649.074154,645.945565,642.875877,639.866299,636.916631,634.027094,631.198038,628.429257,625.721051,623.074175,620.488438,617.964169,615.501845,613.101019,610.761930,608.485492,606.271481,604.120676,602.032544,600.007404,598.045345,596.147096,594.312419,592.542063,590.835723,589.193590,587.616187,586.103561,584.656002,583.273753,581.956954,580.705824,579.520730,578.401452,577.348573,576.361908,575.441959,574.588484,573.802252,573.083302,572.431651,571.847646,571.331576,570.883506,570.503783,570.192215,569.949344,569.775541,569.670774,569.635199,569.668990,569.772505,569.945596,570.188732,570.502091,570.885640,571.339774,571.864470,572.460129,573.126933,573.865297,574.674902,575.555899,576.508841,577.534326,578.631502,579.801123,581.043430,582.358403,583.746256,585.207103,586.741160,588.348676,590.029797,591.784761,593.613619,595.516531,597.493863,599.545594,601.671972,603.873108,606.148914,608.500010,610.926260,613.428201,616.005650,618.658948,621.388013,624.193266,627.074510,630.032086,633.066449,636.177389,639.365122,642.629936,645.971757,649.390886,652.887627,656.461926,660.114041,663.843913,667.651902,671.538036,675.502541,679.545606,683.667202,687.867320,692.146601,696.504526,700.941651,705.458281,710.054258,714.729666,719.484866,724.319708,729.234392,734.229165,739.304011,744.459226,749.694854,755.011084,760.408105,765.885658,771.444113,777.083749,782.804252,788.605921,794.488979,800.453541,806.499915,812.627595,818.837255,825.129009,831.502635,837.958362,844.496136,851.116354,857.819138,864.604397,871.472079,878.422478,885.455747,892.571905,899.770938,907.053194,914.418701,921.867493,929.399794,937.015173,944.714117,952.496915,960.363215,968.313398,976.347540,984.465395,992.667487,1000.953447,1009.323502,1017.777886,1026.316484,1034.939957,1043.647560,1052.439841,1061.316676,1070.278037,1079.324405,1088.455194,1097.671202,1106.971943,1116.357541,1125.828247,1135.384121,1145.025050,1154.751234,1164.562849,1174.459871,1184.442068,1194.509773,1204.662995,1214.901748,1225.226014,1235.635892,1246.131488,1256.712685,1267.380273,1278.133126,1288.971931,1299.896586,1310.907349,1322.003897
3435.942280,3423.694788,3411.455616,3399.224876,3387.002329,3374.788146,3362.583404,3350.387430,3338.200264,3326.022142,3313.853066,3301.693120,3289.542016,3277.400345,3265.268339,3253.145716,3241.032511,3228.928823,3216.835315,3204.751644,3192.677753,3180.614207,3168.560649,3156.517309,3144.484017,3132.460611,3120.448356,3108.446077,3096.455251,3084.475175,3072.505775,3060.547312,3048.598924,3036.663002,3024.738352,3012.824422,3000.922614,2989.032221,2977.153641,2965.286612,2953.431681,2941.588661,2929.757238,2917.938208,2906.131757,2894.337388,2882.555788,2870.786591,2859.030088,2847.285983,2835.555430,2823.837891,2812.133414,2800.442046,2788.763344,2777.098772,2765.447735,2753.810219,2742.186726,2730.577107,2718.981189,2707.399377,2695.831789,2684.278852,2672.740121,2661.215691,2649.706416,2638.211966,2626.731995,2615.267435,2603.817819,2592.383751,2580.964398,2569.561132,2558.173406,2546.800897,2535.444690,2524.104540,2512.780560,2501.472604,2490.181183,2478.905990,2467.647586,2456.405898,2445.180731,2433.972617,2422.781392,2411.607369,2400.451065,2389.312085,2378.190731,2367.087101,2356.000768,2344.932923,2333.883222,2322.851681,2311.838414,2300.843836,2289.867818,2278.910225,2267.971902,2257.052484,2246.152026,2235.271187,2224.409723,2213.567635,2202.744807,2191.942353,2181.159642,2170.397237,2159.654849,2148.933276,2138.232200,2127.551797,2116.892309,2106.253676,2095.635968,2085.039334,2074.464553,2063.911249,2053.379502,2042.869601,2032.381753,2021.915650,2011.471840,2001.050632,1990.651821,1980.276086,1969.923110,1959.592744,1949.286111,1939.001901,1928.741933,1918.505557,1908.292415,1898.103612,1887.938965,1877.798888,1867.682796,1857.591286,1847.524232,1837.482279,1827.465637,1817.473934,1807.507371,1797.566665,1787.651309,1777.762094,1767.898611,1758.061475,1748.250760,1738.466267,1728.708586,1718.977456,1709.273270,1699.596744,1689.947552,1680.325277,1670.731001,1661.164384,1651.626060,1642.115820,1632.633854,1623.180068,1613.755456,1604.359534,1594.992271,1585.654537,1576.345647,1567.066812,1557.817526,1548.598162,1539.408849,1530.249847,1521.121304,1512.023203,1502.956153,1493.920203,1484.915306,1475.941762,1466.999524,1458.088863,1449.210070,1440.363531,1431.549171,1422.767328,1414.017618,1405.301124,1396.617285,1387.966743,1379.349517,1370.765859,1362.215869,1353.699975,1345.217780,1336.770080,1328.357061,1319.979157,1311.635720,1303.327037,1295.053610,1286.815871,1278.613528,1270.447050,1262.316484,1254.222136,1246.164255,1238.142921,1230.158144,1222.210037,1214.299783,1206.427056,1198.591664,1190.793901,1183.034572,1175.313260,1167.630199,1159.985836,1152.380014,1144.813133,1137.285760,1129.797636,1122.349294,1114.940479,1107.571902,1100.243232,1092.954820,1085.707896,1078.501427,1071.335189,1064.210654,1057.126488,1050.085353,1043.086357,1036.129862,1029.215575,1022.343492,1015.513902,1008.727273,1001.990530,995.283759,988.626711,982.014345,975.445691,968.921406,962.441042,956.004801,949.615108,943.269140,936.968910,930.713781,924.488646,918.339786,912.220531,906.147323,900.124073,894.144357,888.218483,882.337309,876.494664,870.711951,864.971667,859.278622,853.633833,848.036141,842.489472,836.993769,831.547428,826.148352,820.797101,815.498851,810.248518,805.052319,799.903755,794.805655,789.756986,784.759578,779.813323,774.918647,770.075333,765.284191,760.545301,755.857283,751.223008,746.641775,742.113854,737.639264,733.217892,728.850706,724.537421,720.277891,716.073563,711.923680,707.827663,703.787170,699.802024,695.873025,691.999222,688.180999,684.419604,680.713649,677.064573,673.472442,669.937358,666.459430,663.038444,659.675172,656.370313,653.123479,649.934894,646.804748,643.733640,640.721230,637.768467,634.875024,632.041158,629.267181,626.553116,623.899006,621.305730,618.773063,616.301257,613.891092,611.541733,609.253709,607.027745,604.863701,602.762536,600.723078,598.746233,596.832121,594.981313,593.193526,591.469541,589.809021,588.212189,586.679488,585.211114,583.807395,582.468376,581.194290,579.985354,578.841958,577.763779,576.751674,575.805107,574.924705,574.110356,573.362698,572.681833,572.067765,571.520727,571.041208,570.629239,570.284755,570.008262,569.800054,569.660136,569.588802,569.586165,569.652467,569.787828,569.992429,570.266429,570.610150,571.023624,571.507095,572.060636,572.684771,573.379411,574.145159,574.981601,575.888942,576.868064,577.918539,579.040630,580.234719,581.500783,582.839143,584.249839,585.733085,587.289004,588.917957,590.619919,592.395284,594.244052,596.166382,598.162644,600.232817,602.377150,604.595641,606.888524,609.256078,611.698401,614.215876,616.808418,619.476248,622.219405,625.038274,627.932623,630.902896,633.949449,637.072038,640.271080,643.546667,646.898791,650.327788,653.833862,657.417063,661.077605,664.815459,668.631006,672.524143,676.495238,680.544588,684.671707,688.877036,693.160964,697.523330,701.964358,706.484482,711.083436,715.761190,720.518527,725.354940,730.270798,735.266306,740.341448,745.496518,750.731615,756.046775,761.442343,766.918032,772.474329,778.111033,783.828358,789.626421,795.505446,801.465552,807.507046,813.629425,819.833508,826.118979,832.486048,838.934804,845.465191,852.077611,858.772201,865.548827,872.407484,879.348451,886.371884,893.477886,900.666241,907.937411,915.291480,922.728438,930.248509,937.851265,945.537194,953.306588,961.159094,969.095097,977.114673,985.217579,993.404340,1001.674588,1010.028552,1018.466468,1026.988223,1035.594479,1044.284493,1053.058814,1061.917321,1070.860107,1079.887293,1088.998656,1098.194876,1107.475469,1116.840547,1126.290399,1135.825053,1145.444336,1155.148743,1164.938059,1174.812394,1184.771616,1194.816000,1204.945557,1215.160303,1225.460220,1235.845410,1246.315981,1256.871816,1267.513709,1278.240533,1289.052979,1299.950945,1310.934692,1322.003897
3396.714407,3384.626498,3372.546824,3360.475328,3348.411950,3336.356492,3324.310601,3312.273359,3300.244863,3288.225190,3276.214382,3264.212583,3252.219421,3240.235777,3228.261389,3216.296592,3204.340862,3192.394654,3180.458331,3168.531471,3156.614478,3144.707530,3132.810572,3120.923682,3109.046939,3097.179851,3085.323494,3073.477158,3061.641827,3049.817310,3038.003175,3026.199849,3014.406775,3002.625443,2990.855587,2979.096617,2967.348802,2955.612758,2943.888237,2932.175084,2920.473895,2908.784299,2897.106716,2885.440472,2873.787075,2862.145825,2850.516730,2838.900107,2827.295694,2815.703845,2804.125248,2792.559367,2781.006536,2769.466740,2757.939624,2746.425997,2734.925473,2723.438706,2711.965465,2700.505768,2689.060224,2677.628653,2666.210638,2654.806865,2643.417429,2632.042467,2620.681698,2609.335749,2598.004699,2586.688070,2575.386515,2564.099986,2552.828573,2541.572753,2530.332364,2519.106777,2507.897239,2496.703651,2485.526068,2474.364315,2463.218702,2452.089338,2440.976246,2429.879790,2418.799933,2407.736497,2396.689437,2385.659776,2374.647637,2363.652573,2352.674919,2341.714681,2330.771589,2319.846492,2308.939402,2298.050352,2287.179480,2276.326701,2265.492306,2254.676322,2243.879054,2233.100571,2222.340812,2211.600442,2200.879226,2190.177161,2179.494234,2168.830833,2158.187489,2147.563985,2136.959999,2126.376679,2115.813962,2105.271377,2094.749354,2084.248021,2073.767481,2063.307466,2052.869165,2042.451999,2032.056112,2021.681912,2011.329515,2000.998365,1990.689523,1980.402583,1970.138227,1959.896436,1949.677259,1939.480265,1929.306552,1919.154925,1909.027490,1898.923447,1888.842194,1878.785193,1868.751804,1858.742410,1848.757249,1838.796140,1828.859122,1818.946988,1809.059518,1799.196795,1789.359279,1779.546776,1769.759730,1759.998526,1750.262489,1740.552740,1730.868932,1721.211024,1711.579636,1701.974539,1692.395828,1682.844589,1673.320186,1663.822732,1654.352804,1644.910031,1635.495224,1626.108140,1616.748980,1607.418082,1598.115584,1588.841373,1579.595874,1570.379304,1561.191497,1552.032857,1542.903710,1533.804041,1524.734196,1515.694272,1506.684480,1497.704934,1488.755764,1479.837298,1470.949770,1462.093107,1453.267407,1444.472888,1435.709857,1426.978742,1418.279414,1409.612038,1400.976796,1392.374252,1383.804037,1375.266479,1366.762006,1358.290806,1349.852795,1341.448413,1333.077498,1324.740574,1316.438001,1308.169864,1299.936271,1291.736633,1283.572224,1275.442943,1267.348310,1259.289754,1251.266469,1243.278863,1235.327487,1227.411948,1219.532996,1211.690087,1203.884612,1196.116224,1188.384761,1180.690581,1173.034229,1165.415750,1157.834927,1150.292459,1142.787734,1135.322019,1127.895243,1120.507223,1113.158727,1105.849364,1098.579594,1091.349248,1084.159307,1077.009364,1069.899590,1062.830080,1055.801999,1048.813414,1041.868309,1034.964220,1028.102188,1021.281915,1014.503451,1007.766930,1001.072876,994.421514,987.813296,981.247647,974.726037,968.247883,961.813647,955.420629,949.076902,942.774418,936.516825,930.301809,924.135938,918.012807,911.934575,905.901167,899.913210,893.975618,888.083650,882.238832,876.438798,870.685376,864.979938,859.321834,853.710521,848.145677,842.630042,837.164129,831.746788,826.379352,821.059349,815.786497,810.565606,805.392522,800.272825,795.200737,790.178145,785.204376,780.281575,775.409676,770.588731,765.818724,761.100603,756.433315,751.817497,747.254557,742.743986,738.286485,733.881761,729.529807,725.231364,720.986316,716.794403,712.657555,708.574442,704.544842,700.570086,696.650353,692.786075,688.976585,685.222000,681.523854,677.880786,674.293942,670.763629,667.289663,663.872456,660.511718,657.208305,653.962631,650.774449,647.643961,644.571688,641.557831,638.602079,635.705385,632.867510,630.088872,627.369456,624.709517,622.109106,619.568864,617.088768,614.669063,612.310217,610.011851,607.774583,605.598521,603.484077,601.431898,599.440908,597.511731,595.645347,593.841481,592.100100,590.422101,588.806772,587.254794,585.766586,584.342062,582.981788,581.685445,580.453711,579.286605,578.184600,577.147163,576.175228,575.268558,574.427363,573.651637,572.942200,572.299045,571.722073,571.211832,570.768436,570.392203,570.082881,569.841045,569.666960,569.560712,569.522628,569.552624,569.650936,569.817876,570.053634,570.358247,570.732089,571.175139,571.687728,572.269872,572.922060,573.644446,574.437199,575.300213,576.233618,577.238480,578.314005,579.460733,580.678958,581.968607,583.330046,584.763443,586.268787,587.846398,589.496440,591.219154,593.014707,594.883154,596.824614,598.839707,600.928118,603.090210,605.325976,607.635651,610.019554,612.477739,615.010539,617.618060,620.300147,623.057226,625.889543,628.796734,631.779674,634.838225,637.972374,641.182515,644.468716,647.830996,651.269721,654.784983,658.376947,662.045789,665.791525,669.614410,673.514587,677.492029,681.547389,685.680046,689.890643,694.179070,698.545635,702.990400,707.513883,712.115637,716.795811,721.555110,726.393046,731.310059,736.306134,741.381478,746.536207,751.770832,757.084955,762.478828,767.952548,773.506447,779.140225,784.854160,790.648777,796.523699,802.479448,808.515824,814.632900,820.831108,827.110401,833.470852,839.912576,846.435549,853.040128,859.726412,866.494356,873.343948,880.275490,887.288981,894.384697,901.562366,908.822452,916.165041,923.590233,931.097925,938.688020,946.360896,954.116849,961.955528,969.877317,977.882392,985.970222,994.141683,1002.396149,1010.734080,1019.155399,1027.660286,1036.249428,1044.921705,1053.678044,1062.518201,1071.442272,1080.450388,1089.542298,1098.718713,1107.979141,1117.323697,1126.752670,1136.266090,1145.863786,1155.546254,1165.313281,1175.164978,1185.101217,1195.122271,1205.228156,1215.418888,1225.694450,1236.054947,1246.500488,1257.030958,1267.647152,1278.347945,1289.134029,1300.005306,1310.962034,1322.003897
3357.986073,3346.055395,3334.132828,3322.218314,3310.312001,3298.413537,3286.523776,3274.643005,3262.770848,3250.907384,3239.052699,3227.206891,3215.369539,3203.541610,3191.722763,3179.912784,3168.112582,3156.321667,3144.540424,3132.768372,3121.005998,3109.253609,3097.511057,3085.778423,3074.055640,3062.342518,3050.640203,3038.947548,3027.265909,3015.594499,3003.933618,2992.283338,2980.643090,2969.014487,2957.397096,2945.790539,2934.195444,2922.611090,2911.038493,2899.477241,2887.927623,2876.389437,2864.863010,2853.348314,2841.845377,2830.354911,2818.876602,2807.410289,2795.955916,2784.514313,2773.085417,2761.669339,2750.266018,2738.875550,2727.497708,2716.133106,2704.781444,2693.443385,2682.118183,2670.806557,2659.509121,2648.225321,2636.954947,2625.698664,2614.456535,2603.228685,2592.014738,2580.815393,2569.630574,2558.460335,2547.304825,2536.164146,2525.038383,2513.928034,2502.832836,2491.752597,2480.687804,2469.638512,2458.605275,2447.587846,2436.586137,2425.600464,2414.630884,2403.677722,2392.740939,2381.820426,2370.915996,2360.028684,2349.158643,2338.305507,2327.469649,2316.650738,2305.849044,2295.064974,2284.298657,2273.550167,2262.819603,2252.106894,2241.412401,2230.735948,2220.078010,2209.438640,2198.817879,2188.215957,2177.632962,2167.068962,2156.524244,2145.998367,2135.492480,2125.005490,2114.538890,2104.091963,2093.665552,2083.259149,2072.872894,2062.506980,2052.161694,2041.836922,2031.533093,2021.250378,2010.988590,2000.748242,1990.529473,1980.332026,1970.155864,1960.001960,1949.870252,1939.760488,1929.672865,1919.607953,1909.565503,1899.545518,1889.548448,1879.574762,1869.623805,1859.696742,1849.793249,1839.912996,1830.057018,1820.224443,1810.416041,1800.631863,1790.872298,1781.137009,1771.426409,1761.741098,1752.080643,1742.445353,1732.835618,1723.251542,1713.693109,1704.160136,1694.653281,1685.172472,1675.718294,1666.290450,1656.889602,1647.515403,1638.167900,1628.847766,1619.554770,1610.289372,1601.051845,1591.841848,1582.660099,1573.506460,1564.381214,1555.284191,1546.215907,1537.176132,1528.165395,1519.184261,1510.232372,1501.310049,1492.417663,1483.555039,1474.722437,1465.920140,1457.148504,1448.407388,1439.696761,1431.017129,1422.368379,1413.751297,1405.165634,1396.611555,1388.089221,1379.599245,1371.141210,1362.715456,1354.322521,1345.962259,1337.634876,1329.340821,1321.079902,1312.852409,1304.658970,1296.499581,1288.374347,1280.282680,1272.225785,1264.203753,1256.215913,1248.263750,1240.346462,1232.464455,1224.618401,1216.807535,1209.032742,1201.293976,1193.592189,1185.926995,1178.298261,1170.706453,1163.152033,1155.634729,1148.155240,1140.713502,1133.309187,1125.943343,1118.616016,1111.327022,1104.076836,1096.865910,1089.693814,1082.560839,1075.467845,1068.414240,1061.400295,1054.426556,1047.492496,1040.600152,1033.749346,1026.939009,1020.170513,1013.443225,1006.757448,1000.112885,993.510493,986.950264,980.432865,973.957582,967.523163,961.136861,954.791855,948.488829,942.185943,936.016766,929.846422,923.719369,917.638108,911.600569,905.607143,899.643822,893.757054,887.899293,882.093562,876.332031,870.614378,864.942842,859.317491,853.742768,848.211544,842.726518,837.291038,831.905129,826.566838,821.277479,816.034506,810.839351,805.695013,800.598812,795.554209,790.558230,785.609899,780.710936,775.861979,771.063988,766.315912,761.618486,756.972158,752.376112,747.831661,743.339261,738.898975,734.510811,730.175301,725.892019,721.661796,717.484175,713.359584,709.289223,705.272172,701.308245,697.398714,693.543729,689.743490,685.997707,682.306386,678.670661,675.089728,671.564672,668.095565,664.682079,661.324851,658.024025,654.779788,651.592864,648.462751,645.389752,642.374641,639.417444,636.517875,633.676769,630.893958,628.170018,625.504744,622.898358,620.350990,617.863347,615.435345,613.067316,610.759359,608.511394,606.324467,604.197793,602.132432,600.128655,598.185691,596.304171,594.484801,592.727246,591.032039,589.399417,587.828949,586.321524,584.877261,583.496174,582.178781,580.924930,579.735268,578.609391,577.548259,576.551376,575.619174,574.751801,573.949405,573.212140,572.540654,571.934759,571.394742,570.920839,570.513284,570.172416,569.897881,569.690358,569.550148,569.477209,569.471952,569.534231,569.664461,569.862659,570.129235,570.464167,570.867807,571.340191,571.881684,572.492029,573.172158,573.921889,574.741415,575.630764,576.590114,577.620277,578.720620,579.891717,581.133819,582.446855,583.831167,585.286998,586.814207,588.413304,590.084345,591.827511,593.642993,595.530930,597.491455,599.525087,601.631437,603.811155,606.063972,608.390251,610.790280,613.264215,615.812094,618.434273,621.130622,623.901559,626.747073,629.667095,632.662335,635.732746,638.878312,642.099392,645.396066,648.768356,652.216615,655.741008,659.341563,663.018570,666.772013,670.602168,674.509133,678.493168,682.554114,686.692241,690.907965,695.200783,699.571434,704.019896,708.546517,713.151019,717.833499,722.594663,727.434030,732.352020,737.348642,742.424096,747.578506,752.812369,758.125425,763.517598,768.989224,774.540646,780.171519,785.882149,791.672971,797.543733,803.494886,809.526208,815.637887,821.830364,828.103403,834.457045,840.891678,847.407159,854.003818,860.681930,867.441005,874.281485,881.203494,888.207037,895.292421,902.459358,909.708317,917.039580,924.452853,931.948040,939.525435,947.185223,954.927797,962.752517,970.660060,978.650506,986.723325,994.879396,1003.118093,1011.439879,1019.844679,1028.332741,1036.904551,1045.559193,1054.297530,1063.119317,1072.024603,1081.013670,1090.086119,1099.242713,1108.482961,1117.806979,1127.215059,1136.707232,1146.283328,1155.943846,1165.688574,1175.517624,1185.430870,1195.428587,1205.510792,1215.677503,1225.928705,1236.264504,1246.685009,1257.190111,1267.780602,1278.455362,1289.215082,1300.059667,1310.989378,1322.003897
3319.749109,3307.973410,3296.205874,3284.446125,3272.694454,3260.950513,3249.215612,3237.488844,3225.770703,3214.061168,3202.360364,3190.668308,3178.984579,3167.310184,3155.644827,3143.988245,3132.340820,3120.702735,3109.074202,3097.454995,3085.845300,3074.245404,3062.654854,3051.074325,3039.503518,3027.942219,3016.390930,3004.850420,2993.320037,2981.799998,2970.290481,2958.790880,2947.301511,2935.823770,2924.356579,2912.900226,2901.455173,2890.021204,2878.598113,2867.186530,2855.786418,2844.397717,2833.020570,2821.654746,2810.301010,2798.958790,2787.628971,2776.311242,2765.005149,2753.711335,2742.430283,2731.161686,2719.905835,2708.662426,2697.432047,2686.214561,2675.009779,2663.817993,2652.639682,2641.473955,2630.322215,2619.184329,2608.059864,2596.948686,2585.852028,2574.769225,2563.700368,2552.645083,2541.605006,2530.579037,2519.567563,2508.570675,2497.588730,2486.621872,2475.669612,2464.732796,2453.810913,2442.904399,2432.013519,2421.138244,2410.278555,2399.434766,2388.606952,2377.795002,2366.999389,2356.219947,2345.456342,2334.709746,2323.979551,2313.266479,2302.570448,2291.890933,2281.228982,2270.584173,2259.956637,2249.346910,2238.754751,2228.180354,2217.623537,2207.085147,2196.564859,2186.062545,2175.578879,2165.113898,2154.667304,2144.239614,2133.830934,2123.441212,2113.070574,2102.719112,2092.387334,2082.075611,2071.783237,2061.511262,2051.259063,2041.027027,2030.815096,2020.623638,2010.452679,2000.302812,1990.173592,1980.065407,1969.978136,1959.912524,1949.868176,1939.845148,1929.844230,1919.865013,1909.907666,1899.972891,1890.059878,1880.169324,1870.301908,1860.456638,1850.634565,1840.835529,1831.060024,1821.307681,1811.578723,1801.873474,1792.192193,1782.534049,1772.900673,1763.291531,1753.706665,1744.146367,1734.611078,1725.100405,1715.615209,1706.155274,1696.720535,1687.310904,1677.927086,1668.569398,1659.237741,1649.932102,1640.653151,1631.400388,1622.174305,1612.975063,1603.802669,1594.657475,1585.539881,1576.449469,1567.386892,1558.352267,1549.345573,1540.366913,1531.416558,1522.494268,1513.600958,1504.736366,1495.901217,1487.095162,1478.318687,1469.571622,1460.854191,1452.166716,1443.509420,1434.882547,1426.285671,1417.719456,1409.183742,1400.679323,1392.205999,1383.763879,1375.353430,1366.974395,1358.627242,1350.311955,1342.029130,1333.778615,1325.560606,1317.375583,1309.223253,1301.104076,1293.018432,1284.966386,1276.948397,1268.963268,1261.012862,1253.096805,1245.214528,1237.367489,1229.555125,1221.777405,1214.035342,1206.327742,1198.656261,1191.020402,1183.421157,1175.857768,1168.330824,1160.840240,1153.386578,1145.969662,1138.590009,1131.247805,1123.942834,1116.675660,1109.446745,1102.255750,1095.102869,1087.988994,1080.913641,1073.876656,1066.879636,1059.920973,1053.002010,1046.123187,1039.282858,1032.485016,1025.727473,1019.009895,1012.333876,1005.698555,999.104311,992.550880,986.039105,979.568963,973.141421,966.755620,960.411208,954.111406,947.854880,941.640688,935.469771,929.341409,923.255489,917.216244,911.219748,905.267734,899.358279,893.492219,887.676503,881.904830,876.179528,870.498507,864.862704,859.270901,853.730345,848.230443,842.781668,837.376028,832.019607,826.713182,821.451120,816.239899,811.073209,805.956126,800.887188,795.866571,790.896539,785.975795,781.101542,776.276641,771.500453,766.774999,762.099507,757.473749,752.898551,748.373240,743.899369,739.476779,735.105966,730.786781,726.519429,722.304231,718.141374,714.030701,709.972904,705.968252,702.016649,698.117716,694.272782,690.481852,686.745030,683.062201,679.433567,675.859883,672.340473,668.876425,665.467925,662.114383,658.816680,655.574940,652.389474,649.260540,646.187895,643.172049,640.213731,637.312202,634.468472,631.682461,628.954292,626.284371,623.672794,621.119323,618.624568,616.188891,613.812608,611.495633,609.238200,607.040224,604.902907,602.825386,600.808772,598.852868,596.957505,595.123041,593.350161,591.638597,589.989005,588.401391,586.875478,585.412104,584.011346,582.673362,581.398461,580.186609,579.038430,577.953791,576.933005,575.976163,575.083494,574.255105,573.491056,572.791987,572.157956,571.589062,571.085576,570.647653,570.275602,569.969504,569.729678,569.556168,569.449485,569.409666,569.436808,569.531108,569.692874,569.922064,570.219163,570.584221,571.017296,571.518737,572.088568,572.727218,573.434751,574.211709,575.057702,575.972976,576.958066,578.013397,579.138335,580.333558,581.599260,582.935613,584.342487,585.820482,587.369415,588.989684,590.681431,592.444856,594.280141,596.187327,598.166821,600.218611,602.342812,604.539898,606.809527,609.152311,611.568266,614.057643,616.620554,619.257249,621.967650,624.752171,627.610663,630.543470,633.550942,636.633017,639.789834,643.021701,646.328618,649.710854,653.168517,656.701855,660.310897,663.995935,667.756997,671.594229,675.507861,679.498090,683.564904,687.708266,691.928857,696.226095,700.600720,705.052801,709.582419,714.189577,718.874448,723.637159,728.477870,733.396748,738.393810,743.469297,748.623293,753.856311,759.168092,764.558561,770.028056,775.576920,781.204888,786.912152,792.699031,798.565544,804.512031,810.538269,816.644449,822.831037,829.097722,835.444624,841.872107,848.380029,854.968722,861.638486,868.388759,875.220109,882.132488,889.126159,896.201054,903.357216,910.594994,917.914701,925.316016,932.798855,940.363578,948.010174,955.739236,963.550153,971.443323,979.419108,987.476886,995.617538,1003.840439,1012.146053,1020.534308,1029.005451,1037.559974,1046.196959,1054.917271,1063.720668,1072.607199,1081.577149,1090.630119,1099.766876,1108.986928,1118.290530,1127.677567,1137.148479,1146.702964,1156.341520,1166.063938,1175.870332,1185.760576,1195.734948,1205.793465,1215.936175,1226.162984,1236.474079,1246.869545,1257.349274,1267.914060,1278.562783,1289.296138,1300.114030,1311.016721,1322.003897
3281.996067,3270.373223,3258.758077,3247.150919,3235.551691,3223.960251,3212.377577,3200.803174,3189.236877,3177.679279,3166.130083,3154.589549,3143.057298,3131.534249,3120.020108,3108.514647,3097.018480,3085.531018,3074.053086,3062.584349,3051.125118,3039.675397,3028.235203,3016.804774,3005.382980,2993.972002,2982.570288,2971.179219,2959.798242,2948.427075,2937.066548,2925.715657,2914.375506,2903.046114,2891.727607,2880.419255,2869.122320,2857.836170,2846.560790,2835.296793,2824.044212,2812.802811,2801.572526,2790.354099,2779.147275,2767.951530,2756.768152,2745.596724,2734.436844,2723.289375,2712.154131,2701.030864,2689.920380,2678.822269,2667.737012,2656.664471,2645.604529,2634.557736,2623.523651,2612.502128,2601.494476,2590.500427,2579.519320,2568.552038,2557.598341,2546.658743,2535.732757,2524.820811,2513.922786,2503.039069,2492.170081,2481.314494,2470.474513,2459.649354,2448.838469,2438.042649,2427.261921,2416.496284,2405.745950,2395.011015,2384.291484,2373.587554,2362.899430,2352.227053,2341.570731,2330.929931,2320.305662,2309.697927,2299.105963,2288.531139,2277.973060,2267.431411,2256.906930,2246.399491,2235.909181,2225.436271,2214.980771,2204.542802,2194.122186,2183.719762,2173.335262,2162.968404,2152.619985,2142.289874,2131.978371,2121.685073,2111.410667,2101.155164,2090.918119,2080.700388,2070.502033,2060.323205,2050.163683,2040.024105,2029.904373,2019.804302,2009.724381,1999.664505,1989.624703,1979.605865,1969.607417,1959.629738,1949.672735,1939.736855,1929.822368,1919.929024,1910.057133,1900.206434,1890.378073,1880.571383,1870.786857,1861.024360,1851.283925,1841.565977,1831.871208,1822.198608,1812.549447,1802.923394,1793.320206,1783.740440,1774.184235,1764.651033,1755.142386,1745.657455,1736.196800,1726.760462,1717.348110,1707.960914,1698.598584,1689.261228,1679.948638,1670.661157,1661.398888,1652.162529,1642.951803,1633.767151,1624.608396,1615.475711,1606.369363,1597.289521,1588.236235,1579.209993,1570.210802,1561.238188,1552.293798,1543.376624,1534.487242,1525.625293,1516.791318,1507.985687,1499.207694,1490.458691,1481.738757,1473.047657,1464.385614,1455.752692,1447.149060,1438.575039,1430.030850,1421.516710,1413.032271,1404.578160,1396.154228,1387.761118,1379.398711,1371.067231,1362.767085,1354.497928,1346.260097,1338.054406,1329.880267,1321.738067,1313.628396,1305.551097,1297.506172,1289.493848,1281.514825,1273.569019,1265.656705,1257.777360,1249.932017,1242.120453,1234.342745,1226.599670,1218.890840,1211.216380,1203.577061,1195.971875,1188.402170,1180.868200,1173.370266,1165.907653,1158.480970,1151.090652,1143.736599,1136.418920,1129.138108,1121.894207,1114.687204,1107.517919,1100.386323,1093.292050,1086.235529,1079.217783,1072.237883,1065.296270,1058.393743,1051.529160,1044.704305,1037.918114,1031.172186,1024.466925,1017.801702,1011.175995,1004.591119,998.046973,991.543265,985.079944,978.657792,972.276926,965.938112,959.640692,953.339449,947.172961,941.002643,934.874965,928.787835,922.747565,916.748135,910.790631,904.880228,899.012029,893.184504,887.404594,881.670721,875.980142,870.337998,864.738044,859.182503,853.673958,848.212470,842.792955,837.419806,832.092986,826.816847,821.586169,816.402648,811.266495,806.174908,801.135279,796.142270,791.196114,786.299070,781.452286,776.651884,771.899644,767.196003,762.542422,757.938767,753.384217,748.879499,744.424115,740.020530,735.666483,731.364509,727.113649,722.914019,718.766177,714.669676,710.625468,706.633697,702.694464,698.807378,694.973023,691.191925,687.464355,683.790528,680.169915,676.603258,673.090800,669.632608,666.228983,662.880295,659.586263,656.347536,653.164407,650.036888,646.965549,643.949858,640.990583,638.088275,635.242293,632.453708,629.722172,627.048163,624.431679,621.872984,619.372310,616.929638,614.545485,612.220279,609.953949,607.746211,605.598464,603.509940,601.481046,599.512552,597.604208,595.755873,593.968192,592.241370,590.575348,588.970941,587.427873,585.946148,584.526411,583.168755,581.873394,580.640618,579.470476,578.363344,577.319440,576.338643,575.421573,574.567958,573.778211,573.052316,572.390886,571.794015,571.261663,570.794338,570.392131,570.055387,569.783872,569.578223,569.438284,569.364846,569.357772,569.417119,569.543127,569.736161,569.996019,570.323397,570.718177,571.180504,571.710668,572.308732,572.975148,573.710047,574.513821,575.386092,576.327182,577.337587,578.417748,579.567104,580.786317,582.075368,583.434581,584.864016,586.363804,587.934239,589.575497,591.287755,593.071255,594.926052,596.852311,598.850404,600.920318,603.062239,605.276478,607.562759,609.921772,612.353436,614.858151,617.435881,620.086926,622.811209,625.609160,628.480587,631.425891,634.445374,637.539008,640.706880,643.949426,647.266475,650.658474,654.125400,657.667540,661.284935,664.977870,668.746375,672.590598,676.510772,680.507093,684.579540,688.728110,692.953452,697.255056,701.633483,706.088985,710.621582,715.231280,719.918253,724.682628,729.524565,734.444238,739.441659,744.517073,749.670770,754.902653,760.213074,765.601755,771.069037,776.615344,782.240175,787.943959,793.726936,799.589131,805.530952,811.551968,817.652581,823.833186,830.093485,836.433586,842.853860,849.354166,855.934837,862.596174,869.337618,876.159712,883.062486,890.046128,897.110597,904.256071,911.482500,918.790600,926.179917,933.650367,941.202314,948.835748,956.551263,964.348249,972.227107,980.188200,988.231156,996.356109,1004.563185,1012.852601,1021.224284,1029.678485,1038.215697,1046.835002,1055.537268,1064.322254,1073.190011,1082.140825,1091.174512,1100.291201,1109.491042,1118.774077,1128.140192,1137.589832,1147.122693,1156.739276,1166.439374,1176.223101,1186.090334,1196.041353,1206.076175,1216.194850,1226.397287,1236.683673,1247.054096,1257.508447,1268.047524,1278.670209,1289.377196,1300.168393,1311.044065,1322.003897
3244.718813,3233.246659,3221.782262,3210.325563,3198.876533,3187.435177,3176.002581,3164.578164,3153.162134,3141.754022,3130.354582,3118.963609,3107.580612,3096.206729,3084.841706,3073.485237,3062.137932,3050.799446,3039.469989,3028.149647,3016.838766,3005.537135,2994.245136,2982.962487,2971.688709,2960.425144,2949.171053,2937.927359,2926.693612,2915.469664,2904.255623,2893.051872,2881.858246,2870.675606,2859.503224,2848.341668,2837.190393,2826.050209,2814.920883,2803.802124,2792.694921,2781.598783,2770.513637,2759.440262,2748.378259,2737.327797,2726.288529,2715.260967,2704.245391,2693.242093,2682.250779,2671.271294,2660.304031,2649.349296,2638.407199,2627.477652,2616.560711,2605.656383,2594.764882,2583.886105,2573.020283,2562.167725,2551.328843,2540.502831,2529.690618,2518.892229,2508.107368,2497.336394,2486.578748,2475.835633,2465.106444,2454.391584,2443.691145,2433.005526,2422.334141,2411.677786,2401.036128,2390.409571,2379.797772,2369.201358,2358.620245,2348.054332,2337.504008,2326.969474,2316.450523,2305.946995,2295.459989,2284.988875,2274.533872,2264.095214,2253.673131,2243.267528,2232.878837,2222.507002,2212.152184,2201.814268,2191.493584,2181.190059,2170.904102,2160.635880,2150.385169,2140.152298,2129.937492,2119.740515,2109.561848,2099.401728,2089.259727,2079.136674,2069.031834,2058.946005,2048.879024,2038.831661,2028.803327,2018.794344,2008.805168,1998.835627,1988.885877,1978.955954,1969.045709,1959.155964,1949.286839,1939.437672,1929.609581,1919.801973,1910.015508,1900.250291,1890.505921,1880.782377,1871.081032,1861.400895,1851.742831,1842.106529,1832.492085,1822.900312,1813.330377,1803.782950,1794.258602,1784.756959,1775.278355,1765.822345,1756.389593,1746.980196,1737.594481,1728.232369,1718.894083,1709.579827,1700.289538,1691.024189,1681.783209,1672.566850,1663.374877,1654.207766,1645.065970,1635.949281,1626.858224,1617.792804,1608.752813,1599.738925,1590.750843,1581.788816,1572.853399,1563.944573,1555.062272,1546.206483,1537.378255,1528.577374,1519.803664,1511.057439,1502.338300,1493.647284,1484.983946,1476.349070,1467.743003,1459.165430,1450.616436,1442.096262,1433.605239,1425.143223,1416.710734,1408.307982,1399.934759,1391.591322,1383.277790,1374.994719,1366.742004,1358.519865,1350.328706,1342.168318,1334.038736,1325.940861,1317.874283,1309.839338,1301.836459,1293.865619,1285.926830,1278.020335,1270.146616,1262.305824,1254.498155,1246.723149,1238.981485,1231.273542,1223.599053,1215.958750,1208.352183,1200.779813,1193.242089,1185.738381,1178.269227,1170.835992,1163.438073,1156.075190,1148.747752,1141.456259,1134.200912,1126.981338,1119.798195,1112.651550,1105.541631,1098.468969,1091.433088,1084.434724,1077.473839,1070.550920,1063.665594,1056.817966,1050.008938,1043.237784,1036.505846,1029.811647,1023.158705,1016.545093,1009.971026,1003.436233,996.941731,990.487572,984.073208,977.673941,971.365752,965.066259,958.819165,952.612454,946.444395,940.317209,934.234138,928.191586,922.192627,916.234330,910.319593,904.446623,898.618447,892.833583,887.087825,881.392091,875.739618,870.131236,864.569306,859.048709,853.574526,848.144781,842.760792,837.418615,832.125658,826.877348,821.677479,816.524624,811.417806,806.357211,801.340822,796.376323,791.457769,786.586191,781.763063,776.988705,772.260976,767.580340,762.948876,758.366647,753.833528,749.349330,744.914107,740.528434,736.193602,731.908399,727.674428,723.491150,719.358517,715.277239,711.246911,707.268148,703.341755,699.467082,695.644135,691.873539,688.155683,684.491083,680.879322,677.320576,673.815358,670.363505,666.965655,663.621932,660.332615,657.097537,653.917221,650.791969,647.721935,644.707218,641.748203,638.845034,635.998005,633.207179,630.473139,627.795773,625.175198,622.611707,620.105628,617.656923,615.265877,612.932915,610.658109,608.442125,606.283826,604.185173,602.145202,600.164630,598.244107,596.382490,594.580916,592.839245,591.158270,589.537440,587.977740,586.478675,585.040777,583.664267,582.349326,581.096139,579.905078,578.776264,577.709871,576.706239,575.765143,574.887413,574.072556,573.321057,572.632920,572.008781,571.448630,570.952668,570.521161,570.154279,569.852372,569.615198,569.443405,569.337013,569.296276,569.321631,569.412808,569.570359,569.794129,570.084607,570.441772,570.866020,571.357296,571.915939,572.541994,573.235943,573.997840,574.828152,575.726530,576.693136,577.728609,578.833398,580.006879,581.249733,582.561946,583.943851,585.395477,586.916958,588.508677,590.170758,591.903259,593.706578,595.580720,597.525848,599.542342,601.630177,603.789617,606.020774,608.323550,610.698624,613.145816,615.665687,618.258101,620.923281,623.661275,626.472475,629.356622,632.314263,635.345662,638.450614,641.629552,644.882548,648.209628,651.611127,655.087247,658.638054,662.263775,665.964360,669.740225,673.591265,677.517854,681.520255,685.598114,689.751754,693.981739,698.287535,702.669713,707.128590,711.663998,716.276079,720.965153,725.731102,730.574122,735.494481,740.492169,745.567489,750.720467,755.951389,761.260365,766.647177,772.112165,777.655727,783.277452,788.977680,794.756684,800.614488,806.551504,812.567207,818.662291,824.836844,831.090691,837.423992,843.836848,850.329631,856.902253,863.555054,870.287580,877.100392,883.993567,890.967051,898.020995,905.155632,912.370826,919.667277,927.044554,934.502577,942.041710,949.661944,957.363877,965.146899,973.011411,980.957779,988.985634,997.095109,1005.286332,1013.559522,1021.914608,1030.351842,1038.871719,1047.473321,1056.157520,1064.924075,1073.773037,1082.704697,1091.718872,1100.815689,1109.995302,1119.257756,1128.602867,1138.031290,1147.542515,1157.137114,1166.814974,1176.575932,1186.420145,1196.347921,1206.358923,1216.453556,1226.631615,1236.893287,1247.238661,1257.667631,1268.180996,1278.777639,1289.458257,1300.222758,1311.071409,1322.003897
3207.910039,3196.586479,3185.270563,3173.962234,3162.661632,3151.368248,3140.083704,3128.807194,3117.538780,3106.278594,3095.026596,3083.783053,3072.547438,3061.320749,3050.102787,3038.893256,3027.692516,3016.500881,3005.318187,2994.144149,2982.979598,2971.824163,2960.678061,2949.541250,2938.413371,2927.295536,2916.186917,2905.088342,2893.999917,2882.921055,2871.852070,2860.792434,2849.744054,2838.705915,2827.677899,2816.660435,2805.653775,2794.657278,2783.671623,2772.696940,2761.732766,2750.779972,2739.837972,2728.907511,2717.988371,2707.080689,2696.184416,2685.299058,2674.425433,2663.564204,2652.714821,2641.877442,2631.051912,2620.238018,2609.437193,2598.648750,2587.872717,2577.109305,2566.357975,2555.619923,2544.894877,2534.181831,2523.482476,2512.796657,2502.124189,2491.464448,2480.818972,2470.186882,2459.568318,2448.963558,2438.372876,2427.796292,2417.233641,2406.685572,2396.152218,2385.633045,2375.128924,2364.639436,2354.164635,2343.704783,2333.260165,2322.830749,2312.416451,2302.017608,2291.634227,2281.266285,2270.914599,2260.578484,2250.258376,2239.954359,2229.666475,2219.395301,2209.140521,2198.902544,2188.681277,2178.476722,2168.289298,2158.118620,2147.965520,2137.829619,2127.711155,2117.610474,2107.527199,2097.461896,2087.414563,2077.385358,2067.374411,2057.381997,2047.407456,2037.451903,2027.515100,2017.597215,2007.698603,1997.818723,1987.958334,1978.117493,1968.296274,1958.494583,1948.712540,1938.950242,1929.208593,1919.486806,1909.785312,1900.104569,1890.444634,1880.805464,1871.186780,1861.589671,1852.013171,1842.458443,1832.925231,1823.413681,1813.923600,1804.455731,1795.009642,1785.585685,1776.184536,1766.805988,1757.450108,1748.116728,1738.806001,1729.518408,1720.253880,1711.013317,1701.796367,1692.602489,1683.433147,1674.287616,1665.166578,1656.069590,1646.996776,1637.948974,1628.925810,1619.927552,1610.954532,1602.006894,1593.084351,1584.187572,1575.316495,1566.470996,1557.652042,1548.859090,1540.092169,1531.351822,1522.638564,1513.952312,1505.293067,1496.660553,1488.055474,1479.477833,1470.927616,1462.405667,1453.911882,1445.446432,1437.009203,1428.600489,1420.220581,1411.869300,1403.547306,1395.254540,1386.991175,1378.757211,1370.552783,1362.378453,1354.234126,1346.120068,1338.036622,1329.983624,1321.961044,1313.969859,1306.009721,1298.080579,1290.183302,1282.317691,1274.483959,1266.681847,1258.912295,1251.175240,1243.470919,1235.799138,1228.160206,1220.554425,1212.982092,1205.443116,1197.937916,1190.466540,1183.028974,1175.625819,1168.256273,1160.922322,1153.623300,1146.359158,1139.129892,1131.936214,1124.778163,1117.655623,1110.569275,1103.518896,1096.504850,1089.527662,1082.586806,1075.683071,1068.816404,1061.987476,1055.195369,1048.440826,1041.724347,1035.045534,1028.308994,1021.803337,1015.241410,1008.718534,1002.234588,995.719424,989.384584,983.019423,976.693484,970.407601,964.161840,957.959691,951.790984,945.668625,939.587646,933.547050,927.548110,921.590606,915.675364,909.801152,903.970054,898.167313,892.435290,886.730780,881.068778,875.453722,869.882812,864.355303,858.871953,853.427697,848.034834,842.685714,837.377276,832.117641,826.899063,821.727602,816.606691,811.527622,806.497543,801.510931,796.569976,791.679426,786.834318,782.036386,777.285805,772.583462,767.927694,763.318400,758.758168,754.246547,749.783653,745.368614,741.002870,736.685758,732.418967,728.202024,724.035428,719.918943,715.852534,711.837109,707.872273,703.958606,700.096495,696.286003,692.526545,688.818996,685.163806,681.561438,678.011162,674.513518,671.069234,667.677515,664.339391,661.055105,657.824518,654.647909,651.525050,648.457413,645.444258,642.485918,639.582819,636.735029,633.943113,631.206773,628.526689,625.902624,623.335271,620.824373,618.370235,615.972921,613.633206,611.350843,609.126084,606.959733,604.850743,602.800640,600.808779,598.875944,597.002602,595.187682,593.432234,591.736427,590.100525,588.524596,587.009167,585.553838,584.159262,582.825552,581.552828,580.341664,579.191830,578.103854,577.077962,576.114036,575.212458,574.373562,573.597149,572.883452,572.232770,571.645571,571.121938,570.661899,570.265828,569.933946,569.666466,569.463374,569.324998,569.251784,569.243684,569.301093,569.423760,569.612452,569.866841,570.187452,570.574267,571.027645,571.547572,572.134560,572.788224,573.509450,574.298273,575.154691,576.078819,577.070746,578.131395,579.260247,580.457630,581.723866,583.059006,584.463277,585.936964,587.479985,589.092690,590.775302,592.527905,594.350833,596.244112,598.207906,600.242669,602.348158,604.524889,606.772693,609.091905,611.482817,613.945641,616.480264,619.087106,621.766290,624.517827,627.342108,630.238777,633.208682,636.251786,639.367987,642.557718,645.821052,649.158014,652.568979,656.054044,659.613379,663.247178,666.955434,670.738440,674.596215,678.529095,682.537384,686.620604,690.779204,695.013584,699.323589,703.709451,708.171616,712.709674,717.324071,722.015043,726.782456,731.626510,736.547471,741.545333,746.620399,751.772727,757.002514,762.309961,767.694820,773.157470,778.698203,784.316715,790.013317,795.788240,801.641613,807.573755,813.584171,819.673557,825.842004,832.089335,838.415781,844.821321,851.306296,857.870785,864.515051,871.238643,878.042122,884.925568,891.888927,898.932353,906.056078,913.259970,920.544729,927.909927,935.355601,942.881764,950.488954,958.177098,965.946200,973.796348,981.727848,989.740569,997.834568,1006.009879,1014.266816,1022.605279,1031.025521,1039.528040,1048.112198,1056.778027,1065.526130,1074.356279,1083.268767,1092.263410,1101.340339,1110.499710,1119.741567,1129.065729,1138.472853,1147.962430,1157.535033,1167.190552,1176.928824,1186.750073,1196.654414,1206.641707,1216.712293,1226.865967,1237.102919,1247.423241,1257.826825,1268.314475,1278.885074,1289.539320,1300.277124,1311.098753,1322.003897
3171.562438,3160.385416,3149.215792,3138.053919,3126.899525,3115.752414,3104.613851,3093.483037,3082.360404,3071.245855,3060.139458,3049.041065,3037.950738,3026.869477,3015.796556,3004.731831,2993.675971,2982.629009,2971.590786,2960.561381,2949.540920,2938.529735,2927.527706,2916.534691,2905.550607,2894.576562,2883.611382,2872.656334,2861.710767,2850.775089,2839.849080,2828.932390,2818.026700,2807.131128,2796.245528,2785.370459,2774.505759,2763.651436,2752.807440,2741.974634,2731.152286,2720.340450,2709.539800,2698.750465,2687.972164,2677.205168,2666.449607,2655.704935,2644.971700,2634.250502,2623.541016,2612.843433,2602.157603,2591.483781,2580.821756,2570.172504,2559.535501,2548.910981,2538.298349,2527.698937,2517.112133,2506.537900,2495.976128,2485.428009,2474.893193,2464.371450,2453.862843,2443.367856,2432.886421,2422.418680,2411.963839,2401.523928,2391.098148,2380.685511,2370.287660,2359.904447,2349.535696,2339.181436,2328.842018,2318.516881,2308.206985,2297.912074,2287.632153,2277.367432,2267.117616,2256.883620,2246.665442,2236.462816,2226.275857,2216.104543,2205.949349,2195.810658,2185.688220,2175.582233,2165.492828,2155.420070,2145.363820,2135.324478,2125.302381,2115.297176,2105.309263,2095.338909,2085.385741,2075.450180,2065.532657,2055.632892,2045.751276,2035.887327,2026.041890,2016.214954,2006.406599,1996.616539,1986.845635,1977.093537,1967.360114,1957.646436,1947.952078,1938.277098,1928.621420,1918.985362,1909.369145,1899.773299,1890.197018,1880.641587,1871.106520,1861.591973,1852.097763,1842.624390,1833.171874,1823.740750,1814.330900,1804.942433,1795.575228,1786.229879,1776.906508,1767.604138,1758.324646,1749.067638,1739.832952,1730.620611,1721.430571,1712.263099,1703.118961,1693.998017,1684.900273,1675.826154,1666.775678,1657.748762,1648.746093,1639.767060,1630.812240,1621.882133,1612.975994,1604.094759,1595.238391,1586.406950,1577.600801,1568.819493,1560.063765,1551.333654,1542.629574,1533.950853,1525.298531,1516.672023,1508.072436,1499.499572,1490.953082,1482.433537,1473.940451,1465.475043,1457.036845,1448.626167,1440.243483,1431.888812,1423.562038,1415.263456,1406.993316,1398.751549,1390.538701,1382.354654,1374.199858,1366.074060,1357.977450,1349.910718,1341.873412,1333.866157,1325.889170,1317.942289,1310.025468,1302.139729,1294.284770,1286.460266,1278.667446,1270.905868,1263.175746,1255.476962,1247.810352,1240.175943,1232.573804,1225.003869,1217.466609,1209.961689,1202.490484,1195.051956,1187.646793,1180.275273,1172.936951,1165.632619,1158.361830,1151.126041,1143.924753,1136.758365,1129.626178,1122.529127,1115.467431,1108.440848,1101.449940,1094.494694,1087.575651,1080.692968,1073.846160,1067.035872,1060.262538,1053.526194,1046.826675,1040.164072,1033.539332,1026.951589,1020.401206,1013.891094,1007.419273,1000.986200,994.591468,988.204897,981.918774,975.641649,969.403259,963.204638,957.045733,950.926853,944.844100,938.811421,932.814571,926.858144,920.943983,915.070528,909.238364,903.447618,897.697643,891.991518,886.328148,880.703818,875.107979,869.591774,864.099889,858.649568,853.245791,847.884455,842.567797,837.295050,832.065784,826.878976,821.739968,816.646094,811.598360,806.595335,801.639206,796.727432,791.860877,787.042416,782.270321,777.545759,772.867099,768.236822,763.651961,759.113398,754.623829,750.181842,745.787693,741.442073,737.144144,732.895464,728.696345,724.546418,720.446805,716.396305,712.395637,708.445282,704.545213,700.696108,696.897858,693.150773,689.454204,685.809190,682.216192,678.675176,675.185984,671.748777,668.364599,665.032633,661.753692,658.528002,655.355573,652.236699,649.171305,646.160195,643.203518,640.301110,637.453444,634.660447,631.922976,629.240730,626.614041,624.043009,621.528176,619.069370,616.666699,614.320569,612.031166,609.799081,607.624102,605.506597,603.446398,601.444498,599.500423,597.614842,595.788103,594.019603,592.309784,590.659380,589.068257,587.536691,586.065107,584.653062,583.301331,582.010071,580.779313,579.609590,578.500676,577.453304,576.467255,575.542959,574.680407,573.879943,573.141542,572.465387,571.851762,571.301153,570.813621,570.389198,570.028232,569.731056,569.497673,569.328324,569.223057,569.182658,569.206848,569.296024,569.450091,569.669499,569.954183,570.304638,570.720916,571.203127,571.751458,572.366289,573.047489,573.795690,574.610996,575.493372,576.442982,577.460051,578.545405,579.698246,580.919377,582.208710,583.566583,584.993021,586.488441,588.052675,589.686240,591.389168,593.161699,595.004020,596.916174,598.898407,600.951211,603.074205,605.268027,607.532432,609.867797,612.274368,614.752355,617.301785,619.923019,622.615930,625.380945,628.218059,631.127209,634.109133,637.163728,640.291023,643.491395,646.764918,650.111618,653.531859,657.025807,660.593500,664.235233,667.950996,671.741054,675.605568,679.544505,683.558495,687.646998,691.810745,696.049225,700.363197,704.752637,709.217851,713.758710,718.375177,723.068017,727.836751,732.681807,737.603203,742.601146,747.675868,752.827569,758.056022,763.361856,768.744702,774.205060,779.742738,785.357960,791.050857,796.821661,802.670502,808.597700,814.602762,820.686517,826.848662,833.089416,839.408880,845.807012,852.284221,858.840643,865.476199,872.190852,878.984901,885.858530,892.811755,899.844616,906.957364,914.150003,921.422991,928.776034,936.209202,943.722475,951.316513,958.990884,966.745983,974.581778,982.498403,990.496029,998.574423,1006.733825,1014.974483,1023.296297,1031.699528,1040.184659,1048.751070,1057.398789,1066.128419,1074.939736,1083.833032,1092.808127,1101.865152,1111.004264,1120.225509,1129.528710,1138.914521,1148.382437,1157.933034,1167.566201,1177.281778,1187.079989,1196.960953,1206.924528,1216.971060,1227.100343,1237.312571,1247.607834,1257.986030,1268.447962,1278.992513,1289.620386,1300.331491,1311.126098,1322.003897
3135.669006,3124.636505,3113.611296,3102.593599,3091.583405,3080.580389,3069.585804,3058.599029,3047.620151,3036.649075,3025.686234,3014.731505,3003.784228,2992.845975,2981.916118,2970.994601,2960.081565,2949.177191,2938.281628,2927.394682,2916.516683,2905.647503,2894.787558,2883.936580,2873.094284,2862.261939,2851.438310,2840.624794,2829.820619,2819.026148,2808.240898,2797.465208,2786.700174,2775.945337,2765.200236,2754.465529,2743.741047,2733.026919,2722.322728,2711.629574,2700.946980,2690.274830,2679.613426,2668.963249,2658.324108,2647.696049,2637.079038,2626.472976,2615.878266,2605.295496,2594.724158,2584.164472,2573.616400,2563.080271,2552.556129,2542.044021,2531.544036,2521.056419,2510.580950,2500.118051,2489.667586,2479.230009,2468.804701,2458.392419,2447.993372,2437.607250,2427.234114,2416.874687,2406.528153,2396.195177,2385.875529,2375.570149,2365.278668,2355.000424,2344.736723,2334.487132,2324.252185,2314.031459,2303.825162,2293.633463,2283.456399,2273.294253,2263.147015,2253.014687,2242.896932,2232.794972,2222.708460,2212.637416,2202.581893,2192.541630,2182.517435,2172.509611,2162.517745,2152.542189,2142.582868,2132.639907,2122.713326,2112.803722,2102.910922,2093.034866,2083.175798,2073.334107,2063.509386,2053.702195,2043.912415,2034.140557,2024.386530,2014.649894,2004.931657,1995.231604,1985.549914,1975.886410,1966.241489,1956.615382,1947.007998,1937.419442,1927.850364,1918.300433,1908.769462,1899.257957,1889.766107,1880.294025,1870.841773,1861.409850,1851.998130,1842.606320,1833.235272,1823.884578,1814.554406,1805.245235,1795.957135,1786.690216,1777.444385,1768.220113,1759.017360,1749.835602,1740.676237,1731.539199,1722.424150,1713.331093,1704.260622,1695.211729,1686.186109,1677.183716,1668.203955,1659.247773,1650.314815,1641.405299,1632.519055,1623.656806,1614.818652,1606.004503,1597.214335,1588.448632,1579.707393,1570.991002,1562.299316,1553.632381,1544.990965,1536.374837,1527.783644,1519.218459,1510.679105,1502.165048,1493.677691,1485.216507,1476.781880,1468.373530,1459.991686,1451.637044,1443.309584,1435.008817,1426.735895,1418.490684,1410.273127,1402.083320,1393.921689,1385.788114,1377.683134,1369.606683,1361.558983,1353.540191,1345.550080,1337.589591,1329.658170,1321.756477,1313.884714,1306.042770,1298.230587,1290.448922,1282.697748,1274.976857,1267.287330,1259.628480,1252.000793,1244.404414,1236.839482,1229.306426,1221.805235,1214.336232,1206.899305,1199.494427,1192.122859,1184.783692,1177.477441,1170.204625,1162.964152,1155.757715,1148.584519,1141.445974,1134.341440,1127.271254,1120.235283,1113.233823,1106.267366,1099.335670,1092.438914,1085.578049,1078.752873,1071.963289,1065.209512,1058.492083,1051.811031,1045.166004,1038.487473,1031.986497,1025.452010,1018.954400,1012.494937,1006.074427,999.691572,993.347183,987.040739,980.772746,974.543314,968.353129,962.201583,956.086906,950.016075,943.982923,937.989753,932.037194,926.124496,920.252637,914.421058,908.626614,902.881047,897.172283,891.505236,885.880410,880.296194,874.753006,869.254167,863.799377,858.387551,853.018035,847.688425,842.409173,837.169269,831.968991,826.820063,821.710950,816.643926,811.629013,806.654692,801.727591,796.844162,792.006576,787.213482,782.467133,777.766494,773.114841,768.507745,763.947925,759.433032,754.964544,750.544540,746.171745,741.846062,737.568638,733.338750,729.157418,725.025033,720.941696,716.908133,712.923160,708.987576,705.101779,701.265878,697.480470,693.745499,690.061049,686.426949,682.843592,679.311997,675.831765,672.403242,669.026007,665.701293,662.428400,659.208123,656.040484,652.925708,649.864012,646.855419,643.900596,640.999700,638.152590,635.359736,632.621197,629.937709,627.308727,624.735051,622.216502,619.753677,617.346169,614.994851,612.699242,610.459980,608.277552,606.151665,604.082537,602.070890,600.116802,598.219899,596.381256,594.600528,592.877859,591.213472,589.608027,588.061194,586.573668,585.145400,583.776327,582.467042,581.217775,580.028510,578.899868,577.831531,576.824265,575.877763,574.992539,574.168763,573.406288,572.705532,572.066484,571.489752,570.975344,570.523496,570.134535,569.808359,569.545605,569.345937,569.209999,569.137637,569.129642,569.185877,569.306405,569.491517,569.741331,570.056085,570.436093,570.881451,571.392264,571.968723,572.611206,573.319539,574.094403,574.936100,575.844128,576.818935,577.860917,578.970584,580.147348,581.391879,582.704199,584.084564,585.532922,587.049816,588.635175,590.289288,592.012337,593.804567,595.666033,597.596912,599.597572,601.668007,603.808408,606.019031,608.299848,610.651164,613.073227,615.566223,618.130263,620.765606,623.472179,626.250415,629.100128,632.021713,635.015481,638.081455,641.219704,644.430566,647.714130,651.070423,654.499809,658.002457,661.578402,665.227945,668.951073,672.748073,676.619049,680.564330,684.583585,688.677269,692.845749,697.088529,701.406355,705.799216,710.267465,714.810834,719.429428,724.123961,728.893963,733.739859,738.661668,743.659600,748.733894,753.884734,759.112067,764.416045,769.796774,775.254599,780.789326,786.401183,792.090301,797.856914,803.701323,809.623338,815.622975,821.700881,827.856815,834.090931,840.403353,846.794040,853.263405,859.811597,866.438497,873.144111,879.928726,886.792527,893.735532,900.757791,907.859530,915.040840,922.301993,929.642956,937.063433,944.563843,952.144572,959.805255,967.546287,975.367638,983.269444,991.251877,999.314705,1007.458171,1015.682523,1023.987662,1032.373852,1040.841577,1049.390219,1058.019805,1066.730970,1075.523407,1084.397464,1093.353139,1102.390127,1111.508964,1120.709584,1129.991808,1139.356294,1148.802638,1158.331117,1167.941921,1177.634793,1187.409958,1197.267535,1207.207386,1217.229856,1227.334743,1237.522241,1247.792443,1258.145246,1268.581456,1279.099958,1289.701454,1300.385859,1311.153443,1322.003897
3100.222551,3089.332591,3078.449783,3067.574550,3056.705893,3045.845564,3034.992994,3024.148124,3013.311042,3002.481819,2991.660384,2980.846655,2970.041441,2959.244200,2948.455462,2937.674778,2926.902630,2916.139139,2905.384258,2894.637843,2883.900331,2873.171438,2862.451579,2851.740642,2841.038343,2830.345090,2819.661781,2808.987768,2798.322970,2787.667903,2777.021882,2766.385009,2755.758922,2745.142690,2734.536202,2723.940076,2713.353927,2702.778015,2692.212299,2681.656645,2671.111832,2660.577299,2650.053384,2639.540742,2629.038699,2618.547652,2608.067464,2597.598283,2587.140527,2576.693782,2566.258946,2555.835549,2545.423371,2535.023146,2524.634639,2514.258069,2503.893529,2493.540593,2483.200477,2472.872545,2462.556886,2452.253511,2441.962965,2431.685053,2421.419768,2411.167746,2400.928513,2390.702155,2380.489444,2370.289875,2360.103223,2349.930482,2339.771236,2329.626184,2319.494362,2309.377190,2299.274041,2289.184966,2279.110344,2269.050079,2259.004215,2248.973102,2238.956721,2228.954950,2218.967841,2208.996244,2199.039699,2189.098473,2179.172776,2169.262119,2159.367033,2149.488172,2139.625321,2129.778452,2119.947692,2110.132946,2100.334367,2090.552733,2080.787515,2071.038956,2061.307217,2051.592334,2041.894548,2032.213986,2022.550591,2012.904953,2003.276471,1993.665925,1984.073180,1974.498453,1964.941775,1955.403005,1945.882766,1936.380866,1926.897880,1917.433432,1907.987637,1898.561126,1889.153750,1879.764803,1870.395910,1861.046212,1851.716369,1842.406451,1833.116359,1823.846258,1814.596293,1805.366721,1796.157227,1786.968877,1777.801018,1768.654192,1759.528372,1750.423387,1741.339910,1732.277581,1723.236575,1714.217969,1705.221101,1696.246135,1687.292935,1678.362098,1669.453486,1660.567539,1651.704856,1642.865064,1634.048398,1625.254348,1616.483532,1607.736784,1599.013732,1590.314206,1581.638463,1572.986792,1564.359519,1555.756599,1547.178298,1538.624361,1530.095649,1521.591895,1513.112866,1504.659530,1496.231705,1487.828859,1479.452441,1471.101755,1462.777336,1454.479213,1446.207249,1437.962049,1429.743612,1421.551877,1413.387224,1405.250197,1397.140579,1389.058244,1381.003871,1372.977346,1364.978848,1357.008684,1349.066769,1341.153801,1333.269012,1325.413514,1317.586836,1309.789386,1302.021649,1294.283381,1286.574588,1278.895895,1271.247419,1263.628827,1256.041304,1248.484116,1240.957747,1233.462316,1225.998073,1218.565321,1211.163848,1203.794615,1196.456853,1189.150948,1181.877819,1174.636937,1167.428461,1160.253181,1153.109823,1145.999602,1138.923348,1131.880812,1124.871937,1117.897020,1110.955930,1104.049106,1097.176765,1090.338944,1083.535773,1076.767843,1070.035538,1063.338362,1056.676422,1050.050488,1043.460405,1036.906313,1030.388887,1023.907340,1017.462382,1011.053840,1004.683944,998.352063,992.057260,985.800548,979.581478,973.400421,967.257596,961.153400,955.087664,949.060387,943.072488,937.122884,931.214865,925.345818,919.516527,913.727429,907.978896,902.269749,896.602378,890.974205,885.389106,879.843288,874.338952,868.875770,863.457292,858.081650,852.747336,847.456048,842.207274,836.998304,831.835744,826.717921,821.641184,816.607658,811.615330,806.676096,801.776114,796.921745,792.112026,787.346337,782.626224,777.952423,773.322191,768.741719,764.205482,759.715839,755.270366,750.871310,746.520277,742.215962,737.958300,733.748189,729.585636,725.471182,721.404865,717.387248,713.419109,709.498829,705.627708,701.805845,698.033709,694.311162,690.638776,687.016542,683.443945,679.921969,676.451252,673.031342,669.662683,666.344840,663.079017,659.864511,656.702352,653.592244,650.534547,647.529610,644.577175,641.677825,638.832413,636.039996,633.301253,630.617078,627.986551,625.410660,622.889307,620.422977,618.011552,615.655099,613.354369,611.108812,608.919228,606.785923,604.708680,602.687758,600.723952,598.816929,596.967017,595.174722,593.439855,591.762643,590.143145,588.581995,587.079225,585.635103,584.249904,582.923392,581.656240,580.448522,579.300425,578.212342,577.184215,576.216594,575.309367,574.462903,573.677437,572.952770,572.289279,571.687078,571.146718,570.668266,570.251806,569.897770,569.606068,569.377226,569.211172,569.108285,569.068690,569.092606,569.180530,569.332161,569.547901,569.827983,570.172475,570.581800,571.055950,571.595014,572.199370,572.869028,573.604459,574.405795,575.273431,576.207006,577.206801,578.273361,579.407112,580.607507,581.875196,583.210173,584.612766,586.083047,587.621082,589.227312,590.901795,592.644750,594.456424,596.336875,598.286272,600.304995,602.393027,604.550569,606.777930,609.074841,611.441996,613.879320,616.387220,618.965642,621.614948,624.335012,627.126288,629.988587,632.922319,635.927788,639.004974,642.154010,645.375214,648.668589,652.034413,655.472803,658.984010,662.568072,666.225289,669.955697,673.759446,677.636778,681.587894,685.612792,689.711440,693.884530,698.131485,702.453054,706.849315,711.320356,715.866187,720.486992,725.182904,729.954092,734.800732,739.722862,744.720691,749.794354,754.944357,760.170450,765.472566,770.851054,776.306265,781.837865,787.446172,793.131645,798.893993,804.733730,810.650663,816.644881,822.716826,828.866593,835.093877,841.399197,847.782410,854.243887,860.783738,867.401942,874.098466,880.873602,887.727521,894.660259,901.671860,908.762554,915.932522,923.181768,930.510530,937.918396,945.405867,952.973251,960.620209,968.347141,976.154016,984.040971,992.008181,1000.055415,1008.182916,1016.390934,1024.679374,1033.048497,1041.498794,1050.029643,1058.641052,1067.333728,1076.107560,1084.962122,1093.898213,1102.915398,1112.013811,1121.193790,1130.455024,1139.798172,1149.222832,1158.729281,1168.317712,1177.987869,1187.739979,1197.574162,1207.490281,1217.488684,1227.569168,1237.731931,1247.977066,1258.304472,1268.714957,1279.207406,1289.782525,1300.440229,1311.180788,1322.003897
3065.216296,3054.466937,3043.724688,3032.989852,3022.261457,3011.541448,3000.828957,2990.123941,2979.426731,2968.737273,2958.055662,2947.381481,2936.715537,2926.057868,2915.408095,2904.766538,2894.133375,2883.508728,2872.892408,2862.284790,2851.685830,2841.095540,2830.513834,2819.940475,2809.376720,2798.821462,2788.275942,2777.739550,2767.212291,2756.694266,2746.185700,2735.686400,2725.197041,2714.717616,2704.247964,2693.788441,2683.338789,2672.899244,2662.469851,2652.050649,2641.641482,2631.242701,2620.854841,2610.477207,2600.110659,2589.754934,2579.409625,2569.075579,2558.752763,2548.440656,2538.140160,2527.851117,2517.573387,2507.307196,2497.052461,2486.809778,2476.578814,2466.359416,2456.152379,2445.957679,2435.774852,2425.604321,2415.446590,2405.301119,2395.168258,2385.048067,2374.941016,2364.846479,2354.765399,2344.696862,2334.642149,2324.600354,2314.572170,2304.557647,2294.556524,2284.569811,2274.596919,2264.638068,2254.693067,2244.762653,2234.846296,2224.944409,2215.057325,2205.184214,2195.326232,2185.483307,2175.655022,2165.842188,2156.044346,2146.261593,2136.494469,2126.742792,2117.007175,2107.287358,2097.583378,2087.895259,2078.223449,2068.567749,2058.928507,2049.305884,2039.699817,2030.110444,2020.537798,2010.982062,2001.443631,1991.922566,1982.418358,1972.932031,1963.463387,1954.012207,1944.579017,1935.163802,1925.766532,1916.387427,1907.026850,1897.684772,1888.361152,1879.056365,1869.770847,1860.503475,1851.255486,1842.026984,1832.817861,1823.628441,1814.458394,1805.308555,1796.178254,1787.068230,1777.978411,1768.908746,1759.859840,1750.831605,1741.824129,1732.837293,1723.871516,1714.927035,1706.003074,1697.101300,1688.221125,1679.362974,1670.526075,1661.711413,1652.918007,1644.148004,1635.400458,1626.675621,1617.973613,1609.293829,1600.637348,1592.004473,1583.394897,1574.808820,1566.246105,1557.707228,1549.192428,1540.701669,1532.235156,1523.793265,1515.375723,1506.982723,1498.614835,1490.272029,1481.954271,1473.661601,1465.394303,1457.153201,1448.937868,1440.748290,1432.584910,1424.447888,1416.337267,1408.253093,1400.195767,1392.165541,1384.162477,1376.186485,1368.238101,1360.317216,1352.424139,1344.558909,1336.721749,1328.913203,1321.132627,1313.380864,1305.657761,1297.963326,1290.298397,1282.662595,1275.055974,1267.479089,1259.932127,1252.414841,1244.927899,1237.471319,1230.045194,1222.649540,1215.284749,1207.951088,1200.648493,1193.377577,1186.138068,1178.929948,1171.753936,1164.610298,1157.498688,1150.419376,1143.372458,1136.357916,1129.376999,1122.429473,1115.515128,1108.634456,1101.787249,1094.973721,1088.194751,1081.449565,1074.738809,1068.063143,1061.422518,1054.816606,1048.245620,1041.710211,1035.210288,1028.745911,1022.317988,1015.925040,1009.568397,1003.249331,996.967408,990.644919,984.515424,978.345483,972.212800,966.117786,960.060465,954.041514,948.060497,942.050823,936.213904,930.348951,924.463554,918.736258,912.989584,907.283179,901.615993,895.988643,890.401487,884.854167,879.348734,873.882874,868.456898,863.073487,857.733699,852.436118,847.179607,841.959872,836.793253,831.663161,826.575051,821.531162,816.528991,811.570119,806.654659,801.786484,796.959161,792.178625,787.441334,782.747316,778.099359,773.496874,768.937645,764.426902,759.961514,755.540271,751.164114,746.833882,742.550902,738.314215,734.124158,729.980393,725.884598,721.836080,717.835263,713.882759,709.979140,706.123400,702.315893,698.557370,694.848178,691.187853,687.577617,684.016924,680.505434,677.044059,673.633629,670.273337,666.963781,663.704915,660.497476,657.340910,654.236140,651.182924,648.181872,645.232702,642.336278,639.492061,636.701287,633.963106,631.278132,628.647131,626.069764,623.546365,621.076800,618.662006,616.301602,613.995703,611.745059,609.549027,607.408736,605.323953,603.295042,601.321822,599.405414,597.545190,595.741635,593.995280,592.305788,590.673524,589.098438,587.581406,586.122089,584.721124,583.378494,582.094156,580.868672,579.702109,578.594785,577.546963,576.558700,575.630499,574.762131,573.953962,573.206380,572.519080,571.892550,571.326852,570.822517,570.379516,569.998246,569.678681,569.421259,569.226025,569.093231,569.023038,569.015713,569.071499,569.190727,569.373178,569.619487,569.929397,570.303438,570.741592,571.244283,571.811323,572.443373,573.140136,573.902172,574.729832,575.623008,576.581800,577.606365,578.697579,579.854891,581.078691,582.369283,583.726779,585.151322,586.643117,588.202242,589.829084,591.523700,593.286371,595.117280,597.016507,598.984220,601.020878,603.126239,605.300825,607.544580,609.857510,612.240265,614.692868,617.215294,619.808002,622.471021,625.204407,628.008555,630.883214,633.828987,636.845985,639.934187,643.093892,646.325319,649.628397,653.003608,656.450823,659.970449,663.562607,667.227254,670.964811,674.775180,678.658741,682.615652,686.645898,690.749476,694.927067,699.178083,703.503283,707.902748,712.376562,716.924740,721.547466,726.244873,731.017109,735.864420,740.786763,745.784411,750.857460,756.006432,761.231077,766.531328,771.907536,777.360054,782.888627,788.493371,794.174868,799.932897,805.767890,811.679637,817.668337,823.734464,829.877730,836.098252,842.396410,848.772072,855.225581,861.757078,868.366521,875.053963,881.819573,888.663510,895.586015,902.586831,909.666435,916.824928,924.062315,931.378835,938.774078,946.248545,953.802548,961.435748,969.148545,976.941033,984.812984,992.764940,1000.796550,1008.908059,1017.099717,1025.371431,1033.723685,1042.156308,1050.669343,1059.262576,1067.936719,1076.691661,1085.526976,1094.443466,1103.440697,1112.518804,1121.678060,1130.918358,1140.240155,1149.643118,1159.127527,1168.693574,1178.341007,1188.070052,1197.880833,1207.773213,1217.747541,1227.803618,1237.941640,1248.161703,1258.463709,1268.848465,1279.314860,1289.863599,1300.494599,1311.208133,1322.003897
3030.643666,3020.033002,3009.429333,2998.832785,2988.243060,2977.661344,2967.087007,2956.520208,2945.960981,2935.409274,2924.865437,2914.328925,2903.800706,2893.280320,2882.767880,2872.263561,2861.767517,2851.279901,2840.800449,2830.329609,2819.867276,2809.413421,2798.968493,2788.531247,2778.103761,2767.684502,2757.274933,2746.874445,2736.482818,2726.100407,2715.726738,2705.363392,2695.009493,2684.665039,2674.330038,2664.005336,2653.690352,2643.385334,2633.090363,2622.805550,2612.530538,2602.265906,2592.011799,2581.767900,2571.534954,2561.312664,2551.100810,2540.899889,2530.710061,2520.531302,2510.363227,2500.206467,2490.061304,2479.927605,2469.805219,2459.694365,2449.595028,2439.507531,2429.432132,2419.368433,2409.317129,2399.277650,2389.250798,2379.236125,2369.233788,2359.244270,2349.267074,2339.303075,2329.351517,2319.413033,2309.488024,2299.576048,2289.676656,2279.791235,2269.919458,2260.061004,2250.216760,2240.386218,2230.569741,2220.767015,2210.978634,2201.204457,2191.444627,2181.699092,2171.968321,2162.252252,2152.550850,2142.864538,2133.192891,2123.536508,2113.895338,2104.269573,2094.659637,2085.065243,2075.486506,2065.923434,2056.376475,2046.845493,2037.330608,2027.832279,2018.350172,2008.884492,1999.435762,1990.003384,1980.588310,1971.189767,1961.808712,1952.444986,1943.098710,1933.769840,1924.458426,1915.164977,1905.889097,1896.631372,1887.391801,1878.170689,1868.967757,1859.783245,1850.617539,1841.470401,1832.342005,1823.233238,1814.143527,1805.072844,1796.021672,1786.990127,1777.978404,1768.986514,1760.014341,1751.062346,1742.131001,1733.219746,1724.329138,1715.458859,1706.609531,1697.781172,1688.973443,1680.186727,1671.422150,1662.678616,1653.956926,1645.257086,1636.578143,1627.922069,1619.288239,1610.677056,1602.088050,1593.521573,1584.978123,1576.457442,1567.960192,1559.486116,1551.034939,1542.607625,1534.203831,1525.823896,1517.468231,1509.136610,1500.828760,1492.545887,1484.287602,1476.053824,1467.844988,1459.660794,1451.501955,1443.368596,1435.261192,1427.179154,1419.123040,1411.092791,1403.088789,1395.110902,1387.159491,1379.234910,1371.337210,1363.466278,1355.622634,1347.806213,1340.017275,1332.255878,1324.522290,1316.816834,1309.139273,1301.489909,1293.869207,1286.276711,1278.713406,1271.178910,1263.673273,1256.197184,1248.750422,1241.333147,1233.945886,1226.588719,1219.261524,1211.964591,1204.698157,1197.462519,1190.257534,1183.083940,1175.941404,1168.830108,1161.750430,1154.702697,1147.686809,1140.702753,1133.750682,1126.830898,1119.944171,1113.090430,1106.269673,1099.482248,1092.727948,1086.006849,1079.319995,1072.666468,1066.047203,1059.462651,1052.912444,1046.396890,1039.916106,1033.470109,1027.059252,1020.683784,1014.344010,1008.039253,1001.770227,995.539295,989.264465,983.186499,977.065263,970.981059,964.933832,958.923825,952.951172,947.016477,941.119410,935.260115,929.439733,923.657416,917.914163,912.210104,906.544518,900.918722,895.331726,889.783042,884.277556,878.810640,873.383136,867.966962,862.649372,857.344115,852.080012,846.863154,841.681539,836.542335,831.447192,826.395749,821.380561,816.409842,811.478321,806.595588,801.756744,796.959829,792.207940,787.497912,782.832115,778.208172,773.631980,769.100570,764.612211,760.169677,755.774053,751.421264,747.112819,742.851112,738.635696,734.466002,730.342699,726.264863,722.234445,718.251505,714.315834,710.428027,706.588315,702.795741,699.051602,695.355926,691.708999,688.110653,684.561572,681.061765,677.610757,674.209555,670.858447,667.557532,664.306684,661.105780,657.956293,654.857122,651.809237,648.812463,645.867331,642.973553,640.132354,637.343079,634.606107,631.921786,629.290101,626.711977,624.186936,621.715379,619.297296,616.933530,614.623576,612.367854,610.166713,608.019784,605.928184,603.891522,601.910345,599.984618,598.115058,596.301127,594.543596,592.842785,591.198206,589.610228,588.079404,586.605933,585.189809,583.831531,582.530938,581.288459,580.104248,578.978492,577.911525,576.903536,575.954747,575.065460,574.235552,573.465438,572.755445,572.105197,571.515294,570.985701,570.516967,570.109339,569.762743,569.477462,569.253859,569.091975,568.992037,568.954178,568.978920,569.066274,569.216517,569.429454,569.705817,570.045395,570.448598,570.915549,571.446376,572.041171,572.700508,573.424065,574.212565,575.066190,575.984756,576.968560,578.017710,579.132889,580.313864,581.560920,582.874092,584.253840,585.700080,587.213248,588.793256,590.440455,592.155041,593.937210,595.787133,597.704895,599.690723,601.745043,603.867612,606.058952,608.318898,610.647805,613.045924,615.513517,618.050466,620.657181,623.333801,626.080446,628.897197,631.784080,634.741654,637.770076,640.869187,644.039424,647.280866,650.593546,653.977841,657.433888,660.961764,664.561768,668.233865,671.978354,675.795261,679.684926,683.647662,687.682994,691.791381,695.973349,700.228374,704.557085,708.959656,713.436076,717.986496,722.611090,727.309846,732.083074,736.930917,741.853392,746.850824,751.923305,757.070955,762.294066,767.592369,772.966216,778.416011,783.941351,789.542587,795.219999,800.973621,806.803871,812.710330,818.693409,824.753513,830.890355,837.104053,843.394989,849.763033,856.208527,862.731760,869.332256,876.010504,882.766544,889.600491,896.512634,903.502701,910.571172,917.718147,924.943656,932.247871,939.630451,947.091878,954.632462,962.251869,969.950498,977.728444,985.585482,993.522155,1001.538111,1009.633600,1017.808872,1026.063834,1034.399060,1042.814140,1051.309318,1059.884355,1068.540011,1077.275976,1086.092026,1094.988897,1103.966158,1113.023944,1122.162529,1131.381810,1140.682243,1150.063497,1159.525854,1169.069508,1178.694206,1188.400178,1198.187549,1208.056182,1218.006429,1228.038091,1238.151367,1248.346355,1258.622956,1268.981980,1279.422317,1289.944675,1300.548971,1311.235479,1322.003897
2996.498144,2986.024305,2975.557361,2965.097445,2954.644241,2944.198958,2933.760993,2923.330448,2912.907352,2902.491780,2892.083849,2881.682990,2871.290530,2860.905918,2850.528981,2840.159976,2829.799134,2819.446693,2809.102332,2798.766444,2788.438926,2778.119908,2767.809191,2757.506792,2747.213633,2736.928718,2726.653292,2716.386753,2706.129107,2695.880408,2685.640408,2675.410632,2665.190234,2654.978954,2644.777572,2634.585455,2624.403315,2614.231114,2604.068817,2593.916422,2583.773815,2573.641523,2563.519661,2553.408010,2543.306531,2533.215946,2523.135532,2513.066151,2503.007802,2492.960091,2482.923408,2472.897192,2462.882781,2452.879500,2442.887616,2432.907216,2422.937771,2412.980297,2403.034841,2393.100895,2383.178699,2373.268817,2363.371145,2353.485677,2343.612317,2333.751414,2323.903046,2314.067316,2304.243953,2294.433689,2284.636675,2274.852046,2265.080609,2255.322875,2245.578131,2235.846790,2226.129389,2216.425651,2206.735677,2197.059640,2187.397450,2177.749262,2168.114797,2158.495249,2148.890144,2139.299326,2129.723335,2120.161718,2110.615002,2101.083440,2091.566715,2082.064917,2072.579024,2063.108467,2053.653226,2044.213845,2034.790158,2025.382079,2015.990324,2006.614613,1997.255013,1987.911539,1978.584764,1969.274690,1959.981058,1950.703848,1941.444181,1932.201586,1922.976106,1913.767983,1904.576895,1895.403511,1886.247765,1877.110028,1867.989821,1858.887949,1849.804312,1840.738818,1831.691478,1822.663010,1813.652811,1804.662008,1795.690177,1786.736824,1777.803168,1768.888586,1759.993739,1751.118474,1742.262994,1733.427001,1724.611430,1715.816172,1707.040888,1698.285759,1689.551403,1680.837760,1672.144390,1663.472015,1654.820981,1646.191610,1637.583399,1628.996352,1620.431118,1611.887432,1603.366310,1594.867065,1586.389787,1577.935260,1569.503230,1561.093709,1552.707352,1544.343747,1536.003092,1527.685752,1519.391904,1511.121523,1502.875136,1494.652179,1486.453406,1478.278947,1470.128832,1462.002957,1453.901598,1445.824786,1437.773091,1429.746426,1421.745364,1413.769776,1405.819564,1397.894928,1389.996245,1382.123591,1374.276930,1366.456559,1358.662996,1350.895904,1343.155799,1335.442616,1327.756613,1320.097848,1312.466585,1304.862831,1297.287297,1289.739333,1282.219525,1274.727998,1267.265134,1259.830556,1252.425004,1245.048517,1237.700651,1230.382473,1223.093730,1215.834786,1208.605490,1201.406188,1194.236901,1187.098199,1179.989800,1172.912479,1165.865428,1158.850154,1151.865726,1144.912887,1137.991587,1131.101451,1124.243372,1117.417238,1110.623957,1103.862949,1097.134534,1090.439336,1083.776950,1077.147163,1070.551456,1063.988599,1057.459945,1050.965435,1044.504879,1038.078577,1031.686665,1025.329011,1019.006659,1012.719096,1006.466657,1000.248027,994.067294,987.922762,981.813839,975.741652,969.705665,963.706360,957.743711,951.817773,945.928962,940.074127,934.263575,928.487037,922.748683,917.048171,911.386823,905.763387,900.178768,894.632952,889.126407,883.635958,878.230748,872.842337,867.493848,862.184649,856.913803,851.687340,846.504675,841.357919,836.248584,831.190421,826.169954,821.190664,816.252100,811.349984,806.502340,801.687208,796.922099,792.197925,787.516640,782.878463,778.283757,773.731047,769.224310,764.761960,760.343860,755.970303,751.642893,747.357684,743.117572,738.922900,734.774134,730.670735,726.612902,722.601223,718.635896,714.717727,710.846218,707.022344,703.245723,699.516178,695.834432,692.201167,688.615777,685.078678,681.590255,678.150872,674.759645,671.418050,668.125717,664.883526,661.690779,658.547883,655.455104,652.412840,649.421264,646.480447,643.590636,640.752079,637.965325,635.230195,632.546814,629.915645,627.336782,624.811057,622.337734,619.917651,617.550611,615.237200,612.977322,610.771220,608.619072,606.520838,604.477573,602.488597,600.554663,598.675887,596.852623,595.084725,593.372671,591.716769,590.116714,588.572884,587.085819,585.655426,584.282023,582.966112,581.707240,580.506138,579.362752,578.277403,577.250596,576.281995,575.372344,574.521530,573.729705,572.997459,572.324472,571.711029,571.157231,570.663523,570.230179,569.857423,569.545182,569.293857,569.103771,568.974850,568.907542,568.901705,568.958187,569.076710,569.257681,569.501056,569.807069,570.175957,570.608038,571.103408,571.662162,572.284531,572.970856,573.720978,574.535666,575.414891,576.358657,577.367157,578.440591,579.579748,580.783988,582.053953,583.389715,584.791416,586.259121,587.793336,589.393992,591.061384,592.795695,594.597129,596.465878,598.402006,600.405673,602.477533,604.617090,606.825018,609.101078,611.445650,613.858985,616.341322,618.892621,621.513213,624.203265,626.962912,629.792211,632.691154,635.660463,638.700043,641.809928,644.990499,648.241837,651.563972,654.957275,658.421916,661.957938,665.565653,669.245027,672.996359,676.819690,680.715345,684.683607,688.724059,692.837278,697.023243,701.282228,705.614349,710.020039,714.498903,719.051394,723.677758,728.377866,733.151926,738.000214,742.922730,747.919786,752.991447,758.137919,763.359412,768.655684,774.027125,779.474033,784.996113,790.593681,796.267019,802.016161,807.841529,813.742701,819.720093,825.774110,831.904465,838.111278,844.394933,850.755315,857.192723,863.707517,870.299133,876.968152,883.714540,890.538573,897.440198,904.419471,911.476754,918.612374,925.826025,933.117636,940.487516,947.935864,955.462994,963.068571,970.752998,978.516371,986.358464,994.279823,1002.280098,1010.359538,1018.518397,1026.756582,1035.074769,1043.472249,1051.949568,1060.506388,1069.143469,1077.860505,1086.657271,1095.534507,1104.491780,1113.529230,1122.647131,1131.845379,1141.124436,1150.483969,1159.924262,1169.445512,1179.047466,1188.730357,1198.494308,1208.339187,1218.265347,1228.272589,1238.361114,1248.531021,1258.782214,1269.115503,1279.529780,1290.025754,1300.603343,1311.262825,1322.003897
2962.773373,2952.434522,2942.102473,2931.777357,2921.458858,2911.148182,2900.844725,2890.548573,2880.259788,2869.978488,2859.704667,2849.437908,2839.179352,2828.928415,2818.685177,2808.449928,2798.222407,2788.003344,2777.792254,2767.589527,2757.395084,2747.209006,2737.031202,2726.861522,2716.700102,2706.548285,2696.405378,2686.270942,2676.145660,2666.028614,2655.920885,2645.822815,2635.734075,2625.654449,2615.584448,2605.523872,2595.472573,2585.431286,2575.399874,2565.378367,2555.366440,2545.364852,2535.373098,2525.391932,2515.420836,2505.459656,2495.509205,2485.569650,2475.640746,2465.722585,2455.815289,2445.918241,2436.032815,2426.158540,2416.295396,2406.443500,2396.602469,2386.773431,2376.955996,2367.150191,2357.355896,2347.573718,2337.803486,2328.045294,2318.299185,2308.565482,2298.844014,2289.135029,2279.438312,2269.754523,2260.083809,2250.425603,2240.780163,2231.147920,2221.529293,2211.923162,2202.330935,2192.752304,2183.187370,2173.636030,2164.098581,2154.574708,2145.064514,2135.569198,2126.087966,2116.620951,2107.168531,2097.730089,2088.306799,2078.898186,2069.504431,2060.125694,2050.761850,2041.413588,2032.080497,2022.763028,2013.461134,2004.174670,1994.904097,1985.649395,1976.410714,1967.188209,1957.981901,1948.792168,1939.618512,1930.461538,1921.321627,1912.198590,1903.092503,1894.003372,1884.931490,1875.876609,1866.839418,1857.819924,1848.818077,1839.833824,1830.867893,1821.919736,1812.989665,1804.078073,1795.184936,1786.310608,1777.454747,1768.617905,1759.799988,1751.001213,1742.221822,1733.461762,1724.721264,1716.000208,1707.298959,1698.617845,1689.956619,1681.315458,1672.694813,1664.094271,1655.513815,1646.954501,1638.416068,1629.898907,1621.402537,1612.927751,1604.474156,1596.041985,1587.631793,1579.243169,1570.876767,1562.532588,1554.210721,1545.910959,1537.634173,1529.379846,1521.148260,1512.939613,1504.754192,1496.592323,1488.453870,1480.338679,1472.247309,1464.179992,1456.136738,1448.117493,1440.122501,1432.151577,1424.205804,1416.284697,1408.388943,1400.518305,1392.672739,1384.852616,1377.057910,1369.289046,1361.545934,1353.828786,1346.138143,1338.473671,1330.835912,1323.224778,1315.640494,1308.083202,1300.553084,1293.050125,1285.575169,1278.127457,1270.707581,1263.315793,1255.952122,1248.616548,1241.309687,1234.031600,1226.781775,1219.561421,1212.370021,1205.208083,1198.075692,1190.972859,1183.899833,1176.856701,1169.843942,1162.861791,1155.909589,1148.988874,1142.098593,1135.239593,1128.411842,1121.614800,1114.849190,1108.116069,1101.414866,1094.745707,1088.108866,1081.504722,1074.932933,1068.393782,1061.888029,1055.414996,1048.975863,1042.570405,1036.198558,1029.860563,1023.440030,1017.286182,1011.051484,1004.850341,998.684255,992.552417,986.457892,980.363736,974.375002,968.387431,962.435926,956.520615,950.641430,944.798702,938.992827,933.221917,927.492216,921.797449,916.140739,910.519811,904.939649,899.397219,893.891719,888.425698,882.998380,877.609097,872.260016,866.949294,861.677999,856.445195,851.252244,846.102485,840.993868,835.923918,830.887986,825.907152,820.960959,816.054849,811.190008,806.366703,801.585439,796.844621,792.150199,787.495007,782.888512,778.319539,773.795756,769.312588,764.875906,760.482206,756.133041,751.826827,747.567505,743.349542,739.176651,735.049036,730.965835,726.928399,722.935515,718.988905,715.088149,711.233836,707.425832,703.665456,699.951566,696.284181,692.664338,689.092505,685.567923,682.091811,678.663497,675.283776,671.951816,668.669349,665.435342,662.251040,659.115797,656.029969,652.993847,650.007881,647.071741,644.186625,641.351752,638.567533,635.834574,633.153306,630.523010,627.944472,625.418037,622.944099,620.522079,618.152739,615.836481,613.572958,611.362580,609.205624,607.101827,605.052087,603.056514,601.114856,599.227826,597.395580,595.618036,593.895732,592.228769,590.617408,589.061547,587.561355,586.117460,584.729874,583.398785,582.124784,580.907244,579.746996,578.644167,577.598894,576.611627,575.682184,574.811280,573.998582,573.244655,572.549652,571.913386,571.336344,570.818398,570.360216,569.961771,569.623687,569.345460,569.127811,568.970816,568.874709,568.839617,568.865728,568.953413,569.102873,569.314212,569.587489,569.923075,570.321014,570.781739,571.305245,571.891633,572.541226,573.254386,574.030754,574.871318,575.775999,576.744545,577.777629,578.875096,580.037842,581.265209,582.557850,583.915835,585.339281,586.828448,588.383371,590.004478,591.691832,593.445656,595.266197,597.153516,599.107785,601.129224,603.218314,605.374763,607.598992,609.890978,612.251031,614.679402,617.176283,619.741760,622.376179,625.079389,627.851857,630.693399,633.604417,636.585225,639.635853,642.756372,645.947128,649.208213,652.539661,655.941840,659.414924,662.958955,666.574238,670.260766,674.018813,677.848546,681.749916,685.723654,689.769081,693.887014,698.076986,702.339700,706.675173,711.083685,715.565145,720.119514,724.747564,729.448824,734.223729,739.072306,743.994769,748.991358,754.062231,759.207320,764.427109,769.721268,775.090370,780.534164,786.052907,791.646735,797.315892,803.060514,808.880929,814.776655,820.748395,826.796252,832.920058,839.119987,845.396238,851.748935,858.178167,864.684443,871.267150,877.926871,884.663574,891.477536,898.368705,905.337137,912.383197,919.507215,926.708882,933.988130,941.345270,948.780502,956.294239,963.885949,971.556047,979.304909,987.131930,995.038006,1003.022510,1011.085874,1019.228293,1027.449676,1035.750705,1044.130656,1052.590101,1061.128937,1069.747161,1078.445247,1087.222712,1096.080295,1105.017565,1114.034662,1123.131863,1132.309066,1141.566733,1150.904533,1160.322752,1169.821587,1179.400821,1189.060587,1198.801112,1208.622337,1218.524295,1228.507111,1238.570880,1248.715702,1258.941482,1269.249033,1279.637280,1290.106835,1300.657717,1311.290171,1322.003897
2929.463139,2919.257341,2909.058518,2898.865736,2888.680816,2878.502953,2868.332214,2858.168680,2848.012419,2837.863528,2827.721584,2817.587567,2807.461140,2797.342317,2787.231004,2777.127452,2767.032053,2756.944207,2746.864618,2736.793291,2726.730141,2716.675247,2706.627978,2696.589833,2686.559556,2676.538173,2666.525748,2656.521828,2646.526762,2636.539860,2626.562780,2616.594831,2606.635724,2596.686139,2586.745834,2576.814939,2566.893204,2556.981117,2547.078854,2537.186191,2527.303259,2517.430598,2507.567563,2497.714859,2487.872322,2478.039204,2468.217153,2458.405633,2448.604625,2438.814231,2429.034313,2419.265406,2409.506991,2399.759848,2390.023859,2380.298899,2370.584866,2360.882313,2351.191257,2341.511924,2331.843883,2322.187838,2312.543186,2302.910927,2293.290603,2283.681982,2274.086078,2264.502214,2254.930735,2245.371632,2235.825180,2226.291858,2216.770879,2207.262963,2197.768157,2188.286663,2178.817497,2169.362440,2159.920806,2150.492783,2141.078294,2131.677101,2122.289954,2112.916956,2103.558108,2094.213329,2084.882781,2075.566385,2066.264754,2056.977703,2047.705191,2038.447578,2029.204696,2019.976929,2010.764633,2001.567608,1992.385726,1983.219457,1974.068709,1964.933697,1955.814402,1946.710995,1937.623948,1928.553044,1919.497910,1910.459610,1901.437915,1892.432948,1883.444730,1874.473320,1865.518715,1856.581226,1847.661268,1838.758437,1829.873026,1821.005400,1812.155540,1803.323511,1794.509176,1785.713376,1776.935409,1768.176290,1759.435331,1750.712979,1742.009628,1733.325191,1724.659745,1716.013559,1707.386691,1698.779064,1690.190885,1681.622664,1673.074119,1664.545372,1656.036858,1647.548180,1639.079613,1630.631768,1622.204448,1613.798407,1605.412710,1597.048581,1588.705263,1580.383470,1572.082364,1563.803368,1555.546513,1547.311245,1539.098280,1530.907229,1522.738373,1514.592200,1506.468185,1498.367038,1490.289037,1482.234165,1474.202137,1466.193685,1458.208611,1450.247022,1442.309482,1434.395363,1426.505497,1418.639566,1410.798354,1402.981803,1395.189850,1387.422938,1379.680817,1371.963841,1364.272073,1356.605819,1348.964977,1341.349855,1333.760952,1326.197931,1318.661242,1311.151049,1303.667385,1296.210349,1288.780217,1281.376949,1274.001314,1266.652760,1259.331664,1252.038369,1244.772878,1237.535182,1230.325889,1223.145021,1215.992172,1208.868474,1201.773403,1194.707479,1187.670786,1180.663422,1173.685466,1166.736829,1159.818656,1152.930533,1146.072068,1139.244932,1132.447649,1125.681467,1118.945908,1112.241416,1105.567634,1098.926008,1092.315712,1085.737600,1079.191213,1072.677184,1066.195214,1059.745555,1053.328672,1046.944470,1040.593871,1034.276234,1027.992105,1021.741552,1015.524401,1009.341065,1003.192612,997.077091,990.995557,984.950741,978.941156,972.966630,967.026950,961.123174,955.255153,949.422782,943.626399,937.865987,932.142063,926.454802,920.804645,915.189489,909.591612,904.074982,898.573688,893.109918,887.683904,882.296554,876.945800,871.634325,866.329592,861.130309,855.935362,850.778818,845.662976,840.579274,835.554659,830.554448,825.604678,820.689102,815.818593,810.982229,806.193235,801.442739,796.733081,792.063323,787.441852,782.858778,778.319961,773.822260,769.367632,764.953496,760.585963,756.260318,751.979197,747.740447,743.547845,739.396744,735.290002,731.228119,727.210307,723.237833,719.309448,715.427289,711.590453,707.799649,704.054687,700.356659,696.705071,693.099340,689.541079,686.029748,682.565473,679.149610,675.780974,672.460148,669.186997,665.962644,662.786753,659.659700,656.581195,653.552176,650.572126,647.641891,644.761032,641.930704,639.150153,636.419942,633.740473,631.112170,628.534558,626.008200,623.533695,621.110864,618.739742,616.420817,614.154484,611.940498,609.779093,607.670850,605.615241,603.613233,601.664852,599.770236,597.929391,596.143210,594.411307,592.733994,591.111628,589.544488,588.032281,586.575235,585.174235,583.828957,582.539961,581.307234,580.130788,579.011094,577.948369,576.942760,575.994679,575.103997,574.271548,573.496550,572.780027,572.121913,571.522128,570.980890,570.498661,570.075557,569.711923,569.407866,569.163581,568.979216,568.855075,568.791340,568.788067,568.845821,568.964527,569.144680,569.385997,569.688953,570.053792,570.480496,570.969535,571.520929,572.134655,572.811228,573.550718,574.353322,575.219630,576.149292,577.142597,578.199686,579.321154,580.507226,581.757592,583.072565,584.452545,585.897563,587.407790,588.983356,590.624659,592.331816,594.104886,595.944281,597.850008,599.822238,601.861435,603.967356,606.140465,608.380902,610.688498,613.063921,615.507099,618.018443,620.597904,623.245847,625.962149,628.747272,631.600999,634.523828,637.516004,640.577511,643.708509,646.909292,650.179978,653.520594,656.931509,660.412897,663.964802,667.587527,671.281115,675.045722,678.881594,682.788999,686.767680,690.818032,694.940450,699.134444,703.400770,707.739423,712.150762,716.634527,721.190828,725.820393,730.522752,735.298341,740.147186,745.069504,750.065542,755.135492,760.279289,765.497153,770.789138,776.155615,781.596400,787.111729,792.701740,798.366676,804.106676,809.922070,815.812374,821.778439,827.819935,833.937129,840.130119,846.398871,852.743808,859.164950,865.662596,872.236305,878.886653,885.613727,892.417488,899.298153,906.255809,913.290493,920.402864,927.592506,934.859352,942.203779,949.625792,957.126002,964.703814,972.359643,980.093866,987.905880,995.796582,1003.765365,1011.812709,1019.938559,1028.143114,1036.426955,1044.789360,1053.230900,1061.751477,1070.351085,1079.030229,1087.788348,1096.626262,1105.543510,1114.540240,1123.616727,1132.772871,1142.009135,1151.325191,1160.721323,1170.197733,1179.754204,1189.390871,1199.107961,1208.905416,1218.783273,1228.741657,1238.780665,1248.900397,1259.100760,1269.382570,1279.744751,1290.187919,1300.712092,1311.317518,1322.003897
2896.561450,2886.486983,2876.419484,2866.357944,2856.304167,2846.257350,2836.217573,2826.184903,2816.159411,2806.141191,2796.129828,2786.126274,2776.130228,2766.141504,2756.160622,2746.187242,2736.221698,2726.263971,2716.314081,2706.372264,2696.438681,2686.513106,2676.595338,2666.686440,2656.785328,2646.893254,2637.009442,2627.134330,2617.267813,2607.409499,2597.561108,2587.721510,2577.890637,2568.069100,2558.256796,2548.453784,2538.660036,2528.875597,2519.100621,2509.335205,2499.579811,2489.834085,2480.098329,2470.372349,2460.656398,2450.950427,2441.254599,2431.569462,2421.894712,2412.230422,2402.576497,2392.933440,2383.300707,2373.679229,2364.068678,2354.468655,2344.880238,2335.302819,2325.736334,2316.181573,2306.638504,2297.106908,2287.586631,2278.078258,2268.582023,2259.097391,2249.625006,2240.164489,2230.716729,2221.281096,2211.857591,2202.446975,2193.049123,2183.663677,2174.291549,2164.932115,2155.585566,2146.252173,2136.932289,2127.625932,2118.332944,2109.053092,2099.787281,2090.535266,2081.296997,2072.072980,2062.862578,2053.666901,2044.485243,2035.318269,2026.165744,2017.027730,2007.904097,1998.795658,1989.702329,1980.624194,1971.561073,1962.513311,1953.480758,1944.463848,1935.462710,1926.477140,1917.507614,1908.553794,1899.616073,1890.695003,1881.790071,1872.901638,1864.029741,1855.174643,1846.336059,1837.514528,1828.709944,1819.922621,1811.152642,1802.400001,1793.664560,1784.947092,1776.247448,1767.565694,1758.902039,1750.255952,1741.628854,1733.019685,1724.429471,1715.858022,1707.305249,1698.771431,1690.256755,1681.761126,1673.284938,1664.827898,1656.390775,1647.973104,1639.575366,1631.197507,1622.838901,1614.501499,1606.184093,1597.887280,1589.611458,1581.356486,1573.122212,1564.908795,1556.716383,1548.545917,1540.396766,1532.269327,1524.163850,1516.080077,1508.018156,1499.978534,1491.960971,1483.966294,1475.994265,1468.044771,1460.118541,1452.215245,1444.335189,1436.478228,1428.644822,1420.835264,1413.049063,1405.286618,1397.548963,1389.835505,1382.146297,1374.481974,1366.842030,1359.227005,1351.636947,1344.072106,1336.532382,1329.018143,1321.529787,1314.067114,1306.630358,1299.219874,1291.835633,1284.477730,1277.146437,1269.841771,1262.564241,1255.313795,1248.090313,1240.894390,1233.725857,1226.585028,1219.472194,1212.387405,1205.330611,1198.302290,1191.302652,1184.331513,1177.389556,1170.476566,1163.592415,1156.737485,1149.912575,1143.117460,1136.351881,1129.616898,1122.911892,1116.237529,1109.593447,1102.979931,1096.396983,1089.845879,1083.325787,1076.837313,1070.380468,1063.955647,1057.562302,1051.201227,1044.872397,1038.576236,1032.313062,1026.082510,1019.884995,1013.720708,1007.589761,1001.492383,995.428772,989.398314,983.402010,977.441715,971.516151,965.625220,959.768816,953.947960,948.155532,942.416550,936.697774,931.018887,925.375999,919.769587,914.200115,908.665866,903.169215,897.708831,892.286351,886.901155,881.553518,876.243969,870.971581,865.737897,860.541848,855.385053,850.265858,845.183535,840.144825,835.146057,830.184681,825.256997,820.384020,815.543280,810.738439,805.981854,801.261856,796.583493,791.942473,787.348830,782.794394,778.283537,773.812622,769.384150,764.997868,760.653306,756.353470,752.095370,747.881905,743.710216,739.583205,735.498487,731.457502,727.460306,723.507695,719.598978,715.734926,711.916592,708.142837,704.414747,700.732157,697.096108,693.505555,689.961232,686.463792,683.012501,679.608590,676.251606,672.942262,669.679714,666.464922,663.298081,660.179597,657.109505,654.087144,651.114168,648.189752,645.314566,642.488490,639.712449,636.985497,634.308919,631.682394,629.106525,626.580985,624.106386,621.683275,619.311039,616.990411,614.721356,612.504416,610.339623,608.226737,606.166761,604.158836,602.204193,600.302395,598.454239,596.659562,594.918916,593.231999,591.599217,590.021253,588.497608,587.028634,585.614617,584.256042,582.952698,581.705229,580.513547,579.377689,578.298233,577.275182,576.308894,575.399578,574.547330,573.752714,573.015278,572.335869,571.714290,571.150596,570.645135,570.198010,569.809739,569.480473,569.210213,568.999383,568.847883,568.756370,568.724688,568.753056,568.842010,568.991450,569.201886,569.473098,569.805521,570.199200,570.654432,571.171507,571.750373,572.391233,573.094580,573.860151,574.688628,575.580274,576.534828,577.552615,578.633745,579.778928,580.987856,582.260894,583.598051,584.999793,586.466095,587.997187,589.593213,591.254495,592.981091,594.773347,596.631426,598.555321,600.545312,602.601828,604.724626,606.914172,609.170604,611.493753,613.884293,616.342298,618.867774,621.461052,624.122296,626.851629,629.649137,632.514885,635.449377,638.452728,641.524922,644.666304,647.876973,651.157032,654.506793,657.926266,661.415820,664.975574,668.605540,672.306016,676.077034,679.918939,683.831894,687.815809,691.870927,695.997693,700.195608,704.465433,708.807257,713.221171,717.707193,722.265396,726.896275,731.599628,736.375827,741.224846,746.146928,751.142318,756.211213,761.353567,766.569538,771.859244,777.223038,782.660736,788.172575,793.758694,799.419337,805.154815,810.964947,816.849758,822.809930,828.845158,834.955678,841.141600,847.402893,853.739980,860.153005,866.641902,873.206645,879.847544,886.564834,893.358426,900.228489,907.175266,914.198639,921.299322,928.476897,935.731300,943.062910,950.471733,957.958381,965.522259,973.163784,980.883337,988.680313,996.555611,1004.508625,1012.539838,1020.649195,1028.836896,1037.103651,1045.448360,1053.871975,1062.374270,1070.955243,1079.615400,1088.354179,1097.172405,1106.069618,1115.045964,1124.101722,1133.236945,1142.451642,1151.745940,1161.119976,1170.573950,1180.107648,1189.721206,1199.414853,1209.188533,1219.042282,1228.976228,1238.990468,1249.085106,1259.260050,1269.516114,1279.852228,1290.269005,1300.766468,1311.344865,1322.003897
2864.062194,2854.117487,2844.179372,2834.247458,2824.323092,2814.405596,2804.495048,2794.591516,2784.695090,2774.805803,2764.923260,2755.048508,2745.181130,2735.320959,2725.468397,2715.623608,2705.786466,2695.956877,2686.134938,2676.321255,2666.515382,2656.717575,2646.927474,2637.146133,2627.372478,2617.607772,2607.851078,2598.103189,2588.363692,2578.632292,2568.910548,2559.197782,2549.493554,2539.798467,2530.112430,2520.435553,2510.768005,2501.109613,2491.460707,2481.820785,2472.191020,2462.570908,2452.960427,2443.359601,2433.768654,2424.187938,2414.617011,2405.056512,2395.506490,2385.966493,2376.437148,2366.918320,2357.410111,2347.912147,2338.425344,2328.949232,2319.484294,2310.030124,2300.587426,2291.155421,2281.735359,2272.326783,2262.929448,2253.543551,2244.169260,2234.807381,2225.456690,2216.118383,2206.792573,2197.478875,2188.176875,2178.887297,2169.610809,2160.346750,2151.095250,2141.856782,2132.631106,2123.418139,2114.218299,2105.031911,2095.858467,2086.698862,2077.552699,2068.420078,2059.301403,2050.196162,2041.104932,2032.027945,2022.964951,2013.916547,2004.882387,1995.862422,1986.856826,1977.866071,1968.890419,1959.929406,1950.983695,1942.053039,1933.137344,1924.237124,1915.352323,1906.483307,1897.629425,1888.791833,1879.970199,1871.164419,1862.374934,1853.601667,1844.844792,1836.104289,1827.380485,1818.673326,1809.983137,1801.309459,1792.653465,1784.014098,1775.392249,1766.787901,1758.201456,1749.632437,1741.080879,1732.547640,1724.032457,1715.535454,1707.056961,1698.596941,1690.155503,1681.732744,1673.328964,1664.943969,1656.578129,1648.231335,1639.904188,1631.596110,1623.307827,1615.039514,1606.789984,1598.561210,1590.352207,1582.164093,1573.996430,1565.849363,1557.722521,1549.616761,1541.531743,1533.467992,1525.425454,1517.404600,1509.405186,1501.427542,1493.471254,1485.537206,1477.624877,1469.735179,1461.867542,1454.022839,1446.200813,1438.401488,1430.625103,1422.871494,1415.141390,1407.434540,1399.751167,1392.091275,1384.455724,1376.844187,1369.256526,1361.693538,1354.154655,1346.640506,1339.150823,1331.686283,1324.246594,1316.832320,1309.442943,1302.079499,1294.741539,1287.429668,1280.143760,1272.883729,1265.650227,1258.442951,1251.262592,1244.108977,1236.982065,1229.882401,1222.809818,1215.764673,1208.747210,1201.757494,1194.795499,1187.861713,1180.956140,1174.078873,1167.230485,1160.410687,1153.619528,1146.857231,1140.124756,1133.421273,1126.747689,1120.103960,1113.490156,1106.906460,1100.352591,1093.829045,1087.336348,1080.874689,1074.443764,1068.044038,1061.675868,1055.338825,1049.033599,1042.759855,1036.518188,1030.309008,1024.132073,1017.987626,1011.876086,1005.797300,999.751452,993.738796,987.759276,981.812037,975.901317,970.024451,964.181968,958.373677,952.599763,946.853928,941.157081,935.485155,929.850505,924.256049,918.692534,913.164351,907.676896,902.221087,896.803855,891.422648,886.075753,880.770338,875.497955,870.267272,865.071758,859.914929,854.794684,849.712757,844.668270,839.661777,834.697260,829.772293,824.880629,820.037418,815.229355,810.461958,805.733303,801.044645,796.389463,791.786497,787.218018,782.692750,778.205859,773.768268,769.366338,765.006091,760.686757,756.410868,752.179079,747.987461,743.839876,739.735256,735.673573,731.654345,727.677880,723.745669,719.857076,716.011770,712.211289,708.455988,704.744793,701.078673,697.458000,693.883442,690.353453,686.869720,683.432153,680.040667,676.696124,673.397752,670.146914,666.942260,663.785128,660.675198,657.613571,654.599665,651.633300,648.715770,645.846306,643.025545,640.253917,637.531077,634.857861,632.234165,629.660132,627.136336,624.662230,622.238703,619.866503,617.544674,615.273790,613.054292,610.886450,608.770166,606.705566,604.693105,602.732405,600.824534,598.969283,597.166907,595.417821,593.722020,592.080022,590.491440,588.957124,587.476972,586.050820,584.679189,583.362656,582.100819,580.894473,579.743414,578.647863,577.608143,576.624476,575.697045,574.826200,574.012016,573.254929,572.554690,571.912017,571.326591,570.798620,570.328508,569.916265,569.562338,569.267176,569.030393,568.852633,568.733930,568.674617,568.674691,568.734349,568.854244,569.034121,569.274599,569.575279,569.936825,570.359124,570.842614,571.387389,571.993565,572.661325,573.391057,574.182601,575.036692,575.953339,576.932531,577.974513,579.079349,580.247859,581.479677,582.775131,584.134263,585.557629,587.044883,588.596634,590.212902,591.893947,593.639919,595.451046,597.327525,599.269421,601.277002,603.350612,605.490101,607.695950,609.968125,612.306645,614.712099,617.184643,619.724160,622.331067,625.005503,627.747611,630.557428,633.435032,636.380995,639.395403,642.478195,645.629704,648.850153,652.139478,655.498065,658.926128,662.423675,665.991035,669.628178,673.335408,677.112756,680.960569,684.879122,688.868071,692.927753,697.058745,701.260466,705.533731,709.878478,714.294948,718.783112,723.343161,727.975240,732.679491,737.456181,742.305281,747.227034,752.221581,757.289439,762.430366,767.644302,772.931605,778.292636,783.727070,789.235234,794.817593,800.473871,806.204586,812.009557,817.888880,823.843009,829.871917,835.975700,842.154495,848.408270,854.737450,861.142194,867.622395,874.178071,880.809519,887.516974,894.300351,901.159862,908.095596,915.107767,922.196620,929.362054,936.604092,943.922729,951.318470,958.791394,966.341283,973.968472,981.673321,989.455478,997.315092,1005.252309,1013.267363,1021.360201,1029.531090,1037.780541,1046.107657,1054.513323,1062.997315,1071.559753,1080.200783,1088.920206,1097.718727,1106.595886,1115.551834,1124.586849,1133.700985,1142.894253,1152.166782,1161.518710,1170.950238,1180.461153,1190.051594,1199.721790,1209.471686,1219.301321,1229.210823,1239.200291,1249.269830,1259.419349,1269.649625,1279.959709,1290.350094,1300.820845,1311.372212,1322.003897
2831.959565,2822.142826,2812.332673,2802.528643,2792.731985,2782.942110,2773.159011,2763.382921,2753.613848,2743.851379,2734.096453,2724.348777,2714.608382,2704.875098,2695.149331,2685.431221,2675.720679,2666.017656,2656.322481,2646.634828,2636.955196,2627.282775,2617.619237,2607.963204,2598.315938,2588.676922,2579.046010,2569.423203,2559.808481,2550.203146,2540.606556,2531.018462,2521.439391,2511.869322,2502.308086,2492.755661,2483.212593,2473.678675,2464.153919,2454.638369,2445.132362,2435.636143,2426.149543,2416.672652,2407.204737,2397.747404,2388.300240,2378.862668,2369.435459,2360.018470,2350.611903,2341.215730,2331.829989,2322.454456,2313.089593,2303.735887,2294.393022,2285.060865,2275.739447,2266.429473,2257.130747,2247.843170,2238.567185,2229.302468,2220.049011,2210.807769,2201.577509,2192.359853,2183.154278,2173.960468,2164.778698,2155.609185,2146.452337,2137.307840,2128.175698,2119.056524,2109.950111,2100.855994,2091.775138,2082.707571,2073.652166,2064.610936,2055.582987,2046.568236,2037.567386,2028.579780,2019.606083,2010.646320,2001.700589,1992.769095,1983.851863,1974.948548,1966.059509,1957.185002,1948.325483,1939.480518,1930.650475,1921.835351,1913.035170,1904.250214,1895.480502,1886.726369,1877.987125,1869.264031,1860.556825,1851.865232,1843.189582,1834.530159,1825.886942,1817.259758,1808.649260,1800.055047,1791.477484,1782.916545,1774.372966,1765.845879,1757.336087,1748.843473,1740.368570,1731.911195,1723.470652,1715.048577,1706.643942,1698.257503,1689.889348,1681.539538,1673.208105,1664.895173,1656.600851,1648.325161,1640.068401,1631.830717,1623.611926,1615.412130,1607.232134,1599.071516,1590.930025,1582.808953,1574.707522,1566.626213,1558.565399,1550.524927,1542.504326,1534.504643,1526.525966,1518.567762,1510.630610,1502.714902,1494.820545,1486.947610,1479.095715,1471.265814,1463.457685,1455.671678,1447.907603,1440.166116,1432.447095,1424.750535,1417.076498,1409.425172,1401.796986,1394.191955,1386.610085,1379.051497,1371.516890,1364.006049,1356.519016,1349.055660,1341.616943,1334.202366,1326.812111,1319.446709,1312.105892,1304.790110,1297.499005,1290.233557,1282.993318,1275.778887,1268.590124,1261.426995,1254.290038,1247.179135,1240.094639,1233.036873,1226.005489,1219.000985,1212.023409,1205.072736,1198.149569,1191.253659,1184.385568,1177.545182,1170.732732,1163.948285,1157.192401,1150.464811,1143.765425,1137.094983,1130.453692,1123.841202,1117.258347,1110.704940,1104.181146,1097.687153,1091.222799,1084.788106,1078.384480,1072.011283,1065.668567,1059.356678,1053.076029,1046.826103,1040.607793,1034.420242,1028.264800,1022.012302,1016.050544,1009.991069,1003.964355,997.970216,992.008627,986.079611,980.183549,974.320292,968.492093,962.698071,956.937776,951.211329,945.518912,939.861026,934.238108,928.640598,923.096134,917.577635,912.094847,906.647186,901.235166,895.859290,890.519113,885.214958,879.947735,874.717228,869.522532,864.366266,859.208813,854.165423,849.115658,844.112901,839.141362,834.210860,829.320587,824.467909,819.653699,814.878972,810.142920,805.446211,800.788910,796.167212,791.592934,787.051799,782.556054,778.099603,773.684215,769.312220,764.978649,760.686716,756.433766,752.226160,748.060779,743.935009,739.853745,735.814822,731.818332,727.863131,723.951416,720.082835,716.257911,712.475961,708.738406,705.045118,701.395570,697.791203,694.231786,690.717916,687.247975,683.824282,680.446133,677.113595,673.827847,670.587649,667.394742,664.247355,661.147015,658.093990,655.088462,652.130226,649.219222,646.356615,643.541569,640.774757,638.056943,635.387223,632.766758,630.195576,627.673436,625.201065,622.778181,620.405484,618.083337,615.811382,613.589892,611.419452,609.300096,607.231636,605.214953,603.249572,601.335759,599.474309,597.665024,595.908119,594.204078,592.553123,590.955033,589.410550,587.919586,586.482179,585.098510,583.768891,582.493782,581.273274,580.107653,578.996754,577.941147,576.940805,575.996122,575.107324,574.274412,573.497942,572.778034,572.114601,571.508202,570.958716,570.466090,570.030947,569.653243,569.333535,569.072040,568.868480,568.723481,568.637145,568.609670,568.641173,568.732051,568.882416,569.092563,569.362597,569.692580,570.082882,570.533545,571.045012,571.617310,572.250414,572.944750,573.700738,574.517917,575.397444,576.338749,577.342281,578.408232,579.536658,580.728303,581.982639,583.300278,584.681351,586.125803,587.634068,589.206126,590.842407,592.542977,594.308060,596.137906,598.032577,599.992273,602.017292,604.107755,606.263742,608.485640,610.773325,613.127144,615.547351,618.034190,620.587605,623.207984,625.895444,628.650145,631.472145,634.361503,637.318760,640.344009,643.437227,646.598802,649.828816,653.127306,656.494634,659.931013,663.436451,667.011280,670.655469,674.369324,678.152889,682.006495,685.930430,689.924283,693.988634,698.123594,702.329069,706.605552,710.953227,715.372085,719.862287,724.424012,729.057255,733.762334,738.539397,743.388470,748.309816,753.303538,758.370165,763.509456,768.721353,774.006214,779.364452,784.795672,790.300147,795.878434,801.530273,807.256225,813.055896,818.929597,824.877803,830.900341,836.997194,843.168800,849.415037,855.736214,862.132608,868.604074,875.150630,881.772576,888.470109,895.243259,902.092126,909.016839,916.017611,923.094690,930.247975,937.477492,944.783234,952.165875,959.624999,967.161016,974.773906,982.463820,990.230874,998.075025,1005.996416,1013.995284,1022.071575,1030.225560,1038.457751,1046.767250,1055.154945,1063.620613,1072.164376,1080.786390,1089.486428,1098.265226,1107.122316,1116.057849,1125.072106,1134.165142,1143.336969,1152.587717,1161.917525,1171.326597,1180.814720,1190.382134,1200.028771,1209.754876,1219.560390,1229.445442,1239.410133,1249.454569,1259.579101,1269.783184,1280.067194,1290.431186,1300.875224,1311.399559,1322.003897
2800.247900,2790.557597,2780.872908,2771.195654,2761.525108,2751.861187,2742.204036,2732.553723,2722.910256,2713.273389,2703.643974,2694.021717,2684.406409,2674.798604,2665.197981,2655.604916,2646.019179,2636.441146,2626.870733,2617.308041,2607.752865,2598.204915,2588.665586,2579.133826,2569.610726,2560.095773,2550.588823,2541.090070,2531.598935,2522.117349,2512.644171,2503.179510,2493.723761,2484.276758,2474.838626,2465.409482,2455.989153,2446.578003,2437.175640,2427.782970,2418.399560,2409.025391,2399.660980,2390.305953,2380.960203,2371.624694,2362.299130,2352.983119,2343.677621,2334.381756,2325.096403,2315.821418,2306.556649,2297.302358,2288.057780,2278.824648,2269.602223,2260.390223,2251.189191,2241.999214,2232.820374,2223.652722,2214.496172,2205.351058,2196.217279,2187.094599,2177.983826,2168.884985,2159.798230,2150.723015,2141.659881,2132.608922,2123.570089,2114.543746,2105.529549,2096.527946,2087.539145,2078.562636,2069.599160,2060.647981,2051.710555,2042.785725,2033.874373,2024.976233,2016.091551,2007.220342,1998.362756,1989.518825,1980.688933,1971.872821,1963.070825,1954.282668,1945.508894,1936.749333,1928.004284,1919.274022,1910.558282,1901.857404,1893.171199,1884.499969,1875.844061,1867.203068,1858.577462,1849.967554,1841.373224,1832.794375,1824.231221,1815.684178,1807.153049,1798.638124,1790.139264,1781.656821,1773.190646,1764.740967,1756.308089,1747.891998,1739.492886,1731.110924,1722.746268,1714.398614,1706.068294,1697.755401,1689.460750,1681.183690,1672.924429,1664.683436,1656.460663,1648.256159,1640.070069,1631.902199,1623.753339,1615.623277,1607.511676,1599.419132,1591.345793,1583.292013,1575.257267,1567.242013,1559.246903,1551.271427,1543.316174,1535.380772,1527.465372,1519.570801,1511.696710,1503.843264,1496.010115,1488.198223,1480.407738,1472.638119,1464.889855,1457.162802,1449.457451,1441.773671,1434.112203,1426.472731,1418.855515,1411.260473,1403.687645,1396.137513,1388.609973,1381.105611,1373.623924,1366.165709,1358.730744,1351.319451,1343.931646,1336.567317,1329.227349,1321.911256,1314.619147,1307.351761,1300.108845,1292.890263,1285.696341,1278.527749,1271.384118,1264.266018,1257.173217,1250.105905,1243.064512,1236.048835,1229.059284,1222.096036,1215.159179,1208.248770,1201.364771,1194.507865,1187.677924,1180.874962,1174.099605,1167.351486,1160.631011,1153.938450,1147.274044,1140.637635,1134.028967,1127.449276,1120.898192,1114.375769,1107.882320,1101.418415,1094.983816,1088.578233,1082.202529,1075.856123,1069.540260,1063.254461,1056.998968,1050.774008,1044.579996,1038.416120,1032.283754,1026.182014,1020.111856,1014.073877,1008.067000,1002.091852,996.149001,990.238489,984.360153,978.529938,972.699633,966.920299,961.174092,955.461669,949.782721,944.137242,938.525450,932.947766,927.404851,921.895829,916.421757,910.982267,905.575072,900.208724,894.874482,889.575665,884.312881,879.085504,873.894671,868.740358,863.622019,858.540598,853.495289,848.487084,843.518083,838.583698,833.685948,828.830171,824.012412,819.232027,814.490192,809.786957,805.112918,800.496951,795.909980,791.361693,786.853964,782.385092,777.955530,773.569254,769.223387,764.916563,760.650554,756.425864,752.239925,748.098482,743.998723,739.939518,735.923009,731.949177,728.016366,724.125251,720.277356,716.472151,712.709825,708.990527,705.315253,701.683220,698.095437,694.551792,691.053009,687.599089,684.189088,680.824549,677.505143,674.231197,671.003367,667.821114,664.685271,661.594789,658.550854,655.553716,652.603981,649.700803,646.844664,644.036291,641.275136,638.561973,635.897348,633.280325,630.712016,628.192582,625.722223,623.300610,620.928394,618.606099,616.333562,614.110963,611.938377,609.816524,607.745169,605.724350,603.754829,601.836253,599.968583,598.153241,596.389274,594.677710,593.018316,591.411480,589.857233,588.356046,586.907965,585.513110,584.171422,582.883580,581.649611,580.469863,579.344553,578.273560,577.257253,576.296034,575.389914,574.539338,573.744152,573.005275,572.321901,571.694878,571.124539,570.610500,570.152986,569.752487,569.408954,569.123080,568.894957,568.724280,568.611585,568.557447,568.561568,568.624173,568.745813,568.926457,569.166444,569.465904,569.824783,570.243647,570.722394,571.261502,571.860993,572.520842,573.241549,574.023384,574.866060,575.770616,576.736557,577.764176,578.853809,580.005426,581.219972,582.496807,583.836289,585.238901,586.704443,588.233329,589.825585,591.481638,593.201580,594.985530,596.833880,598.746551,600.723823,602.765961,604.873224,607.045579,609.283327,611.586398,613.955222,616.389954,618.890938,621.458116,624.091921,626.792095,629.559224,632.393192,635.294093,638.262557,641.298526,644.402039,647.573483,650.812942,654.120455,657.496395,660.940938,664.454132,668.036295,671.687399,675.407749,679.197510,683.056635,686.985835,690.984513,695.053275,699.192106,703.401287,707.680996,712.031503,716.452572,720.944708,725.507958,730.142325,734.848103,739.625466,744.474434,749.395338,754.388370,759.453384,764.590955,769.800729,775.083104,780.438384,785.866283,791.367124,796.941196,802.588541,808.309589,814.103925,819.971972,825.914145,831.930164,838.020157,844.184514,850.423116,856.736314,863.124260,869.586925,876.124370,882.736775,889.424312,896.187150,903.025290,909.938973,916.928392,923.993565,931.134742,938.351550,945.644424,953.013764,960.459217,967.981197,975.579684,983.254829,991.006821,998.835441,1006.740946,1014.723600,1022.783318,1030.920374,1039.135280,1047.427139,1055.796841,1064.244164,1072.769181,1081.372200,1090.052844,1098.811902,1107.648907,1116.564010,1125.557495,1134.629449,1143.779789,1153.008744,1162.316421,1171.703027,1181.168348,1190.712626,1200.335796,1210.038103,1219.819489,1229.680085,1239.619994,1249.639224,1259.738422,1269.916750,1280.174684,1290.512280,1300.929603,1311.426907,1322.003897
2768.921888,2759.356077,2749.796029,2740.243255,2730.697024,2721.157413,2711.624566,2702.098393,2692.579063,2683.066166,2673.560548,2664.062082,2654.570477,2645.086133,2635.609183,2626.139546,2616.677147,2607.222353,2597.775089,2588.335431,2578.903074,2569.478314,2560.061905,2550.652654,2541.251963,2531.859255,2522.474891,2513.098046,2503.729436,2494.369906,2485.018585,2475.675868,2466.341861,2457.016489,2447.699794,2438.392011,2429.093225,2419.803191,2410.522020,2401.250213,2391.987739,2382.734494,2373.490492,2364.255736,2355.030875,2345.815476,2336.610073,2327.414365,2318.228071,2309.052516,2299.886676,2290.731105,2281.585903,2272.450830,2263.325524,2254.211430,2245.107758,2236.014593,2226.932492,2217.861106,2208.800447,2199.751084,2190.712792,2181.685474,2172.669760,2163.664576,2154.671651,2145.690094,2136.720276,2127.762432,2118.816450,2109.882406,2100.960572,2092.050574,2083.152880,2074.267493,2065.394837,2056.534420,2047.686845,2038.851551,2030.029311,2021.220214,2012.423838,2003.640822,1994.870743,1986.114428,1977.371535,1968.642082,1959.926466,1951.224458,1942.536400,1933.862193,1925.202096,1916.555815,1907.924070,1899.306934,1890.704149,1882.115919,1873.542329,1864.983684,1856.440102,1847.911009,1839.397444,1830.899283,1822.416499,1813.949042,1805.497099,1797.060944,1788.640682,1780.236485,1771.848087,1763.475725,1755.119831,1746.779874,1738.456818,1730.150122,1721.860632,1713.587841,1705.331830,1697.093058,1688.871365,1680.666732,1672.480281,1664.310973,1656.159516,1648.026085,1639.910684,1631.813364,1623.734055,1615.672964,1607.630612,1599.606665,1591.601106,1583.614639,1575.646951,1567.698451,1559.768778,1551.858810,1543.968557,1536.097587,1528.246534,1520.415139,1512.603886,1504.812979,1497.042328,1489.292092,1481.562113,1473.852742,1466.164532,1458.497287,1450.851277,1443.226038,1435.621939,1428.039836,1420.479401,1412.940789,1405.424234,1397.929367,1390.456697,1383.006585,1375.578685,1368.173784,1360.791262,1353.431911,1346.095612,1338.782669,1331.493037,1324.226533,1316.984180,1309.765441,1302.570603,1295.399876,1288.253529,1281.131216,1274.033374,1266.960578,1259.912443,1252.889570,1245.891736,1238.919120,1231.971946,1225.050622,1218.154943,1211.285192,1204.441751,1197.624449,1190.833136,1184.068702,1177.330961,1170.619879,1163.936156,1157.279502,1150.649935,1144.048263,1137.474176,1130.927988,1124.409242,1117.918926,1111.457026,1105.023790,1098.619031,1092.243295,1085.896984,1079.578936,1073.290675,1067.031606,1060.802715,1054.603466,1048.434144,1042.295306,1036.186448,1030.108198,1024.060672,1018.043519,1012.057924,1006.103666,1000.180332,994.245187,988.429140,982.601335,976.723541,971.040495,965.309144,959.611242,953.946137,948.314451,942.709034,937.150531,931.618613,926.054877,920.656337,915.225958,909.830472,904.469119,899.142683,893.849339,888.593619,883.371630,878.179512,873.033236,867.915267,862.838647,857.794005,852.789033,847.797649,842.869602,837.988250,833.126799,828.302534,823.501817,818.775588,814.064358,809.394190,804.762578,800.167683,795.611374,791.094923,786.616321,782.177597,777.776671,773.416292,769.093909,764.819820,760.580966,756.381776,752.223032,748.103573,744.028599,739.993208,735.999111,732.046480,728.137583,724.268217,720.440396,716.655471,712.912755,709.212556,705.555420,701.941503,698.370759,694.843657,691.360086,687.921270,684.526820,681.175806,677.870055,674.609102,671.393112,668.222605,665.097586,662.018291,658.983982,655.996137,653.054476,650.159722,647.311061,644.509374,641.754576,639.046968,636.386921,633.774573,631.209785,628.693520,626.225330,623.805928,621.434720,619.112719,616.840121,614.617023,612.442895,610.319021,608.245256,606.221471,604.247913,602.325047,600.452452,598.631111,596.861008,595.142165,593.475412,591.860188,590.297131,588.786247,587.328159,585.922443,584.569658,583.269534,582.022938,580.829829,579.690466,578.605126,577.573565,576.596361,575.673788,574.805883,573.993092,573.235285,572.533358,571.886437,571.295713,570.760814,570.281841,569.858940,569.492736,569.183279,568.930981,568.735591,568.597737,568.517164,568.494752,568.530113,568.623538,568.775679,568.986290,569.255933,569.584392,569.972129,570.419050,570.925700,571.492179,572.118493,572.804854,573.551720,574.358867,575.226965,576.156279,577.146546,578.198057,579.311038,580.485787,581.722927,583.021936,584.383117,585.806942,587.293436,588.842680,590.454970,592.130580,593.869572,595.672290,597.538903,599.469404,601.464076,603.523351,605.646987,607.835452,610.088881,612.407130,614.790851,617.240130,619.754937,622.335661,624.982534,627.695538,630.474825,633.320495,636.232945,639.212426,642.258923,645.372601,648.553757,651.802515,655.118944,658.503306,661.955887,665.476701,669.066057,672.723954,676.450692,680.246384,684.111045,688.045392,692.048752,696.121948,700.264519,704.477175,708.759938,713.113094,717.536560,722.030317,726.595042,731.230482,735.936900,740.714383,745.563152,750.483454,755.475455,760.539230,765.674857,770.882426,776.162196,781.514476,786.938977,792.436024,798.005877,803.648670,809.364744,815.153713,821.016004,826.952031,832.961516,839.044585,845.201634,851.432557,857.737662,864.117147,870.570968,877.099189,883.701990,890.379545,897.132105,903.959425,910.861996,917.839929,924.893243,932.022189,939.226396,946.506299,953.862300,961.294047,968.801954,976.386005,984.046351,991.783180,999.596276,1007.485899,1015.452310,1023.495430,1031.615531,1039.813128,1048.087324,1056.439010,1064.867967,1073.374268,1081.958222,1090.619455,1099.358756,1108.175659,1117.070317,1126.043014,1135.093841,1144.222713,1153.429863,1162.715399,1172.079527,1181.522037,1191.043171,1200.642866,1210.321367,1220.078619,1229.914753,1239.829874,1249.823991,1259.897753,1270.050323,1280.282179,1290.593376,1300.983984,1311.454255,1322.003897
2737.976103,2728.532948,2719.095987,2709.666000,2700.242535,2690.825639,2681.415328,2672.011708,2662.614884,2653.224315,2643.841095,2634.464736,2625.095236,2615.732908,2606.377884,2597.030084,2587.689433,2578.356293,2569.030592,2559.712399,2550.401108,2541.097926,2531.802149,2522.514730,2513.235028,2503.963060,2494.699169,2485.442817,2476.195531,2466.956304,2457.725377,2448.503074,2439.289127,2430.083838,2420.887119,2411.699205,2402.520033,2393.349460,2384.188248,2375.035804,2365.892653,2356.758698,2347.633740,2338.517876,2329.411960,2320.315317,2311.228552,2302.151473,2293.083477,2284.026026,2274.978619,2265.941004,2256.913622,2247.896036,2238.888893,2229.892287,2220.906029,2211.930200,2202.965240,2194.010810,2185.067199,2176.134523,2167.212930,2158.302259,2149.402551,2140.514158,2131.637252,2122.771607,2113.917513,2105.075223,2096.244955,2087.426263,2078.619782,2069.825175,2061.042228,2052.271690,2043.513741,2034.768181,2026.034209,2017.313729,2008.605730,1999.910437,1991.228219,1982.558378,1973.901940,1965.258976,1956.629277,1948.012904,1939.410146,1930.820792,1922.245120,1913.683486,1905.135675,1896.601298,1888.081687,1879.576102,1871.085033,1862.608209,1854.145890,1845.698252,1837.265273,1828.847245,1820.444370,1812.056460,1803.683868,1795.326336,1786.984348,1778.657824,1770.347103,1762.052017,1753.773005,1745.509517,1737.262382,1729.031025,1720.816130,1712.617840,1704.436316,1696.271385,1688.122788,1679.991665,1671.877092,1663.779535,1655.699897,1647.637513,1639.592358,1631.565212,1623.555840,1615.564237,1607.590697,1599.635119,1591.697876,1583.778809,1575.878563,1567.996007,1560.132992,1552.288698,1544.462983,1536.656977,1528.870225,1521.102965,1513.354474,1505.626146,1497.917564,1490.228995,1482.560622,1474.912459,1467.284246,1459.676335,1452.089340,1444.523389,1436.978162,1429.453495,1421.949939,1414.467961,1407.007454,1399.568570,1392.151183,1384.755721,1377.382057,1370.030562,1362.701381,1355.394703,1348.110348,1340.848555,1333.609758,1326.394072,1319.201438,1312.031820,1304.885829,1297.763332,1290.664461,1283.589470,1276.538607,1269.511558,1262.508835,1255.530502,1248.576793,1241.648122,1234.744137,1227.865148,1221.011292,1214.183090,1207.380275,1200.603018,1193.851808,1187.126438,1180.426959,1173.753940,1167.107356,1160.487152,1153.893921,1147.327635,1140.788128,1134.276193,1127.791538,1121.334483,1114.904671,1108.502992,1102.129087,1095.784118,1089.467067,1083.178738,1076.919537,1070.688307,1064.486043,1058.313743,1052.170662,1046.057187,1039.973118,1033.919184,1027.894959,1021.901117,1015.937303,1010.004222,1004.102081,998.230752,992.390341,986.581223,980.704770,975.057934,969.342796,963.658871,958.009588,952.392318,946.807379,941.248813,935.736641,930.250438,924.726834,919.373345,913.991965,908.637967,903.321867,898.037568,892.787489,887.572636,882.391569,877.245418,872.133722,867.058294,862.016765,857.012908,852.044065,847.111303,842.214051,837.353524,832.526540,827.736609,822.988076,818.265620,813.591951,808.963942,804.364220,799.802764,795.278357,790.791320,786.345475,781.934765,777.560910,773.231547,768.937998,764.685828,760.475416,756.303576,752.170762,748.077230,744.024001,740.013906,736.043315,732.113814,728.224709,724.378934,720.572726,716.808356,713.085601,709.404743,705.765922,702.170151,698.617323,695.106854,691.639823,688.216028,684.836459,681.500570,678.208551,674.960539,671.757453,668.599065,665.485280,662.416886,659.393640,656.414968,653.482439,650.595816,647.755528,644.960708,642.212929,639.511471,636.856694,634.249228,631.688749,629.175972,626.710801,624.293479,621.924451,619.603321,617.330986,615.107859,612.933197,610.807522,608.731675,606.705470,604.728802,602.801901,600.925281,599.098617,597.322808,595.597707,593.923452,592.300816,590.729603,589.209852,587.741917,586.326364,584.962820,583.651474,582.392635,581.186999,580.034293,578.934967,577.889103,576.896687,575.958228,575.073883,574.243836,573.468424,572.747671,572.082248,571.471526,570.916482,570.416984,569.972740,569.584473,569.252045,568.976174,568.756992,568.594288,568.488732,568.440073,568.448973,568.515218,568.639283,568.821540,569.061831,569.360794,569.718013,570.134142,570.609075,571.143198,571.736825,572.389752,573.102284,573.875081,574.707531,575.600643,576.554390,577.568667,578.643929,579.780041,580.977918,582.237112,583.558043,584.940716,586.385580,587.892633,589.462142,591.094240,592.789194,594.547100,596.368353,598.252976,600.201106,602.212983,604.289029,606.429012,608.633399,610.902330,613.235639,615.634040,618.097500,620.626140,623.220256,625.880013,628.605556,631.396925,634.254241,637.178016,640.168294,643.225139,646.348875,649.539605,652.797436,656.122683,659.515396,662.975846,666.504145,670.100612,673.765214,677.498098,681.299616,685.169993,689.108978,693.116979,697.194372,701.340699,705.556712,709.842504,714.198169,718.623734,723.119191,727.685310,732.321614,737.028546,741.806140,746.654618,751.574234,756.565136,761.627420,766.761156,771.966437,777.243707,782.592723,788.013749,793.506927,799.072518,804.710657,810.421686,816.205129,822.061689,827.991506,833.994392,840.070477,846.220158,852.443328,858.740298,865.111437,871.556191,878.075135,884.668297,891.335804,898.077956,904.894493,911.785907,918.752311,925.793747,932.910398,940.101937,947.368857,954.711482,962.129488,969.623289,977.192869,984.838383,992.560019,1000.357562,1008.231273,1016.181416,1024.207910,1032.311030,1040.491294,1048.748084,1057.081453,1065.492022,1073.979587,1082.544458,1091.186261,1099.905787,1108.702572,1117.576758,1126.528665,1135.558350,1144.665742,1153.851075,1163.114457,1172.456098,1181.875787,1191.373768,1200.949979,1210.604667,1220.337778,1230.149445,1240.039804,1250.008773,1260.057095,1270.183904,1280.389678,1290.674476,1301.038365,1311.481603,1322.003897
2707.404986,2698.082746,2688.767443,2679.458718,2670.156458,2660.860588,2651.571297,2642.288645,2633.012177,2623.742831,2614.480392,2605.224496,2595.975767,2586.733803,2577.499138,2568.271464,2559.051142,2549.838097,2540.632399,2531.433981,2522.242649,2513.059197,2503.883041,2494.715163,2485.555090,2476.402628,2467.257680,2458.120491,2448.992263,2439.871995,2430.759929,2421.656384,2412.561192,2403.474292,2394.396093,2385.326526,2376.265596,2367.213160,2358.169893,2349.135636,2340.110117,2331.093861,2322.086370,2313.088346,2304.099604,2295.120464,2286.150567,2277.190306,2268.239909,2259.298885,2250.367904,2241.446972,2232.536013,2223.634787,2214.744080,2205.863144,2196.992727,2188.132992,2179.283759,2170.444781,2161.616858,2152.799306,2143.992843,2135.197394,2126.412497,2117.639134,2108.876977,2100.125660,2091.385839,2082.657977,2073.941823,2065.237138,2056.544386,2047.863603,2039.194501,2030.537138,2021.892473,2013.259961,2004.639090,1996.031463,1987.436342,1978.853602,1970.283689,1961.726339,1953.181638,1944.650614,1936.132834,1927.628172,1919.136843,1910.658639,1902.194361,1893.743733,1885.306495,1876.883425,1868.474052,1860.078903,1851.697813,1843.331070,1834.978794,1826.640924,1818.317285,1810.008819,1801.715152,1793.436285,1785.172472,1776.923725,1768.690214,1760.472085,1752.269427,1744.082440,1735.910967,1727.755457,1719.615359,1711.491570,1703.383762,1695.292423,1687.217598,1679.158943,1671.116956,1663.091614,1655.083258,1647.091586,1639.117361,1631.160576,1623.220703,1615.298394,1607.393813,1599.506796,1591.637699,1583.786307,1575.952783,1568.137738,1560.340656,1552.561748,1544.802014,1537.060538,1529.337626,1521.634421,1513.949981,1506.284476,1498.637895,1491.011501,1483.404272,1475.817072,1468.249730,1460.702379,1453.174849,1445.667110,1438.180336,1430.714239,1423.268465,1415.843464,1408.439236,1401.056266,1393.694462,1386.354059,1379.035084,1371.737456,1364.461734,1357.208070,1349.976193,1342.766628,1335.578965,1328.413966,1321.271573,1314.152056,1307.055305,1299.981429,1292.930784,1285.903366,1278.899389,1271.919020,1264.962561,1258.029642,1251.120713,1244.236010,1237.375721,1230.540145,1223.728951,1216.942552,1210.181023,1203.444859,1196.733815,1190.048062,1183.388084,1176.753662,1170.144878,1163.562281,1157.005701,1150.475498,1143.971854,1137.494898,1131.044395,1124.621252,1118.225021,1111.856000,1105.514217,1099.200047,1092.913572,1086.655671,1080.425182,1074.223382,1068.049996,1061.904872,1055.788294,1049.701249,1043.643004,1037.614229,1031.614571,1025.644743,1019.704194,1013.793673,1007.913117,1002.063096,996.243058,990.454042,984.695599,978.968096,973.271772,967.606786,961.971892,956.369311,950.800088,945.262636,939.756981,934.284186,928.844019,923.436134,918.061167,912.716978,907.410936,902.135855,896.893293,891.687118,886.513018,881.373361,876.268044,871.197149,866.159935,861.158894,856.192105,851.261370,846.364917,841.506100,836.681467,831.893567,827.139143,822.408986,817.744701,813.102950,808.498247,803.931065,799.402314,794.905002,790.452681,786.035510,781.656413,777.315431,773.010876,768.746576,764.521891,760.337624,756.191842,752.086005,748.017701,743.988822,740.000927,736.055543,732.148411,728.282247,724.456334,720.673632,716.930304,713.227659,709.566537,705.946850,702.369385,698.834304,695.341545,691.891208,688.483335,685.118928,681.798185,678.520332,675.286370,672.095896,668.949919,665.848579,662.791039,659.778560,656.810656,653.887365,651.009524,648.177375,645.390950,642.649721,639.955275,637.306408,634.704047,632.148409,629.639751,627.178027,624.763702,622.396668,620.077584,617.806015,615.583119,613.408405,611.282181,609.204580,607.176148,605.196899,603.267010,601.386273,599.555557,597.774171,596.043579,594.362845,592.733098,591.154170,589.626213,588.149537,586.724264,585.350583,584.028817,582.758738,581.540722,580.375518,579.262893,578.203080,577.196373,576.242722,575.342610,574.496206,573.703627,572.965266,572.281415,571.651937,571.077151,570.557467,570.092770,569.682917,569.328785,569.030040,568.787452,568.601096,568.470744,568.396873,568.380029,568.419944,568.516942,568.671448,568.883342,569.153089,569.481012,569.866590,570.310930,570.813542,571.375029,571.995417,572.674693,573.413243,574.211485,575.069080,575.987053,576.964875,578.002998,579.101661,580.260735,581.481144,582.762596,584.105104,585.509220,586.974859,588.502206,590.091699,591.743394,593.457494,595.234051,597.073578,598.976062,600.941622,602.970604,605.063130,607.219316,609.439453,611.723629,614.071824,616.484632,618.962234,621.504434,624.111765,626.784298,629.522198,632.325503,635.194342,638.129243,641.130167,644.197273,647.330811,650.531009,653.797850,657.131703,660.532584,664.000798,667.536560,671.139851,674.810978,678.549989,682.357217,686.232803,690.176716,694.189183,698.270654,702.420635,706.639945,710.928528,715.286628,719.714223,724.211389,728.778629,733.415746,738.123120,742.900730,747.748825,752.667659,757.657432,762.718086,767.849848,773.052781,778.327264,783.673121,789.090594,794.579832,800.141084,805.774670,811.480413,817.258353,823.109178,829.032565,835.028790,841.097893,847.240060,853.455491,859.744221,866.106788,872.542591,879.052224,885.635664,892.293089,899.024785,905.830493,912.710696,919.665735,926.695048,933.799368,940.978226,948.232099,955.561310,962.965539,970.445199,978.000398,985.630926,993.337338,1001.119298,1008.977068,1016.910915,1024.920757,1033.006877,1041.169778,1049.408859,1057.724168,1066.116329,1074.585138,1083.130906,1091.753474,1100.452996,1109.229645,1118.083356,1127.014446,1136.022976,1145.108875,1154.272379,1163.513597,1172.832739,1182.229598,1191.704444,1201.257137,1210.888005,1220.596968,1230.384161,1240.249722,1250.193569,1260.216447,1270.317492,1280.497182,1290.755577,1301.092748,1311.508951,1322.003897
2677.202912,2668.000826,2658.805264,2649.616324,2640.433500,2631.257254,2622.087472,2612.924098,2603.766912,2594.616856,2585.473492,2576.336749,2567.206858,2558.084030,2548.968184,2539.859160,2530.757485,2521.662998,2512.575771,2503.495736,2494.422701,2485.357108,2476.299406,2467.249547,2458.207162,2449.172431,2440.145003,2431.126028,2422.115346,2413.112502,2404.117815,2395.131500,2386.153484,2377.183736,2368.222412,2359.269622,2350.325424,2341.389700,2332.462972,2323.545062,2314.635879,2305.735927,2296.844546,2287.962602,2279.089899,2270.226346,2261.372093,2252.527391,2243.692439,2234.866746,2226.051087,2217.245147,2208.448791,2199.662860,2190.886851,2182.120443,2173.364529,2164.619288,2155.884274,2147.159668,2138.445415,2129.742005,2121.049114,2112.367266,2103.696006,2095.036045,2086.387211,2077.749250,2069.121928,2060.507069,2051.903632,2043.311726,2034.731215,2026.162677,2017.606046,2009.060788,2000.527720,1992.006549,1983.497794,1975.001541,1966.517659,1958.046382,1949.587274,1941.140725,1932.707204,1924.286448,1915.879098,1907.484723,1899.103503,1890.735300,1882.380923,1874.039920,1865.712181,1857.398347,1849.098163,1840.812007,1832.540035,1824.281960,1816.038239,1807.808294,1799.593387,1791.392913,1783.207200,1775.036035,1766.879780,1758.738420,1750.612110,1742.501040,1734.405263,1726.324778,1718.260005,1710.210678,1702.176958,1694.158918,1686.157154,1678.171330,1670.201840,1662.248606,1654.311664,1646.391255,1638.487580,1630.600478,1622.730467,1614.877820,1607.041981,1599.223360,1591.422238,1583.638668,1575.872729,1568.124128,1560.393516,1552.680642,1544.986338,1537.309644,1529.651383,1522.012071,1514.390886,1506.788840,1499.205292,1491.640725,1484.095155,1476.569089,1469.062263,1461.575132,1454.107521,1446.659761,1439.231721,1431.823242,1424.435494,1417.068134,1409.720921,1402.394379,1395.088061,1387.802917,1380.538654,1373.295651,1366.073746,1358.873215,1351.694317,1344.537126,1337.401486,1330.287921,1323.196024,1316.126518,1309.079441,1302.054983,1295.053013,1288.073737,1281.117360,1274.184005,1267.273842,1260.387043,1253.523900,1246.684046,1239.867928,1233.075740,1226.307876,1219.564205,1212.844858,1206.149934,1199.479728,1192.834455,1186.214266,1179.618993,1173.049226,1166.504511,1159.985654,1153.492575,1147.024953,1140.583752,1134.168600,1127.779866,1121.417499,1115.082130,1108.773381,1102.491415,1096.236707,1090.009259,1083.809064,1077.637075,1071.492461,1065.376231,1059.287626,1053.227645,1047.195799,1041.193089,1035.218995,1029.273780,1023.357757,1017.470864,1011.613358,1005.785223,999.986702,994.218875,988.480501,982.772696,977.095426,971.448506,965.832562,960.247120,954.654937,949.169924,943.659745,938.221136,932.794118,927.399570,922.037197,916.706908,911.409048,906.144051,900.912253,895.711451,890.548649,885.416050,880.317897,875.252813,870.219385,865.225268,860.262733,855.334173,850.438617,845.583504,840.737994,835.971543,831.220485,826.502781,821.819284,817.175465,812.568065,807.996486,803.461630,798.963753,794.503903,790.079657,785.692270,781.342979,777.031321,772.753659,768.517884,764.322772,760.162194,756.046076,751.966480,747.925313,743.921807,739.956264,736.033895,732.152327,728.308787,724.505161,720.742475,717.021854,713.339671,709.698907,706.098812,702.539752,699.022776,695.547578,692.114504,688.722768,685.374544,682.068473,678.806011,675.585722,672.409178,669.275797,666.186236,663.141124,660.139411,657.182520,654.269214,651.400856,648.577261,645.798929,643.065967,640.377888,637.735960,635.139195,632.588864,630.084727,627.627107,625.216081,622.851946,620.534842,618.264960,616.042595,613.868417,611.741967,609.663469,607.633467,605.652174,603.719506,601.835629,600.000946,598.215511,596.479269,594.793201,593.156596,591.570731,590.034984,588.549909,587.115946,585.732748,584.400701,583.120341,581.891144,580.713548,579.588419,578.515365,577.494818,576.526772,575.611626,574.749470,573.940603,573.185244,572.483463,571.836099,571.242345,570.702970,570.218375,569.788218,569.412612,569.092061,568.826719,568.617040,568.463125,568.364887,568.322637,568.337029,568.407631,568.535007,568.719478,568.960980,569.259906,569.616389,570.030372,570.502424,571.032439,571.620904,572.267811,572.973195,573.737506,574.561028,575.443479,576.385896,577.387713,578.449402,579.571238,580.753046,581.995853,583.299103,584.663071,586.088266,587.574486,589.122117,590.731274,592.402299,594.135314,595.930440,597.788071,599.708129,601.690916,603.736707,605.845621,608.017809,610.253456,612.552644,614.915656,617.342899,619.834143,622.389864,625.010222,627.695365,630.445457,633.260527,636.140733,639.086523,642.098024,645.175240,648.318501,651.527951,654.803614,658.145854,661.554886,665.030726,668.573707,672.183804,675.861326,679.606323,683.419128,687.300036,691.248637,695.265519,699.350795,703.504377,707.726763,712.018141,716.378507,720.808027,725.306886,729.875083,734.512918,739.220613,743.998147,748.845766,753.763728,758.752234,763.811245,768.940971,774.141407,779.413045,784.755664,790.169537,795.654728,801.211572,806.840362,812.540921,818.313287,824.158159,830.075206,836.064707,842.126771,848.261374,854.468946,860.749520,867.103404,873.530167,880.030394,886.604184,893.251507,899.972591,906.767424,913.636380,920.579802,927.597393,934.689097,941.855235,949.096022,956.411784,963.802199,971.267684,978.808347,986.423978,994.115136,1001.881484,1009.723285,1017.640807,1025.633972,1033.703061,1041.848581,1050.069929,1058.367156,1066.740888,1075.190920,1083.717567,1092.320669,1101.000381,1109.756880,1118.590098,1127.500358,1136.487719,1145.552113,1154.693775,1163.912817,1173.209452,1182.583470,1192.035145,1201.564339,1211.171379,1220.856188,1230.618901,1240.459659,1250.378380,1260.375810,1270.451087,1280.604690,1290.836682,1301.147132,1311.536300,1322.003897
2647.365293,2638.281620,2629.204434,2620.133462,2611.068936,2602.010591,2592.958679,2583.912823,2574.873710,2565.841420,2556.815705,2547.796434,2538.784014,2529.778652,2520.779966,2511.788390,2502.803850,2493.826330,2484.856066,2475.892373,2466.936668,2457.987780,2449.046691,2440.113354,2431.187396,2422.269011,2413.357812,2404.455325,2395.560429,2386.673513,2377.794695,2368.924150,2360.061812,2351.207641,2342.361893,2333.524405,2324.695230,2315.874915,2307.063260,2298.260319,2289.466172,2280.680333,2271.904062,2263.136696,2254.378508,2245.629434,2236.889003,2228.158596,2219.437646,2210.725806,2202.023961,2193.331707,2184.648879,2175.976310,2167.313389,2158.660261,2150.017628,2141.385274,2132.763107,2124.151333,2115.549666,2106.958478,2098.378299,2089.808231,2081.249472,2072.701441,2064.164250,2055.638183,2047.122877,2038.619090,2030.126980,2021.646219,2013.176782,2004.719213,1996.273301,1987.839088,1979.416165,1971.005444,1962.606929,1954.220748,1945.846857,1937.485398,1929.135789,1920.799197,1912.474866,1904.163627,1895.865042,1887.579547,1879.306978,1871.047808,1862.801701,1854.568980,1846.349534,1838.143598,1829.951303,1821.772995,1813.608432,1805.457909,1797.321173,1789.198720,1781.090581,1772.996912,1764.917729,1756.852959,1748.803042,1740.767758,1732.747396,1724.741967,1716.751899,1708.776854,1700.817313,1692.872784,1684.944029,1677.030911,1669.133651,1661.252419,1653.386719,1645.537454,1637.704461,1629.887702,1622.087465,1614.303699,1606.536812,1598.787091,1591.054003,1583.337908,1575.639058,1567.957653,1560.293464,1552.646619,1545.017764,1537.406274,1529.812921,1522.237229,1514.679818,1507.141088,1499.620261,1492.118100,1484.634530,1477.169952,1469.723917,1462.297178,1454.889470,1447.501096,1440.132316,1432.782863,1425.453088,1418.143043,1410.852942,1403.582897,1396.333416,1389.103993,1381.894788,1374.706189,1367.538375,1360.391533,1353.265823,1346.161165,1339.077937,1332.016131,1324.975609,1317.956992,1310.959722,1303.984651,1297.031772,1290.101275,1283.193019,1276.307231,1269.444231,1262.603683,1255.786410,1248.992038,1242.221156,1235.473210,1228.749017,1222.048291,1215.371689,1208.718934,1202.090366,1195.486015,1188.906058,1182.350768,1175.820133,1169.314444,1162.833838,1156.378168,1149.947987,1143.543284,1137.163845,1130.810522,1124.482978,1118.181581,1111.906279,1105.657700,1099.435411,1093.239747,1087.070907,1080.928822,1074.814575,1068.727600,1062.667833,1056.636163,1050.631841,1044.655343,1038.707719,1032.788362,1026.897473,1021.035071,1015.201569,1009.396876,1003.621256,997.657059,992.157706,986.470952,980.813223,975.185940,969.588889,964.021672,958.485181,952.977411,947.503086,942.059717,936.647912,931.267309,925.917837,920.600789,915.315418,910.061827,904.840258,899.651541,894.464694,889.369478,884.281345,879.224454,874.201060,869.210340,864.253279,859.301188,854.440566,849.585574,844.764913,839.978056,835.226397,830.511656,825.830196,821.180391,816.569887,811.997509,807.459548,802.957473,798.491882,794.063228,789.667041,785.314854,780.994160,776.706209,772.467393,768.261112,764.091813,759.959694,755.865157,751.812454,747.798683,743.821796,739.882437,735.981464,732.122345,728.303113,724.523362,720.781590,717.081411,713.421242,709.800727,706.220791,702.681297,699.182498,695.725639,692.309791,688.935808,685.602537,682.312515,679.064489,675.859519,672.696391,669.576437,666.499760,663.466303,660.476661,657.530219,654.628306,651.769474,648.954941,646.185164,643.460367,640.779894,638.144555,635.554657,633.009693,630.510686,628.057613,625.650440,623.289556,620.975103,618.707545,616.486649,614.312907,612.186803,610.108303,608.077185,606.094149,604.159461,602.273039,600.434816,598.645566,596.905014,595.213383,593.571321,591.978650,590.436016,588.943311,587.500913,586.108852,584.767614,583.476958,582.237241,581.048180,579.911064,578.825478,577.791682,576.810027,575.880325,575.003113,574.178657,573.406833,572.688334,572.022929,571.411493,570.853231,570.348971,569.899126,569.503159,569.161408,568.874321,568.642007,568.464922,568.343096,568.276608,568.265688,568.310992,568.412056,568.569513,568.783655,569.054387,569.382125,569.766998,570.208980,570.708551,571.265693,571.881012,572.554061,573.285307,574.075204,574.923570,575.830737,576.797256,577.822835,578.907893,580.052524,581.256891,582.521818,583.846720,585.231898,586.677905,588.184537,589.752084,591.380826,593.070981,594.822632,596.636123,598.511626,600.449135,602.448935,604.511260,606.636469,608.824435,611.075491,613.389585,615.767106,618.208408,620.713375,623.282387,625.915604,628.613295,631.375310,634.201993,637.093337,640.049974,643.071847,646.159012,649.311829,652.530413,655.814799,659.165365,662.582287,666.065619,669.615684,673.232456,676.916245,680.667101,684.485338,688.371315,692.324557,696.345676,700.434784,704.591794,708.817265,713.111318,717.473797,721.905139,726.405420,730.974639,735.613099,740.321020,745.098383,749.945436,754.862329,759.849586,764.906971,770.034431,775.232333,780.501017,785.840350,791.250314,796.731615,802.283978,807.907900,813.603206,819.369933,825.208744,831.119558,837.102141,843.157037,849.284093,855.483739,861.756008,868.101211,874.518964,881.009712,887.573696,894.210839,900.921372,907.705393,914.562948,921.494711,928.500275,935.579584,942.732963,949.960626,957.262998,964.639562,972.090743,979.616838,987.217541,994.893412,1002.644118,1010.469922,1018.371093,1026.347554,1034.399807,1042.527701,1050.731294,1059.010417,1067.365698,1075.796934,1084.304440,1092.888058,1101.547943,1110.284275,1119.097123,1127.986400,1136.952579,1145.995384,1155.115263,1164.312119,1173.586235,1182.937403,1192.365899,1201.871585,1211.454790,1221.115438,1230.853666,1240.669615,1250.563204,1260.535184,1270.584689,1280.712203,1290.917788,1301.201517,1311.563649,1322.003897
2617.886383,2608.920149,2599.959866,2591.005398,2582.057465,2573.115758,2564.180365,2555.250757,2546.328009,2537.411850,2528.501877,2519.598822,2510.702544,2501.812998,2492.930128,2484.054364,2475.185473,2466.323602,2457.468601,2448.620446,2439.780053,2430.946394,2422.120668,2413.301938,2404.491159,2395.687292,2386.891229,2378.103412,2369.323170,2360.550884,2351.786486,2343.030091,2334.281884,2325.541927,2316.810156,2308.086680,2299.371307,2290.664745,2281.966700,2273.277290,2264.596577,2255.924123,2247.260861,2238.606837,2229.961591,2221.325498,2212.698284,2204.080104,2195.471735,2186.872705,2178.282858,2169.702547,2161.132274,2152.571623,2144.020614,2135.479486,2126.948381,2118.427499,2109.916724,2101.416228,2092.925673,2084.445818,2075.976336,2067.517389,2059.069412,2050.631793,2042.205198,2033.789359,2025.384753,2016.990933,2008.608547,2000.237608,1991.877883,1983.529853,1975.193406,1966.868423,1958.554406,1950.253091,1941.963735,1933.685934,1925.420747,1917.167367,1908.926607,1900.698005,1892.482006,1884.278559,1876.087689,1867.909922,1859.744717,1851.592883,1843.453994,1835.328222,1827.215910,1819.116664,1811.030593,1802.958627,1794.900595,1786.856242,1778.825271,1770.808739,1762.806243,1754.818080,1746.844245,1738.884574,1730.939475,1723.009191,1715.093387,1707.192555,1699.306695,1691.435932,1683.580042,1675.739479,1667.914305,1660.104996,1652.310945,1644.532495,1636.770112,1629.023499,1621.293200,1613.578888,1605.880824,1598.199158,1590.534314,1582.885955,1575.254510,1567.639777,1560.042002,1552.461470,1544.897880,1537.351800,1529.822896,1522.311843,1514.818328,1507.342550,1499.884928,1492.445531,1485.023872,1477.620556,1470.235805,1462.869985,1455.522571,1448.193774,1440.883716,1433.593353,1426.321951,1419.069841,1411.837328,1404.624459,1397.430546,1390.257291,1383.103930,1375.970601,1368.857384,1361.764193,1354.691753,1347.640158,1340.609517,1333.599662,1326.610915,1319.643412,1312.697171,1305.772086,1298.868469,1291.986759,1285.126989,1278.289403,1271.473837,1264.680406,1257.909566,1251.161021,1244.435456,1237.732549,1231.052868,1224.395920,1217.762458,1211.152439,1204.565912,1198.003090,1191.464260,1184.949203,1178.458677,1171.992330,1165.550461,1159.133240,1152.740754,1146.373137,1140.030642,1133.713293,1127.421084,1121.154560,1114.913729,1108.698735,1102.509685,1096.346769,1090.209881,1084.099696,1078.015894,1071.958647,1065.928833,1059.925878,1053.950109,1048.001740,1042.081018,1036.187745,1030.322874,1024.485875,1018.677177,1012.896793,1007.144806,1001.421584,995.727024,990.061240,984.424672,978.817856,973.240120,967.692677,962.174559,956.686475,951.227966,945.799823,940.403584,935.037995,929.709687,924.400145,919.127561,913.887047,908.677887,903.500314,898.352905,893.241172,888.159968,883.111652,878.095991,873.112628,868.162129,863.244701,858.360484,853.510218,848.693001,843.909999,839.161400,834.447308,829.766083,825.121332,820.510692,815.934154,811.391250,806.886407,802.418254,797.984945,793.585397,789.215791,784.902907,780.612864,776.361693,772.146324,767.968519,763.825360,759.721069,755.654956,751.629043,747.640329,743.690037,739.775443,735.899479,732.062440,728.266203,724.509574,720.789637,717.111456,713.473221,709.873419,706.313265,702.793722,699.313692,695.874892,692.477138,689.120193,685.804311,682.529648,679.296995,676.106499,672.958538,669.851970,666.788221,663.767394,660.789360,657.854726,654.963219,652.115500,649.310581,646.549663,643.832885,641.161029,638.532837,635.949627,633.411200,630.917611,628.469301,626.066573,623.709498,621.398407,619.133420,616.914777,614.742235,612.616815,610.538334,608.507269,606.522865,604.586483,602.697998,600.857236,599.064317,597.319892,595.623896,593.976477,592.378062,590.828822,589.329236,587.878814,586.478660,585.128270,583.828396,582.578613,581.379192,580.230374,579.133008,578.086654,577.091684,576.148563,575.256855,574.417276,573.629988,572.895033,572.212929,571.583578,571.007708,570.484587,570.015301,569.599619,569.237435,568.929286,568.675125,568.475660,568.330861,568.240728,568.205656,568.226014,568.301832,568.433108,568.620506,568.863827,569.163483,569.519922,569.932689,570.402555,570.929242,571.513337,572.154995,572.854063,573.610876,574.425964,575.298935,576.230685,577.221069,578.270178,579.378369,580.545548,581.772262,583.059031,584.405355,585.811599,587.278035,588.804937,590.392221,592.040314,593.749388,595.519540,597.351164,599.244288,601.199049,603.215688,605.294463,607.435643,609.639198,611.905428,614.234265,616.626146,619.081379,621.599863,624.182051,626.827990,629.537871,632.311734,635.149735,638.052282,641.019522,644.051603,647.148588,650.310804,653.538378,656.831383,660.190083,663.614771,667.105460,670.662518,674.285839,677.975741,681.732429,685.555877,689.446806,693.404545,697.429784,701.522486,705.682937,709.911324,714.207918,718.572489,723.005550,727.507151,732.077302,736.716303,741.424333,746.201419,751.047897,755.963905,760.949483,766.005034,771.130268,776.325590,781.591311,786.927151,792.333355,797.810488,803.358297,808.977351,814.667264,820.428355,826.261107,832.165355,838.141089,844.188757,850.308205,856.499867,862.763913,869.100243,875.508886,881.990149,888.544277,895.171192,901.871121,908.644180,915.490459,922.410459,929.403954,936.470829,943.611475,950.825911,958.114760,965.477439,972.914377,980.425965,988.011611,995.672228,1003.407201,1011.216979,1019.101772,1027.061502,1035.096774,1043.207138,1051.392953,1059.653926,1067.990787,1076.403178,1084.891524,1093.455640,1102.095682,1110.811830,1119.604156,1128.472574,1137.417556,1146.438829,1155.536924,1164.711502,1173.963088,1183.291397,1192.696705,1202.178875,1211.738238,1221.374718,1231.088455,1240.879589,1250.748044,1260.694567,1270.718299,1280.819721,1290.998898,1301.255904,1311.590999,1322.003897
2588.762627,2579.911729,2571.066671,2562.227509,2553.394481,2544.567834,2535.747382,2526.932752,2518.124930,2509.323322,2500.528145,2491.739464,2482.957748,2474.182631,2465.414130,2456.652556,2447.897933,2439.150169,2430.408745,2421.675066,2412.947887,2404.228567,2395.516527,2386.811401,2378.113820,2369.423186,2360.740979,2352.066405,2343.399329,2334.740237,2326.088844,2317.445215,2308.809761,2300.182500,2291.563330,2282.952108,2274.349493,2265.755147,2257.169336,2248.592020,2240.022925,2231.462791,2222.911395,2214.368873,2205.835304,2197.310587,2188.794979,2180.288309,2171.790872,2163.302982,2154.823995,2146.354630,2137.895108,2129.445038,2121.004544,2112.573880,2104.152921,2095.742325,2087.341556,2078.951067,2070.570645,2062.200473,2053.840128,2045.490977,2037.152360,2028.824044,2020.506394,2012.199660,2003.904078,1995.619090,1987.345046,1979.082625,1970.831449,1962.591462,1954.363087,1946.146164,1937.940080,1929.746385,1921.564456,1913.394174,1905.236095,1897.090070,1888.956335,1880.834654,1872.725450,1864.628690,1856.544434,1848.472458,1840.413647,1832.367845,1824.334677,1816.314809,1808.307982,1800.314190,1792.333514,1784.366676,1776.413564,1768.473676,1760.547893,1752.635846,1744.737730,1736.853770,1728.983895,1721.128185,1713.286878,1705.460154,1697.647765,1689.849997,1682.067326,1674.299410,1666.546427,1658.808266,1651.085703,1643.378616,1635.686373,1628.010242,1620.349283,1612.704408,1605.075502,1597.462474,1589.865498,1582.284504,1574.720365,1567.172493,1559.641262,1552.126745,1544.629124,1537.148018,1529.684126,1522.236994,1514.807587,1507.395640,1500.000818,1492.623774,1485.264573,1477.923384,1470.599486,1463.294219,1456.007314,1448.738824,1441.488634,1434.256723,1427.043652,1419.849831,1412.674748,1405.519054,1398.382711,1391.265165,1384.167282,1377.089233,1370.031041,1362.992634,1355.973986,1348.975353,1341.997290,1335.039898,1328.103099,1321.186993,1314.291674,1307.417375,1300.564114,1293.731785,1286.920699,1280.131289,1273.363729,1266.617779,1259.893755,1253.191838,1246.512012,1239.854472,1233.219604,1226.607140,1220.017570,1213.450724,1206.907028,1200.386352,1193.889135,1187.415228,1180.965134,1174.538567,1168.136280,1161.757922,1155.403793,1149.074057,1142.768790,1136.488095,1130.232388,1124.001369,1117.795497,1111.614901,1105.459769,1099.330194,1093.226299,1087.148272,1081.095849,1075.070181,1069.070480,1063.097053,1057.150530,1051.231024,1045.338328,1039.472396,1033.634209,1027.823210,1022.040274,1016.284952,1010.557585,1004.858247,999.187023,993.544248,987.929544,982.343672,976.786900,971.259399,965.760960,960.291790,954.852101,949.442164,944.060460,938.711496,933.392507,928.103871,922.846122,917.542302,912.422395,907.252900,902.123843,897.021460,891.950863,886.910038,881.905129,876.930178,871.988318,867.077554,862.200088,857.355543,852.540555,847.764364,843.019965,838.308315,833.630730,828.987026,824.377114,819.800287,815.260320,810.754907,806.267035,801.837939,797.444064,793.076635,788.749426,784.452267,780.198935,775.974690,771.790236,767.641648,763.528457,759.451734,755.412487,751.411597,747.449914,743.523736,739.636256,735.785420,731.972251,728.198304,724.465159,720.769100,717.111403,713.494104,709.916311,706.377184,702.876796,699.417111,695.996157,692.616427,689.277122,685.978383,682.720425,679.503762,676.327921,673.194204,670.102633,667.051939,664.043970,661.078431,658.155335,655.275110,652.437932,649.643697,646.892403,644.184372,641.520406,638.900716,636.324446,633.792858,631.305420,628.862429,626.464693,624.112003,621.804414,619.542498,617.326332,615.156020,613.031556,610.953995,608.922912,606.938102,605.000398,603.110276,601.267391,599.471930,597.723996,596.023878,594.371801,592.768302,591.213036,589.706794,588.249649,586.841700,585.483051,584.173917,582.914778,581.705724,580.546403,579.437251,578.379175,577.371746,576.415342,575.510162,574.656187,573.853876,573.103464,572.404911,571.758893,571.165375,570.624549,570.136249,569.701514,569.319762,568.990997,568.716065,568.494675,568.327563,568.214750,568.156204,568.152313,568.203347,568.309336,568.470527,568.687504,568.959903,569.288254,569.672949,570.113402,570.610743,571.164480,571.775160,572.442967,573.167754,573.949929,574.789921,575.687402,576.643341,577.657315,578.729691,579.860734,581.050319,582.299389,583.607577,584.974985,586.402129,587.888934,589.435575,591.042483,592.709737,594.437535,596.225925,598.075461,599.986021,601.957835,603.991215,606.086283,608.243152,610.462069,612.743295,615.086630,617.492787,619.961807,622.493590,625.088687,627.747148,630.469142,633.254706,636.103969,639.017443,641.995174,645.037232,648.143941,651.315409,654.551751,657.853249,661.220039,664.652321,668.150233,671.714100,675.343891,679.039759,682.802056,686.631015,690.526447,694.488583,698.517974,702.614139,706.777800,711.008989,715.307993,719.674733,724.109200,728.612073,733.183104,737.822565,742.530545,747.307274,752.153009,757.067904,762.052059,767.105551,772.228476,777.421100,782.683737,788.016105,793.418452,798.891327,804.434526,810.048571,815.733056,821.488411,827.315010,833.212725,839.181548,845.221926,851.333747,857.517329,863.772958,870.100497,876.500026,882.971704,889.515887,896.132565,902.821848,909.583873,916.418864,923.327081,930.308430,937.362830,944.490638,951.691994,958.967164,966.315923,973.738583,981.235536,988.806191,996.451460,1004.170733,1011.964456,1019.832843,1027.775817,1035.794070,1043.886912,1052.054906,1060.297731,1068.616099,1077.009921,1085.478792,1094.023417,1102.643598,1111.339546,1120.111334,1128.958877,1137.882650,1146.882379,1155.958596,1165.111064,1174.340107,1183.645452,1193.027563,1202.486209,1212.021722,1221.634029,1231.323268,1241.089583,1250.932897,1260.853962,1270.851915,1280.927243,1291.080010,1301.310291,1311.618348,1322.003897
2559.988393,2551.251344,2542.520203,2533.794816,2525.075481,2516.362214,2507.654848,2498.954082,2490.259622,2481.571268,2472.889472,2464.213944,2455.545218,2446.882808,2438.227411,2429.578686,2420.936734,2412.301507,2403.672894,2395.051725,2386.437061,2377.830002,2369.230009,2360.637498,2352.051442,2343.473167,2334.902880,2326.339927,2317.784801,2309.237363,2300.697666,2292.165390,2283.641353,2275.125296,2266.617309,2258.117258,2249.625652,2241.142221,2232.667227,2224.200659,2215.742166,2207.292556,2198.851586,2190.419446,2181.996045,2173.581371,2165.175934,2156.779108,2148.391698,2140.013297,2131.643632,2123.284040,2114.933902,2106.593047,2098.261785,2089.940390,2081.628184,2073.326220,2065.034401,2056.752216,2048.480440,2040.218474,2031.966673,2023.725647,2015.494732,2007.274490,1999.064619,1990.865753,1982.677663,1974.500093,1966.333657,1958.178138,1950.033981,1941.900880,1933.779291,1925.668598,1917.569669,1909.482375,1901.406518,1893.342402,1885.290084,1877.250049,1869.222028,1861.206215,1853.202479,1845.210938,1837.231687,1829.265089,1821.310999,1813.369722,1805.441334,1797.525973,1789.623430,1781.733774,1773.857043,1765.994220,1758.144477,1750.308558,1742.486189,1734.677421,1726.882431,1719.101392,1711.334380,1703.581209,1695.842493,1688.118064,1680.407947,1672.712206,1665.031396,1657.365065,1649.713540,1642.076950,1634.455654,1626.849460,1619.258175,1611.682574,1604.122335,1596.577710,1589.048962,1581.536007,1574.038899,1566.557609,1559.092956,1551.644280,1544.212288,1536.796764,1529.397705,1522.015147,1514.649457,1507.300954,1499.969583,1492.655059,1485.358300,1478.078747,1470.816805,1463.572481,1456.345487,1449.137163,1441.946650,1434.774585,1427.620552,1420.484425,1413.367061,1406.268759,1399.189092,1392.128529,1385.086697,1378.064176,1371.060814,1364.077083,1357.112943,1350.168047,1343.243029,1336.338086,1329.453370,1322.589064,1315.745066,1308.921544,1302.118591,1295.336437,1288.575101,1281.834295,1275.114917,1268.416719,1261.740188,1255.085043,1248.451596,1241.840026,1235.250317,1228.682663,1222.137448,1215.614402,1209.114015,1202.636052,1196.181050,1189.748925,1183.339938,1176.954001,1170.591681,1164.252610,1157.937558,1151.646232,1145.378869,1139.135693,1132.916409,1126.721976,1120.552017,1114.406443,1108.285971,1102.190287,1096.119785,1090.074797,1084.055143,1078.060999,1072.092507,1066.149991,1060.233141,1054.343035,1048.479148,1042.642008,1036.831407,1031.047304,1025.290036,1019.560982,1013.858814,1008.184384,1002.537536,996.918320,991.276257,985.763569,980.228146,974.721397,969.197095,963.794279,958.374302,952.982941,947.620769,942.287342,936.983840,931.711405,926.469034,921.256534,916.074620,910.919181,905.801615,900.709194,895.553229,890.624481,885.624831,880.662824,875.729151,870.827882,865.958583,861.116465,856.262185,851.542304,846.802165,842.094783,837.420270,832.778023,828.167695,823.597547,819.057965,814.551317,810.079632,805.638798,801.236629,796.857534,792.532178,788.237951,783.963843,779.749426,775.556919,771.401611,767.280732,763.198367,759.147028,755.137867,751.162695,747.226111,743.326368,739.465693,735.639851,731.852658,728.101216,724.389301,720.717225,717.083177,713.485708,709.928745,706.411097,702.931834,699.490961,696.090274,692.727837,689.407007,686.125636,682.884461,679.683520,676.523724,673.404591,670.327417,667.291242,664.296259,661.343358,658.432656,655.564117,652.737731,649.954098,647.213094,644.514531,641.859119,639.247424,636.679161,634.154312,631.673876,629.236895,626.844323,624.496408,622.193235,619.934647,617.721589,615.553698,613.431259,611.354378,609.324027,607.339591,605.401340,603.509786,601.665253,599.867508,598.116714,596.413175,594.757363,593.148955,591.588782,590.076247,588.612597,587.197393,585.831167,584.514035,583.245892,582.027175,580.858154,579.738368,578.668674,577.649540,576.680670,575.762312,574.894791,574.078192,573.312809,572.598875,571.936582,571.326108,570.767958,570.261898,569.808141,569.407552,569.059415,568.763979,568.521790,568.332895,568.197882,568.116624,568.089222,568.116117,568.197680,568.333582,568.524454,568.770622,569.071790,569.428527,569.841120,570.309153,570.833630,571.414089,572.051190,572.744771,573.495030,574.302393,575.166987,576.088792,577.068636,578.105921,579.201337,580.354975,581.566761,582.837600,584.167192,585.555561,587.003260,588.510221,590.076675,591.702811,593.388975,595.135252,596.941749,598.809008,600.736792,602.725458,604.775285,606.886388,609.058962,611.293015,613.589048,615.946780,618.367020,620.849500,623.394481,626.002341,628.673158,631.407099,634.204195,637.064608,639.988838,642.976857,646.028830,649.145051,652.325625,655.570664,658.880500,662.255149,665.694922,669.200036,672.770477,676.406555,680.108321,683.876113,687.710133,691.610179,695.576673,699.609964,703.709608,707.876415,712.110330,716.411603,720.780216,725.216247,729.720229,734.291909,738.931727,743.639649,748.415928,753.260825,758.174492,763.157030,768.208516,773.329049,778.519079,783.778368,789.107187,794.505686,799.974129,805.512661,811.121627,816.800651,822.550166,828.370595,834.261666,840.223515,846.256543,852.360654,858.536164,864.783278,871.101961,877.492285,883.954433,890.488603,897.094955,903.773545,910.524511,917.348168,924.244505,931.213702,938.255704,945.370518,952.558663,959.820230,967.155044,974.563361,982.045646,989.601277,997.231169,1004.934711,1012.712456,1020.564307,1028.490497,1036.491625,1044.566984,1052.717152,1060.941808,1069.241662,1077.616628,1086.066301,1094.591504,1103.191825,1111.867422,1120.618657,1129.445242,1138.347860,1147.326033,1156.380361,1165.510668,1174.717101,1183.999568,1193.358479,1202.793587,1212.305243,1221.893369,1231.558105,1241.299596,1251.117766,1261.013367,1270.985539,1281.034770,1291.161124,1301.364680,1311.645698,1322.003897
2531.559191,2522.934446,2514.315649,2505.702757,2497.095743,2488.494331,2479.899013,2471.310290,2462.727767,2454.151278,2445.581203,2437.017663,2428.460380,2419.909679,2411.365561,2402.828305,2394.297691,2385.773218,2377.256236,2368.745614,2360.242610,2351.746573,2343.257439,2334.775308,2326.299754,2317.832600,2309.372836,2300.920322,2292.475548,2284.038353,2275.608848,2267.187003,2258.772720,2250.366517,2241.968097,2233.577985,2225.196012,2216.822214,2208.456573,2200.098964,2191.750041,2183.409668,2175.077758,2166.754575,2158.439896,2150.134133,2141.837279,2133.549399,2125.270143,2117.000014,2108.739046,2100.487267,2092.244982,2084.012003,2075.788765,2067.575114,2059.370942,2051.175905,2042.991444,2034.816788,2026.651837,2018.496788,2010.352231,2002.218136,1994.093915,1985.980260,1977.876965,1969.784403,1961.702396,1953.631087,1945.570702,1937.521232,1929.482565,1921.455031,1913.438445,1905.433612,1897.439978,1889.457585,1881.486931,1873.527509,1865.579960,1857.644565,1849.721009,1841.809510,1833.910121,1826.022443,1818.147182,1810.284562,1802.434110,1794.596091,1786.771062,1778.958786,1771.159310,1763.372594,1755.598806,1747.838622,1740.091229,1732.357639,1724.637619,1716.930959,1709.237800,1701.558517,1693.892933,1686.241372,1678.603921,1670.980643,1663.371332,1655.776577,1648.196090,1640.630298,1633.079294,1625.542969,1618.021681,1610.515025,1603.023681,1595.547557,1588.086689,1580.641275,1573.211547,1565.797559,1558.399060,1551.016282,1543.649826,1536.299405,1528.965222,1521.647513,1514.346015,1507.061318,1499.792668,1492.541120,1485.306441,1478.088976,1470.888758,1463.705569,1456.539649,1449.391123,1442.260145,1435.147290,1428.052437,1420.975282,1413.916243,1406.875062,1399.852285,1392.848254,1385.862999,1378.896308,1371.948352,1365.019512,1358.109760,1351.219012,1344.347670,1337.495796,1330.663355,1323.850870,1317.058317,1310.286012,1303.533717,1296.801699,1290.090094,1283.399016,1276.728588,1270.078527,1263.449543,1256.841546,1250.255034,1243.689656,1237.145765,1230.623518,1224.122960,1217.644280,1211.187574,1204.752948,1198.340745,1191.950734,1185.583409,1179.238809,1172.916999,1166.618070,1160.342539,1154.090051,1147.861178,1141.655840,1135.474446,1129.316826,1123.182855,1117.073485,1110.988231,1104.927315,1098.891294,1092.879548,1086.892849,1080.931415,1074.995020,1069.083882,1063.198223,1057.338253,1051.503657,1045.695596,1039.913246,1034.157679,1028.427950,1022.725020,1017.048459,1011.399849,1005.777866,1000.183072,994.615902,989.075845,983.563601,978.078893,972.622005,967.193529,961.793208,956.422047,951.079038,945.764666,940.479130,935.221539,929.995585,924.799058,919.632367,914.495190,909.388249,904.311124,899.264266,894.154249,889.263142,884.309007,879.385578,874.491877,869.632529,864.803375,860.005711,855.239440,850.505161,845.804063,841.134221,836.497696,831.893294,827.322574,822.783185,818.279928,813.806125,809.368321,804.965818,800.594202,796.252611,791.952171,787.691099,783.462251,779.266661,775.106254,770.979397,766.889259,762.833933,758.811131,754.825798,750.883983,746.966376,743.098378,739.262615,735.464451,731.700929,727.974252,724.284746,720.634613,717.023609,713.450012,709.912995,706.414739,702.957283,699.537214,696.155254,692.812373,689.508693,686.245522,683.021762,679.837567,676.693247,673.589888,670.527014,667.505448,664.524317,661.584470,658.686039,655.829569,653.014962,650.242033,647.511344,644.823199,642.176635,639.573554,637.013564,634.496367,632.022622,629.592344,627.205542,624.862667,622.564274,620.309900,618.100257,615.935248,613.815057,611.739992,609.710586,607.726786,605.788775,603.896460,602.050487,600.251125,598.498160,596.791731,595.132110,593.520061,591.954915,590.437360,588.967453,587.546108,586.172452,584.847513,583.571256,582.343823,581.165055,580.035771,578.955048,577.924585,576.943932,576.013057,575.132574,574.302396,573.522739,572.793900,572.116077,571.489568,570.914470,570.391411,569.919748,569.500253,569.133329,568.818471,568.555908,568.346229,568.189555,568.086224,568.036349,568.039774,568.097360,568.208933,568.374538,568.594690,568.869685,569.199419,569.584383,570.024468,570.519954,571.071143,571.678055,572.341298,573.060419,573.835860,574.668125,575.557065,576.502964,577.506253,578.566763,579.685025,580.861079,582.094754,583.387272,584.737950,586.147096,587.615084,589.141962,590.727887,592.373165,594.078014,595.842595,597.667027,599.551709,601.496560,603.501889,605.567963,607.694912,609.882887,612.132122,614.442568,616.814614,619.248617,621.744485,624.302533,626.922988,629.606100,632.351721,635.160197,638.031586,640.966388,643.964576,647.026325,650.151857,653.341433,656.595031,659.913024,663.295430,666.742556,670.254629,673.831626,677.473861,681.181385,684.954538,688.793616,692.698134,696.668924,700.705861,704.808883,708.978674,713.215178,717.518647,721.889062,726.326507,730.831491,735.403813,740.043867,744.751637,749.527375,754.371342,759.283693,764.264527,769.313924,774.431982,779.619153,784.875199,790.200392,795.594883,801.058937,806.592869,812.196514,817.869916,823.613617,829.427763,835.312174,841.266987,847.292605,853.388933,859.556286,865.794872,872.104655,878.485710,884.938225,891.462383,898.058361,904.726175,911.466073,918.278261,925.162766,932.119850,939.149215,946.251113,953.426148,960.673917,967.994782,975.388799,982.856295,990.396951,998.011355,1005.699156,1013.460771,1021.296161,1029.205543,1037.189516,1045.247372,1053.379701,1061.586157,1069.867544,1078.223566,1086.654021,1095.159667,1103.740093,1112.395458,1121.126125,1129.931806,1138.813188,1147.769790,1156.802217,1165.910294,1175.094166,1184.353745,1193.689441,1203.101009,1212.588801,1222.152740,1231.792966,1241.509627,1251.302648,1261.172782,1271.119171,1281.142301,1291.242242,1301.419069,1311.673048,1322.003897
2503.470172,2494.956520,2486.448582,2477.946551,2469.450361,2460.959582,2452.475049,2443.996928,2435.524709,2427.058912,2418.599229,2410.146007,2401.699031,2393.258562,2384.824560,2376.397114,2367.976313,2359.561904,2351.154734,2342.753833,2334.360385,2325.973774,2317.594332,2309.221339,2300.855587,2292.497447,2284.146624,2275.803387,2267.467595,2259.139295,2250.818514,2242.505475,2234.199785,2225.902206,2217.612336,2209.330513,2201.056781,2192.791169,2184.533722,2176.284020,2168.043003,2159.810462,2151.586353,2143.370690,2135.163534,2126.965197,2118.775670,2110.594937,2102.422960,2094.259701,2086.105745,2077.960628,2069.825186,2061.698859,2053.582129,2045.474835,2037.377004,2029.288261,2021.209520,2013.140905,2005.081936,1997.032699,1988.993915,1980.964781,1972.946247,1964.937914,1956.940065,1948.952509,1940.975392,1933.008865,1925.053182,1917.108414,1909.174160,1901.250861,1893.338537,1885.437798,1877.548027,1869.669559,1861.802798,1853.946615,1846.102735,1838.270606,1830.450318,1822.641888,1814.845376,1807.060353,1799.288055,1791.527941,1783.779752,1776.044350,1768.321045,1760.610707,1752.913255,1745.228230,1737.556321,1729.896826,1722.251258,1714.618683,1706.999529,1699.393824,1691.801329,1684.222498,1676.657423,1669.106097,1661.568702,1654.045232,1646.535868,1639.040435,1631.559613,1624.093072,1616.641398,1609.204162,1601.781261,1594.373642,1586.980571,1579.602934,1572.240426,1564.892898,1557.561086,1550.244772,1542.943877,1535.658383,1528.389084,1521.135854,1513.898259,1506.677062,1499.472251,1492.283454,1485.111197,1477.955420,1470.816685,1463.694962,1456.590150,1449.502040,1442.431076,1435.377643,1428.341337,1421.322964,1414.322404,1407.339205,1400.374214,1393.427025,1386.497335,1379.586832,1372.694695,1365.820802,1358.965735,1352.129445,1345.312188,1338.513467,1331.734019,1324.973684,1318.233060,1311.511887,1304.810457,1298.129067,1291.467438,1284.825920,1278.204635,1271.603628,1265.023058,1258.462465,1251.923055,1245.404484,1238.906794,1232.430169,1225.974830,1219.540942,1213.128477,1206.737712,1200.368609,1194.021410,1187.696302,1181.393349,1175.112785,1168.854744,1162.619066,1156.406271,1150.216359,1144.049630,1137.906089,1131.785849,1125.689304,1119.616204,1113.566717,1107.541392,1101.540075,1095.562793,1089.610060,1083.681503,1077.777727,1071.898937,1066.044925,1060.215618,1054.412134,1048.633547,1042.880479,1037.153354,1031.452142,1025.777108,1020.127417,1014.504399,1008.908070,1003.338965,997.796317,992.280458,986.791925,981.330337,975.896144,970.489207,965.110105,959.758798,954.435607,949.140941,943.874714,938.636662,933.425652,928.245616,923.095026,917.973589,912.870277,907.818945,902.786267,897.783147,892.713230,887.867689,882.951904,878.073712,873.223264,868.402552,863.614074,858.856166,854.130091,849.402124,844.767935,840.139224,835.540432,830.973640,826.438861,821.935071,817.467590,813.031244,808.626904,804.258027,799.921443,795.617864,791.349164,787.115773,782.916122,778.751717,774.621018,770.524636,766.464386,762.438088,758.443916,754.491538,750.571797,746.687503,742.837260,739.029978,735.256023,731.518294,727.817059,724.151488,720.522847,716.934414,713.383674,709.869747,706.391932,702.954125,699.554843,696.192961,692.869402,689.584255,686.338410,683.132085,679.965287,676.837826,673.749588,670.701620,667.694524,664.728134,661.801667,658.916241,656.071839,653.268925,650.507906,647.787870,645.109638,642.473475,639.878910,637.327322,634.818269,632.351939,629.928550,627.548255,625.210953,622.917516,620.667833,618.462009,616.300576,614.183234,612.110456,610.082450,608.099733,606.162310,604.269947,602.423262,600.622465,598.867790,597.159227,595.496748,593.880864,592.311870,590.789509,589.314282,587.886616,586.506690,585.174511,583.890585,582.654594,581.467324,580.328508,579.238189,578.196577,577.204784,576.262152,575.369076,574.525981,573.732670,572.989590,572.297065,571.654892,571.063901,570.523989,570.035400,569.597941,569.212317,568.878777,568.596749,568.367024,568.189470,568.064632,567.992666,567.973807,568.007840,568.095615,568.236913,568.431979,568.681381,568.984786,569.342720,569.755481,570.222897,570.745593,571.323213,571.956463,572.645348,573.389829,574.190236,575.047069,575.960169,576.929825,577.956466,579.039995,580.180732,581.378776,582.634337,583.948300,585.319764,586.749449,588.237514,589.784116,591.389331,593.053502,594.776896,596.559430,598.401664,600.303572,602.265291,604.287160,606.369118,608.511822,610.715048,612.979130,615.304002,617.690103,620.137743,622.646822,625.217722,627.850604,630.545757,633.302983,636.122680,639.004853,641.950055,644.958312,648.029657,651.164452,654.362816,657.624824,660.950743,664.340866,667.795213,671.314108,674.897531,678.545795,682.258952,686.037321,689.881263,693.790308,697.765070,701.805667,705.912014,710.084676,714.323666,718.629162,723.001276,727.440198,731.945932,736.518784,741.158980,745.866503,750.641608,755.484556,760.395553,765.374547,770.421814,775.537292,780.721502,785.974226,791.295744,796.686126,802.145713,807.674804,813.273229,818.941034,824.678916,830.486559,836.364246,842.312024,848.330087,854.418595,860.577734,866.807906,873.108566,879.480299,885.923160,892.437226,899.022865,905.679810,912.408557,919.209232,926.081862,933.026710,940.043479,947.132422,954.294145,961.528244,968.835142,976.214835,983.667484,991.193222,998.792017,1006.464028,1014.209505,1022.028408,1029.921022,1037.887872,1045.928076,1054.042534,1062.231040,1070.493608,1078.830734,1087.241953,1095.728025,1104.288538,1112.923655,1121.633737,1130.418501,1139.278632,1148.213652,1157.224166,1166.310000,1175.471302,1184.707983,1194.020456,1203.408476,1212.872396,1222.412140,1232.027852,1241.719678,1251.487545,1261.332208,1271.252809,1281.249837,1291.323361,1301.473467,1311.700399,1322.003897
2475.716910,2467.312929,2458.914595,2450.522050,2442.135265,2433.753904,2425.378645,2417.009744,2408.646568,2400.289711,2391.939184,2383.594904,2375.256800,2366.925205,2358.599974,2350.281199,2341.968319,2333.662864,2325.363630,2317.071632,2308.786480,2300.507988,2292.236435,2283.971294,2275.714092,2267.463832,2259.220728,2250.985207,2242.757027,2234.536299,2226.322984,2218.117326,2209.919260,2201.728309,2193.545790,2185.371142,2177.204274,2169.045482,2160.894416,2152.751768,2144.617339,2136.491286,2128.373592,2120.264009,2112.163261,2104.071089,2095.987484,2087.912702,2079.846077,2071.789005,2063.740881,2055.701068,2047.670825,2039.650031,2031.638510,2023.636206,2015.643344,2007.659752,1999.685788,1991.721493,1983.766993,1975.822720,1967.888166,1959.963277,1952.048657,1944.144569,1936.250616,1928.366844,1920.493386,1912.630534,1904.778103,1896.936751,1889.105944,1881.285196,1873.476057,1865.678235,1857.891186,1850.115314,1842.350605,1834.597383,1826.855434,1819.125508,1811.407211,1803.700583,1796.005573,1788.322590,1780.651510,1772.992513,1765.345879,1757.711356,1750.088909,1742.479343,1734.882380,1727.298035,1719.726123,1712.167169,1704.621636,1697.089039,1689.569664,1682.063537,1674.570609,1667.091074,1659.625263,1652.172895,1644.734382,1637.309781,1629.898844,1622.502048,1615.119326,1607.751148,1600.397334,1593.057970,1585.732853,1578.422491,1571.126937,1563.846513,1556.581004,1549.330603,1542.095384,1534.875600,1527.671085,1520.481691,1513.308565,1506.151196,1499.009020,1491.883649,1484.773853,1477.680453,1470.603536,1463.542269,1456.498370,1449.471109,1442.460626,1435.466501,1428.489670,1421.529938,1414.587151,1407.662236,1400.754739,1393.864698,1386.992244,1380.137681,1373.300793,1366.482609,1359.682202,1352.900490,1346.137080,1339.392251,1332.666145,1325.958562,1319.269929,1312.600346,1305.950309,1299.319519,1292.708210,1286.116706,1279.544758,1272.992714,1266.460711,1259.948742,1253.457016,1246.985060,1240.534070,1234.103750,1227.694008,1221.305140,1214.937329,1208.590720,1202.265430,1195.961620,1189.679192,1183.418447,1177.179567,1170.962617,1164.767829,1158.595355,1152.444961,1146.317288,1140.212214,1134.130106,1128.070954,1122.034868,1116.022200,1110.032805,1104.066771,1098.124644,1092.206085,1086.311806,1080.441442,1074.595020,1068.773310,1062.976270,1057.203690,1051.455682,1045.733072,1039.912104,1034.362723,1028.715820,1022.920379,1017.499247,1011.929103,1006.384923,1000.867819,995.377149,989.912990,984.475270,979.064464,973.680597,968.323650,962.993598,957.691512,952.416888,947.169882,941.951104,936.760350,931.597237,926.461981,921.357213,916.281159,911.234136,906.216192,901.227128,896.267721,891.238753,886.436121,881.568189,876.727877,871.918686,867.139363,862.390550,857.672786,852.982908,848.329875,843.704787,839.110300,834.550130,830.019916,825.493952,821.055963,816.621435,812.221540,807.852594,803.499469,799.190451,794.941817,790.707181,786.505039,782.337931,778.203526,774.104329,770.038943,766.007211,762.010927,758.048921,754.116568,750.228588,746.371841,742.549675,738.765437,735.017433,731.305462,727.628440,723.989076,720.384078,716.815622,713.287903,709.796468,706.341022,702.923070,699.543663,696.202697,692.898618,689.633174,686.405046,683.216476,680.066985,676.956172,673.884622,670.851624,667.859198,664.906994,661.995077,659.122622,656.291255,653.500255,650.750617,648.042169,645.374520,642.748630,640.163856,637.620887,635.120154,632.661757,630.245547,627.872004,625.541126,623.252893,621.008469,618.807081,616.649282,614.535382,612.465579,610.439595,608.458293,606.521808,604.629952,602.783260,600.981512,599.225526,597.515157,595.850465,594.231211,592.658752,591.132525,589.652543,588.219253,586.833366,585.494695,584.203409,582.959964,581.764080,580.616426,579.517070,578.465610,577.462679,576.509029,575.604180,574.748482,573.942359,573.185697,572.478840,571.822094,571.215417,570.659482,570.154224,569.699951,569.296314,568.944440,568.643802,568.394299,568.196778,568.051207,567.957933,567.917069,567.928695,567.993254,568.110946,568.281731,568.505900,568.784044,569.115775,569.501671,569.941990,570.436422,570.985836,571.589770,572.248987,572.963354,573.732930,574.558103,575.439212,576.376095,577.369399,578.419115,579.525348,580.688428,581.908229,583.185694,584.520452,585.912609,587.362684,588.870613,590.436602,592.060914,593.743823,595.485439,597.285869,599.145610,601.064560,603.042951,605.081096,607.178950,609.337127,611.555378,613.834124,616.173258,618.573258,621.034321,623.556486,626.140094,628.785267,631.492177,634.260863,637.091455,639.984457,642.939922,645.958044,649.038857,652.182720,655.389756,658.660015,661.993869,665.391441,668.852874,672.378503,675.968227,679.622365,683.341128,687.124492,690.973182,694.886529,698.865228,702.909369,707.018870,711.194295,715.435769,719.743138,724.116848,728.556977,733.063538,737.636814,742.277056,746.984240,751.758620,756.600352,761.509964,766.487104,771.532091,776.644930,781.826091,787.075443,792.393181,797.779406,803.234456,808.758634,814.351769,820.013905,825.745747,831.546980,837.417880,843.358499,849.369032,855.449687,861.600507,867.822039,874.113692,880.476067,886.909150,893.413130,899.988300,906.634410,913.351953,920.141278,927.001811,933.934362,940.938404,948.014444,955.162818,962.383211,969.676048,977.041327,984.479209,991.989897,999.573155,1007.229347,1014.958656,1022.761045,1030.636798,1038.586442,1046.609096,1054.705661,1062.875931,1071.119923,1079.438133,1087.830096,1096.296575,1104.837160,1113.452011,1122.141495,1130.905326,1139.744192,1148.657617,1157.646206,1166.709787,1175.848508,1185.062282,1194.351522,1203.715986,1213.156027,1222.671571,1232.262762,1241.929747,1251.672456,1261.491644,1271.386455,1281.357378,1291.404483,1301.527858,1311.727749,1322.003897
2448.295087,2439.999283,2431.709134,2423.424734,2415.145649,2406.872600,2398.605285,2390.344017,2382.088971,2373.839730,2365.596859,2357.360032,2349.129582,2340.905435,2332.687654,2324.476167,2316.270727,2308.072310,2299.879953,2291.694966,2283.516592,2275.345191,2267.180002,2259.021914,2250.871420,2242.727503,2234.591157,2226.461922,2218.340070,2210.225481,2202.118396,2194.018750,2185.926644,2177.841797,2169.764930,2161.695981,2153.634862,2145.581383,2137.535819,2129.498636,2121.469575,2113.448616,2105.436019,2097.431456,2089.435590,2081.448238,2073.469407,2065.499112,2057.537366,2049.584443,2041.640507,2033.705026,2025.778955,2017.862219,2009.954497,2002.056157,1994.167022,1986.286866,1978.416714,1970.555536,1962.704540,1954.863392,1947.031628,1939.209998,1931.398357,1923.596929,1915.805737,1908.024446,1900.253555,1892.493072,1884.742785,1877.003324,1869.274209,1861.555668,1853.848494,1846.151874,1838.466495,1830.791809,1823.128448,1815.476622,1807.835494,1800.206432,1792.588882,1784.982818,1777.388354,1769.805744,1762.234900,1754.676041,1747.129351,1739.594703,1732.072131,1724.561812,1717.064423,1709.579382,1702.106550,1694.646715,1687.200030,1679.766310,1672.345379,1664.937660,1657.543057,1650.161908,1642.793970,1635.439601,1628.098773,1620.771829,1613.458247,1606.158639,1598.873220,1591.602062,1584.345123,1577.102249,1569.873633,1562.659774,1555.460459,1548.276100,1541.106450,1533.951978,1526.812309,1519.687947,1512.578666,1505.484396,1498.406199,1491.343442,1484.295979,1477.264675,1470.249401,1463.250200,1456.266820,1449.299716,1442.349387,1435.415504,1428.497978,1421.596951,1414.713219,1407.846061,1400.995895,1394.163158,1387.347937,1380.549963,1373.769129,1367.006115,1360.260706,1353.533458,1346.824395,1340.133458,1333.460692,1326.806223,1320.170411,1313.552878,1306.954023,1300.374342,1293.813777,1287.272262,1280.750211,1274.247391,1267.764113,1261.300534,1254.856790,1248.432874,1242.028913,1235.644679,1229.281167,1222.938015,1216.615279,1210.313073,1204.031974,1197.771729,1191.532555,1185.314761,1179.117989,1172.942701,1166.789060,1160.657145,1154.547258,1148.459416,1142.393322,1136.349835,1130.328680,1124.330268,1118.354565,1112.401704,1106.472028,1100.565158,1094.681894,1088.822003,1082.985460,1077.173059,1071.384260,1065.619162,1059.878538,1054.162335,1048.470282,1042.802809,1037.160183,1031.541869,1025.949341,1020.381617,1014.839552,1009.322810,1003.831424,998.365619,992.926637,987.513844,982.127175,976.766821,971.433050,966.125780,960.844909,955.591488,950.365553,945.166462,939.994879,934.851089,929.735508,924.645390,919.586337,914.555695,909.553430,904.579918,899.635085,894.719159,889.730858,884.974661,880.146763,875.347487,870.580855,865.842410,861.134307,856.456315,851.808458,847.191636,842.604997,838.049924,833.525420,829.033151,824.571399,820.142161,815.743918,811.377662,807.043007,802.742577,798.472020,794.222497,790.025256,785.862147,781.726545,777.623669,773.555621,769.520246,765.517445,761.551540,757.618927,753.718175,749.856149,746.026036,742.231944,738.469891,734.749630,731.060642,727.412334,723.795611,720.214909,716.670724,713.162951,709.694042,706.261785,702.864064,699.505415,696.184761,692.900772,689.653869,686.445954,683.274077,680.142455,677.049050,673.993322,670.977090,667.999569,665.062198,662.163946,659.305762,656.487286,653.709131,650.971488,648.274308,645.617933,643.002062,640.427828,637.894117,635.402023,632.951588,630.543556,628.176981,625.852660,623.570920,621.331413,619.135240,616.981784,614.871576,612.804826,610.781653,608.802367,606.867194,604.976421,603.130099,601.328064,599.570993,597.859394,596.192857,594.571445,592.995459,591.465736,589.981911,588.543840,587.152132,585.807624,584.509800,583.259056,582.055595,580.899618,579.791200,578.730741,577.717729,576.753092,575.837195,574.969795,574.151068,573.381648,572.661241,571.990232,571.368927,570.797406,570.276199,569.805310,569.384806,569.014791,568.696064,568.428181,568.210969,568.045422,567.931418,567.869359,567.859356,567.901276,567.995973,568.143215,568.343141,568.596202,568.902788,569.262563,569.676141,570.143647,570.664907,571.240765,571.870800,572.555612,573.295210,574.089588,574.939361,575.844422,576.805042,577.821710,578.894079,580.022859,581.208009,582.449454,583.748187,585.103813,586.516438,587.986560,589.514182,591.099431,592.742625,594.444005,596.203694,598.021797,599.898859,601.834638,603.829504,605.883726,607.997424,610.170722,612.403846,614.697095,617.050218,619.464127,621.938376,624.473380,627.069479,629.726746,632.445353,635.225307,638.066796,640.970353,643.935943,646.963677,650.053884,653.206671,656.422234,659.700628,663.042222,666.447139,669.915524,673.447712,677.043648,680.703529,684.427661,688.216017,692.069308,695.986859,699.969526,704.016833,708.129500,712.307579,716.551343,720.860559,725.235769,729.677004,734.184286,738.757919,743.398089,748.104827,752.878474,757.719030,762.626971,767.602272,772.644796,777.754949,782.933052,788.178926,793.492526,798.874720,804.325161,809.844424,815.432129,821.088532,826.814232,832.609154,838.473073,844.406538,850.409404,856.482109,862.624694,868.837438,875.120030,881.472978,887.896351,894.390094,900.954745,907.589976,914.296277,921.074002,927.922598,934.842806,941.834172,948.897179,956.032165,963.238816,970.517558,977.868388,985.291471,992.787009,1000.354798,1007.995111,1015.708225,1023.494072,1031.352938,1039.285352,1047.290432,1055.369081,1063.521094,1071.746487,1080.045787,1088.418451,1096.865320,1105.385957,1113.980527,1122.649328,1131.392281,1140.209869,1149.101686,1158.068339,1167.109747,1176.225784,1185.416642,1194.682641,1204.023540,1213.439695,1222.931032,1232.497695,1242.139836,1251.857382,1261.651091,1271.520108,1281.464923,1291.485608,1301.582251,1311.755100,1322.003897
2421.200258,2413.011339,2404.828011,2396.650358,2388.477957,2380.311753,2372.151123,2363.996118,2355.847387,2347.704786,2339.568127,2331.437557,2323.313293,2315.195264,2307.083531,2298.977513,2290.878564,2282.785493,2274.699463,2266.620027,2258.547198,2250.481085,2242.421179,2234.369004,2226.323744,2218.285363,2210.253961,2202.229890,2194.212870,2186.203290,2178.201046,2170.206159,2162.218485,2154.238480,2146.266269,2138.301592,2130.344827,2122.395492,2114.454241,2106.521138,2098.596030,2090.678974,2082.769991,2074.869351,2066.977135,2059.093267,2051.217916,2043.350675,2035.492487,2027.642726,2019.801843,2011.969552,2004.146150,1996.332144,1988.527140,1980.731225,1972.944461,1965.167253,1957.398778,1949.640036,1941.891220,1934.151593,1926.421771,1918.701886,1910.992151,1903.292202,1895.602324,1887.922431,1880.252749,1872.593343,1864.944033,1857.305341,1849.677062,1842.059565,1834.452487,1826.856487,1819.271307,1811.696430,1804.133312,1796.581303,1789.040056,1781.510681,1773.992620,1766.485890,1758.990880,1751.507442,1744.035483,1736.575782,1729.127676,1721.691691,1714.267962,1706.856083,1699.456728,1692.069377,1684.694987,1677.333013,1669.984063,1662.647875,1655.324559,1648.013917,1640.716453,1633.432378,1626.161426,1618.903613,1611.659571,1604.428748,1597.211564,1590.008155,1582.818941,1575.643647,1568.482085,1561.335044,1554.201867,1547.083232,1539.978972,1532.889634,1525.814803,1518.755002,1511.709878,1504.679702,1497.664633,1490.664566,1483.679845,1476.710707,1469.757001,1462.818818,1455.896890,1448.990301,1442.100132,1435.225931,1428.367863,1421.526041,1414.700718,1407.891959,1401.099894,1394.324498,1387.565537,1380.824253,1374.099943,1367.392869,1360.702883,1354.030353,1347.375175,1340.738287,1334.119297,1327.518109,1320.934963,1314.370026,1307.823174,1301.294811,1294.784768,1288.293895,1281.821763,1275.368569,1268.934560,1262.519549,1256.124002,1249.747893,1243.391381,1237.054566,1230.737289,1224.439891,1218.162828,1211.905918,1205.669149,1199.452835,1193.257349,1187.082505,1180.928541,1174.795699,1168.683871,1162.592936,1156.523621,1150.475721,1144.449808,1138.445562,1132.463125,1126.502655,1120.564564,1114.648789,1108.755570,1102.885158,1097.037582,1091.212563,1085.410855,1079.632335,1073.876999,1068.145431,1062.437359,1056.752734,1051.092317,1045.456035,1039.843457,1034.255739,1028.692271,1023.153021,1017.638992,1012.149895,1006.686254,1001.247150,995.833095,990.445484,985.083675,979.747804,974.438000,969.154063,963.896286,958.664734,953.459742,948.281971,943.131046,938.006768,932.909784,927.840409,922.797959,917.782976,912.797565,907.840201,902.910942,898.010108,893.137716,888.293861,883.478533,878.692916,873.933085,869.143452,864.511009,859.843545,855.206576,850.597907,846.020313,841.472434,836.955418,832.468931,828.013309,823.588800,819.195064,814.830746,810.502384,806.203475,801.936521,797.701101,793.498348,789.326410,785.164287,781.083767,777.013149,772.980583,768.970511,764.999200,761.060897,757.157489,753.286226,749.446361,745.647508,741.881907,738.148926,734.446735,730.789873,727.163874,723.573029,720.016975,716.496814,713.011208,709.562955,706.153473,702.778896,699.439379,696.138614,692.875657,689.649359,686.458707,683.307044,680.191463,677.115681,674.077451,671.077297,668.115590,665.192907,662.309730,659.465636,656.660368,653.895208,651.169718,648.484530,645.839495,643.234826,640.670254,638.147035,635.663896,633.222064,630.821822,628.463106,626.145973,623.870613,621.637394,619.446022,617.297537,615.191577,613.128426,611.108534,609.131651,607.198357,605.308903,603.463357,601.661729,599.904518,598.191682,596.523861,594.900743,593.322172,591.789270,590.301779,588.859524,587.463068,586.112818,584.808970,583.551716,582.341124,581.177395,580.060813,578.991243,577.969269,576.994352,576.067679,575.189240,574.358840,573.576913,572.843683,572.159176,571.523729,570.937512,570.400898,569.913929,569.477061,569.090098,568.753265,568.467508,568.231797,568.046878,567.912869,567.830103,567.798919,567.819393,567.891416,568.015802,568.192282,568.421167,568.702810,569.037541,569.425053,569.866009,570.360454,570.908428,571.510312,572.166125,572.876465,573.640913,574.459886,575.333862,576.262729,577.246761,578.286385,579.381435,580.532407,581.739385,583.002296,584.322154,585.698360,587.131288,588.621201,590.168259,591.772555,593.434407,595.153998,596.931606,598.767178,600.661314,602.613774,604.624920,606.695023,608.824210,611.012673,613.260420,615.567970,617.934997,620.362359,622.849754,625.397502,628.005924,630.675226,633.405260,636.196376,639.048632,641.962530,644.938045,647.975353,651.074720,654.236285,657.460153,660.746657,664.095816,667.507944,670.983260,674.521754,678.123738,681.789267,685.518682,689.312187,693.169586,697.091443,701.077672,705.128296,709.243951,713.424608,717.670442,721.981598,726.357979,730.800271,735.308208,739.882132,744.522072,749.228284,754.001030,758.840468,763.746706,768.719822,773.759920,778.867271,784.042194,789.284412,794.594179,799.972064,805.417823,810.932031,816.514306,822.164977,827.884534,833.672815,839.529821,845.456004,851.451219,857.515907,863.650122,869.854138,876.127676,882.471022,888.884578,895.368225,901.922201,908.546505,915.241520,922.007599,928.844455,935.752041,942.730690,949.780626,956.902186,964.095059,971.359670,978.696141,986.104269,993.584626,1001.136885,1008.761321,1016.458212,1024.227490,1032.069443,1039.984602,1047.972083,1056.032793,1064.166526,1072.373422,1080.653656,1089.007016,1097.434257,1105.934930,1114.509203,1123.157374,1131.879366,1140.675663,1149.545959,1158.490563,1167.509696,1176.603131,1185.771062,1195.013713,1204.331139,1213.723400,1223.190523,1232.732654,1242.349943,1252.042322,1261.810548,1271.653768,1281.572473,1291.566736,1301.636646,1311.782452,1322.003897
2394.428068,2386.344760,2378.267041,2370.194352,2362.127743,2354.066868,2346.011438,2337.961771,2329.918117,2321.880591,2313.848919,2305.823315,2297.803928,2289.790708,2281.783585,2273.782376,2265.788032,2257.799565,2249.818050,2241.842814,2233.874067,2225.912099,2217.956783,2210.008685,2202.067266,2194.132957,2186.205489,2178.285231,2170.372011,2162.465986,2154.567254,2146.675586,2138.791620,2130.915114,2123.045955,2115.184578,2107.330548,2099.484291,2091.646124,2083.815746,2075.993402,2068.178845,2060.372519,2052.574444,2044.784464,2037.002932,2029.229673,2021.464667,2013.708434,2005.960432,1998.221252,1990.491002,1982.769250,1975.056602,1967.352998,1959.658593,1951.973043,1944.296706,1936.629239,1928.971833,1921.323749,1913.684959,1906.055546,1898.436223,1890.826868,1883.227337,1875.637603,1868.057759,1860.488264,1852.928729,1845.379192,1837.839756,1830.311218,1822.793357,1815.285364,1807.788699,1800.302343,1792.826589,1785.362303,1777.909131,1770.466673,1763.035523,1755.615706,1748.207423,1740.810568,1733.424937,1726.051170,1718.688932,1711.338707,1704.000089,1696.673636,1689.359196,1682.056790,1674.766464,1667.488917,1660.223699,1652.971275,1645.731448,1638.504434,1631.290117,1624.088613,1616.900448,1609.725109,1602.563030,1595.414156,1588.278854,1581.156790,1574.048636,1566.954219,1559.873389,1552.806764,1545.753719,1538.715202,1531.690816,1524.680495,1517.685063,1510.703937,1503.737587,1496.786046,1489.848964,1482.926965,1476.019645,1469.127635,1462.251289,1455.389760,1448.543955,1441.713955,1434.899599,1428.101219,1421.318605,1414.551709,1407.801225,1401.067207,1394.349243,1387.648045,1380.963188,1374.294685,1367.643583,1361.009373,1354.392063,1347.791885,1341.208564,1334.643038,1328.095243,1321.565134,1315.052827,1308.558154,1302.081580,1295.623020,1289.182741,1282.760707,1276.357459,1269.972683,1263.606751,1257.259939,1250.931811,1244.622951,1238.333330,1232.063106,1225.812381,1219.581022,1213.369285,1207.177706,1201.006092,1194.854425,1188.722935,1182.612109,1176.521717,1170.451997,1164.403202,1158.375172,1152.367738,1146.381917,1140.417191,1134.474216,1128.552637,1122.652810,1116.774461,1110.918627,1105.084708,1099.273121,1093.484112,1087.717616,1081.973672,1076.252664,1070.554455,1064.879564,1059.228009,1053.599634,1047.994685,1042.281762,1036.856272,1031.322686,1025.813474,1020.328067,1014.867350,1009.431184,1004.019715,998.633509,993.271518,987.934420,982.623425,977.337889,972.078132,966.844315,961.635823,956.453596,951.296953,946.167073,941.064082,935.986990,930.936813,925.913864,920.917963,915.947931,911.007455,906.094815,901.209953,896.352870,891.518125,886.720476,881.942351,877.206760,872.492219,867.738005,863.150009,858.522242,853.924347,849.355561,844.816391,840.307347,835.828519,831.378374,826.904229,822.573324,818.215866,813.869173,809.593387,805.330426,801.095386,796.878616,792.726428,788.590148,784.476977,780.409096,776.368618,772.364180,768.389938,764.448293,760.539820,756.665186,752.824883,749.014337,745.239733,741.501321,737.796271,734.123853,730.486647,726.886351,723.320703,719.788988,716.293445,712.831949,709.404250,706.016704,702.664479,699.348170,696.066484,692.822946,689.616550,686.446244,683.312858,680.216069,677.156883,674.136103,671.152785,668.207425,665.299878,662.431332,659.601540,656.810508,654.058532,651.345824,648.672503,646.039389,643.445863,640.892320,638.378773,635.905993,633.472905,631.081140,628.730316,626.420587,624.152050,621.925352,619.739761,617.596490,615.495204,613.436369,611.419896,609.446267,607.515171,605.627441,603.783196,601.982539,600.225458,598.512239,596.843197,595.218713,593.638631,592.102613,590.611963,589.166455,587.765757,586.410381,585.101050,583.837577,582.620441,581.449527,580.325134,579.247482,578.216477,577.232529,576.295494,575.406378,574.564996,573.771188,573.025615,572.328337,571.679375,571.079085,570.527657,570.025475,569.572672,569.169460,568.815647,568.511868,568.258439,568.054763,567.901587,567.798907,567.747103,567.746468,567.796981,567.898937,568.052732,568.258210,568.515695,568.825823,569.188128,569.603310,570.071260,570.592285,571.166765,571.794406,572.475940,573.211227,574.000376,574.843742,575.741613,576.694115,577.701234,578.763631,579.881131,581.054048,582.282551,583.566671,584.907458,586.303994,587.756944,589.266535,590.832790,592.455919,594.136219,595.873942,597.669059,599.522111,601.432984,603.401924,605.429234,607.514954,609.659474,611.862774,614.125186,616.446613,618.827495,621.268143,623.768459,626.328825,628.949404,631.630487,634.371876,637.173972,640.036844,642.960912,645.946232,648.992955,652.101305,655.271544,658.503693,661.798026,665.154637,668.573839,672.055842,675.600634,679.208528,682.879579,686.614108,690.412538,694.274143,698.199960,702.189807,706.243624,710.362100,714.545183,718.793126,723.105917,727.483638,731.926810,736.435229,741.009296,745.648998,750.354591,755.126340,759.964403,764.868886,769.839871,774.877461,779.981927,785.153590,790.392174,795.697932,801.071388,806.512438,812.021520,817.598260,823.243100,828.956418,834.738092,840.588122,846.506962,852.494521,858.551080,864.676975,870.872064,877.136433,883.470248,889.873911,896.347303,902.890649,909.504105,916.187739,922.942069,929.766879,936.662064,943.627957,950.664783,957.772881,964.952032,972.202384,979.524339,986.917603,994.382747,1001.919446,1009.527975,1017.208615,1024.961297,1032.786312,1040.684190,1048.654049,1056.696797,1064.812230,1073.000487,1081.261744,1089.595792,1098.003387,1106.484079,1115.038038,1123.665565,1132.366581,1141.141573,1149.990236,1158.912879,1167.909725,1176.980548,1186.125543,1195.344935,1204.638781,1214.007141,1223.450044,1232.967636,1242.560070,1252.227276,1261.970016,1271.787435,1281.680027,1291.647866,1301.691041,1311.809803,1322.003897
2367.974475,2359.995463,2352.021894,2344.053447,2336.090948,2328.134034,2320.182654,2312.236870,2304.297071,2296.363345,2288.435309,2280.513468,2272.597667,2264.687858,2256.783684,2248.886374,2240.994815,2233.110140,2225.231872,2217.359802,2209.494237,2201.634491,2193.782494,2185.937222,2178.098609,2170.266998,2162.442054,2154.624238,2146.813636,2139.010021,2131.213570,2123.424103,2115.642276,2107.867830,2100.100651,2092.341180,2084.588771,2076.844435,2069.107918,2061.379199,2053.658254,2045.945127,2038.240162,2030.543221,2022.854376,2015.173890,2007.501310,1999.837451,1992.181890,1984.534617,1976.896091,1969.266406,1961.645019,1954.032507,1946.429268,1938.834733,1931.249477,1923.672744,1916.105400,1908.547719,1900.998950,1893.459849,1885.930111,1878.410001,1870.899785,1863.399327,1855.908697,1848.427763,1840.956957,1833.496216,1826.044774,1818.604282,1811.174193,1803.754286,1796.344830,1788.945795,1781.557467,1774.179779,1766.812967,1759.457344,1752.112328,1744.778471,1737.455883,1730.144692,1722.844799,1715.556046,1708.278964,1701.013323,1693.759471,1686.517160,1679.287067,1672.068534,1664.862127,1657.667792,1650.485961,1643.316309,1636.159247,1629.014812,1621.882817,1614.763663,1607.657010,1600.563567,1593.483028,1586.415426,1579.360878,1572.319615,1565.291839,1558.277573,1551.276893,1544.289808,1537.316450,1530.356987,1523.411604,1516.480300,1509.562960,1502.660121,1495.771761,1488.897845,1482.038519,1475.193767,1468.363636,1461.548013,1454.747887,1447.962509,1441.192764,1434.437991,1427.699203,1420.975911,1414.268207,1407.575879,1400.899638,1394.239390,1387.595314,1380.967348,1374.355865,1367.760410,1361.181395,1354.619435,1348.074160,1341.545892,1335.034235,1328.539468,1322.062319,1315.602666,1309.160576,1302.735796,1296.328751,1289.939620,1283.568434,1277.215268,1270.880095,1264.563342,1258.265223,1251.985583,1245.724916,1239.482651,1233.259480,1227.055405,1220.870505,1214.704907,1208.558308,1202.431446,1196.324427,1190.237160,1184.169603,1178.122037,1172.094824,1166.087999,1160.101641,1154.135981,1148.190805,1142.266051,1136.362697,1130.480421,1124.619351,1118.779543,1112.961378,1107.164374,1101.389714,1095.636750,1089.905900,1084.197403,1078.510971,1072.847334,1067.206118,1061.587558,1055.992145,1050.419655,1044.870065,1039.343953,1033.841322,1028.362114,1022.906628,1017.475212,1012.067318,1006.683905,1001.324634,995.990197,990.680216,985.394442,980.133661,974.898579,969.688650,964.504221,959.345411,954.211508,949.103640,944.021570,938.966005,933.936676,928.933359,923.956279,919.006376,914.081907,909.186166,904.317951,899.477310,894.659993,889.878234,885.120858,880.391043,875.689433,871.015795,866.370859,861.755409,857.168399,852.610225,848.081057,843.515648,839.084632,834.669535,830.258706,825.876930,821.526050,817.204982,812.914740,808.655309,804.425888,800.227433,796.058642,791.924838,787.805342,783.746695,779.704631,775.695468,771.721393,767.778355,763.858617,759.988917,756.140548,752.330742,748.549820,744.805906,741.090205,737.414412,733.768290,730.153266,726.581974,723.039298,719.534776,716.061739,712.623679,709.220718,705.851965,702.522801,699.227759,695.968391,692.744001,689.557073,686.406758,683.292741,680.214594,677.173299,674.169537,671.203598,668.274709,665.383145,662.529330,659.714175,656.937462,654.199333,651.499812,648.839051,646.217729,643.635640,641.093413,638.590306,636.127195,633.704470,631.320864,628.978484,626.676733,624.415641,622.195389,620.016505,617.878457,615.782537,613.728122,611.715800,609.745540,607.817374,605.932041,604.089489,602.290101,600.533596,598.820731,597.151057,595.525554,593.943885,592.406177,590.912557,589.463714,588.059733,586.700117,585.385500,584.116547,582.893215,581.715760,580.584079,579.498666,578.459539,577.466710,576.520500,575.621028,574.769103,573.964220,573.206752,572.497137,571.835373,571.221602,570.656208,570.139166,569.671149,569.252080,568.882089,568.561225,568.290153,568.068853,567.896809,567.775128,567.703447,567.682356,567.711914,567.792302,567.923752,568.106625,568.340779,568.626685,568.964769,569.354644,569.797011,570.291786,570.839195,571.439710,572.092978,572.799763,573.559930,574.373504,575.240929,576.162555,577.138254,578.168419,579.253267,580.392973,581.587712,582.837479,584.142912,585.503990,586.920693,588.393544,589.922513,591.507659,593.149465,594.848059,596.603591,598.416164,600.286279,602.213832,604.199056,606.242261,608.343384,610.503125,612.721140,614.997883,617.333250,619.727720,622.181492,624.694604,627.267398,629.899894,632.592578,635.345178,638.158095,641.031338,643.965458,646.960485,650.016455,653.133729,656.312431,659.552614,662.854651,666.218667,669.644807,673.133409,676.684375,680.298003,683.974451,687.713992,691.516991,695.382898,699.312574,703.305897,707.362806,711.484051,715.669467,719.919294,724.233650,728.612557,733.056532,737.565377,742.139489,746.778858,751.483740,756.254402,761.091001,765.993644,770.962412,775.997411,781.099097,786.267236,791.502108,796.803866,802.172781,807.609176,813.112888,818.684061,824.322964,830.030027,835.804982,841.647973,847.559408,853.539199,859.587665,865.705021,871.891250,878.146397,884.470686,890.864347,897.327437,903.860131,910.462556,917.134885,923.877446,930.690133,937.572875,944.525972,951.549650,958.644344,965.809548,973.045700,980.353106,987.731472,995.181371,1002.702480,1010.295074,1017.959434,1025.695494,1033.503544,1041.384117,1049.336330,1057.361093,1065.458203,1073.627750,1081.870062,1090.184779,1098.572709,1107.033404,1115.567034,1124.173900,1132.853926,1141.607599,1150.434616,1159.335286,1168.309834,1177.358036,1186.480085,1195.676210,1204.946467,1214.290919,1223.709595,1233.202642,1242.770215,1252.412245,1262.129494,1271.921110,1281.787586,1291.728998,1301.745437,1311.837155,1322.003897
2341.835351,2333.959343,2326.088247,2318.223068,2310.363417,2302.509103,2294.660582,2286.817569,2278.980188,2271.148820,2263.323462,2255.503920,2247.690437,2239.882860,2232.080901,2224.285181,2216.496215,2208.713528,2200.936974,2193.166728,2185.402362,2177.645418,2169.894805,2162.150904,2154.413920,2146.683771,2138.960433,2131.243686,2123.534210,2115.831806,2108.136168,2100.448005,2092.766995,2085.093371,2077.426938,2069.767758,2062.116355,2054.472474,2046.836378,2039.207991,2031.587198,2023.974353,2016.369512,2008.772501,2001.183606,1993.602567,1986.030112,1978.465923,1970.909909,1963.361901,1955.822944,1948.292534,1940.770343,1933.257048,1925.752512,1918.257143,1910.770447,1903.292732,1895.823993,1888.364518,1880.914465,1873.473633,1866.042421,1858.620506,1851.208082,1843.805457,1836.412684,1829.029687,1821.656344,1814.293027,1806.939185,1799.595880,1792.262965,1784.940251,1777.627688,1770.325260,1763.033916,1755.752910,1748.482596,1741.223354,1733.974570,1726.736958,1719.510312,1712.295166,1705.090937,1697.898044,1690.716419,1683.546344,1676.387721,1669.240786,1662.105804,1654.982065,1647.870811,1640.771242,1633.683757,1626.608482,1619.545865,1612.495430,1605.457663,1598.432302,1591.419711,1584.419641,1577.432705,1570.458338,1563.497115,1556.549126,1549.614357,1542.692958,1535.784778,1528.890190,1522.009424,1515.142249,1508.288894,1501.449673,1494.624288,1487.813112,1481.016292,1474.233679,1467.465608,1460.712019,1453.972592,1447.248072,1440.538098,1433.843454,1427.163896,1420.499421,1413.850770,1407.217318,1400.599179,1393.996265,1387.409609,1380.838442,1374.283526,1367.744401,1361.221509,1354.714506,1348.223942,1341.750077,1335.293007,1328.852279,1322.428609,1316.021314,1309.631709,1303.259052,1296.903641,1290.565637,1284.245307,1277.942713,1271.657843,1265.390748,1259.141584,1252.910399,1246.697792,1240.503448,1234.327972,1228.170591,1222.032214,1215.912720,1209.812174,1203.730754,1197.668140,1191.625215,1185.601637,1179.597813,1173.613269,1167.648781,1161.704406,1155.780141,1149.876191,1143.992716,1138.129481,1132.286611,1126.464659,1120.663806,1114.883809,1109.124955,1103.387494,1097.671027,1091.976579,1086.303614,1080.652771,1075.023905,1069.416888,1063.832441,1058.270124,1052.730366,1047.213295,1041.719252,1036.247765,1030.799507,1025.374446,1019.972380,1014.594321,1009.239751,1003.908615,998.601431,993.318528,988.060172,982.825621,977.615071,972.430134,967.269836,962.134693,957.024890,951.939998,946.880383,941.845975,936.837826,931.855731,926.894030,921.968294,917.063998,912.186050,907.333875,902.510406,897.713656,892.939917,888.202015,883.486877,878.799835,874.140064,869.504246,864.904627,860.329665,855.782778,851.264701,846.775272,842.314030,837.881835,833.478538,829.106187,824.761645,820.444842,816.163084,811.908477,807.681688,803.490544,799.326675,795.193310,791.090099,787.020297,782.979855,778.968713,774.992702,771.046825,767.135702,763.256252,759.406925,755.590408,751.807273,748.057348,744.336699,740.651073,737.000022,733.383074,729.797418,726.246143,722.728545,719.249173,715.801410,712.387752,709.008645,705.663441,702.352883,699.080805,695.842621,692.639549,689.471690,686.341032,683.246846,680.187709,677.165027,674.178296,671.229425,668.317513,665.442184,662.604349,659.803575,657.041536,654.317055,651.631178,648.983775,646.374515,643.804353,641.273171,638.781540,636.328619,633.915370,631.541756,629.207841,626.914235,624.660777,622.447714,620.275463,618.144002,616.053092,614.004022,611.995929,610.029483,608.105086,606.222348,604.381912,602.584151,600.829057,599.116614,597.447265,595.820865,594.238273,592.699195,591.203389,589.751720,588.344520,586.981409,585.662367,584.388267,583.159216,581.975708,580.837440,579.744804,578.697872,577.696902,576.742046,575.833085,574.970773,574.155486,573.386908,572.665445,571.991422,571.364879,570.785933,570.254983,569.772096,569.337842,568.952087,568.615133,568.326821,568.088175,567.898527,567.757835,567.667190,567.626336,567.635646,567.695077,567.804979,567.965874,568.177370,568.439989,568.754013,569.119764,569.536954,570.006201,570.527611,571.101078,571.727319,572.405959,573.137821,573.922482,574.760255,575.651681,576.596610,577.595356,578.648390,579.755366,580.916992,582.133113,583.404006,584.730417,586.111739,587.548472,589.040847,590.588968,592.193023,593.853182,595.569806,597.342981,599.172808,601.059837,603.003822,605.005140,607.064050,609.180515,611.355157,613.587702,615.878611,618.227654,620.635723,623.102381,625.628043,628.213049,630.857474,633.561491,636.325111,639.148557,642.032243,644.976280,647.980721,651.045872,654.171878,657.358926,660.607071,663.916684,667.287891,670.720838,674.215862,677.772866,681.392170,685.073870,688.818301,692.625832,696.495912,700.429257,704.425941,708.485892,712.609677,716.797423,721.048981,725.364799,729.744959,734.189478,738.698641,743.272704,747.911646,752.615726,757.385210,762.220308,767.120973,772.087485,777.119765,782.218405,787.383127,792.614237,797.911806,803.276192,808.707687,814.206131,819.771576,825.404714,831.105262,836.873481,842.709371,848.613341,854.585303,860.625578,866.734380,872.911683,879.157565,885.472219,891.855848,898.308623,904.830607,911.421946,918.082874,924.813658,931.614216,938.484474,945.424801,952.435345,959.516383,966.667700,973.889616,981.182439,988.545875,995.980499,1003.485987,1011.062617,1018.710669,1026.430079,1034.221143,1042.084382,1050.019206,1058.025681,1066.104447,1074.255313,1082.478609,1090.773977,1099.142224,1107.582904,1116.096188,1124.682379,1133.341400,1142.073742,1150.879099,1159.757785,1168.710025,1177.735594,1186.834753,1196.007537,1205.254197,1214.574734,1223.969176,1233.437673,1242.980379,1252.597229,1262.288983,1272.054791,1281.895149,1291.810133,1301.799835,1311.864507,1322.003897
2316.006687,2308.232376,2300.462918,2292.699380,2284.941243,2277.188423,2269.441290,2261.699750,2253.963542,2246.233558,2238.509372,2230.791064,2223.078648,2215.371495,2207.671091,2199.976144,2192.287989,2184.606048,2176.930176,2169.260543,2161.596796,2153.940263,2146.290316,2138.646495,2131.009779,2123.379754,2115.756507,2108.139920,2100.530377,2092.927783,2085.332120,2077.743712,2070.162465,2062.588361,2055.021287,2047.461635,2039.909695,2032.365247,2024.828217,2017.298964,2009.777209,2002.263421,1994.757377,1987.259289,1979.768905,1972.286577,1964.812664,1957.346781,1949.889039,1942.439852,1934.998799,1927.566383,1920.142168,1912.727008,1905.320295,1897.922341,1890.533259,1883.153386,1875.782125,1868.419986,1861.067082,1853.723528,1846.389381,1839.064431,1831.748816,1824.443013,1817.146828,1809.860514,1802.583582,1795.316138,1788.059137,1780.811883,1773.574911,1766.348214,1759.131190,1751.924793,1744.728929,1737.543598,1730.368705,1723.204576,1716.050786,1708.908415,1701.776754,1694.656130,1687.546830,1680.448391,1673.361384,1666.285618,1659.221209,1652.168458,1645.126973,1638.097501,1631.080027,1624.074134,1617.080279,1610.098092,1603.128595,1596.171369,1589.226474,1582.294053,1575.373914,1568.466802,1561.571830,1554.689958,1547.820933,1540.965116,1534.122274,1527.292315,1520.476110,1513.672982,1506.883506,1500.107517,1493.345282,1486.596939,1479.862441,1473.141912,1466.435462,1459.743297,1453.065410,1446.401714,1439.752278,1433.117178,1426.497253,1419.891964,1413.301527,1406.726371,1400.166520,1393.621922,1387.092428,1380.578169,1374.079850,1367.596861,1361.129737,1354.678544,1348.243473,1341.823837,1335.420619,1329.034192,1322.663987,1316.310209,1309.973109,1303.652413,1297.349175,1291.062437,1284.793039,1278.540914,1272.306325,1266.089258,1259.889668,1253.707674,1247.543432,1241.396984,1235.268902,1229.158958,1223.067666,1216.994469,1210.939717,1204.903846,1198.886731,1192.888460,1186.908991,1180.948921,1175.008006,1169.086584,1163.184378,1157.301965,1151.439445,1145.596875,1139.774400,1133.972198,1128.190034,1122.428030,1116.686700,1110.966339,1105.266500,1099.587708,1093.929968,1088.293295,1082.678253,1077.084481,1071.512616,1065.962425,1060.434064,1054.927920,1049.443534,1043.981845,1038.542427,1033.125725,1027.731578,1022.360316,1017.011975,1011.686519,1006.384672,1001.105886,995.851052,990.619461,985.411894,980.228375,974.933162,969.933156,964.822710,959.736679,954.675507,949.639266,944.627743,939.641412,934.680156,929.744816,924.834778,919.950545,915.091858,910.259051,905.450958,900.672353,895.919879,891.193807,886.494849,881.822771,877.177656,872.560119,867.969970,863.406207,858.872846,854.366361,849.845433,845.438070,841.016036,836.585897,832.257546,827.918078,823.614655,819.337924,815.089935,810.869629,806.682729,802.522682,798.394891,794.287684,790.227068,786.187527,782.182828,778.206106,774.257841,770.344525,766.464064,762.597689,758.795926,755.009588,751.252116,747.532869,743.840737,740.186382,736.560599,732.967301,729.406797,725.883254,722.393026,718.936145,715.512861,712.122905,708.768025,705.446298,702.158729,698.905732,695.690546,692.508235,689.361592,686.249945,683.174784,680.135715,677.131058,674.163036,671.230597,668.335937,665.477532,662.655414,659.870228,657.122380,654.412802,651.740578,649.106015,646.510102,643.951925,641.432497,638.951988,636.510044,634.106757,631.742934,629.418198,627.133156,624.887880,622.682539,620.517003,618.392166,616.307434,614.263400,612.260323,610.298341,608.377584,606.498357,604.660549,602.864847,601.111227,599.399945,597.731163,596.104804,594.521431,592.981196,591.484112,590.030047,588.619914,587.253778,585.931364,584.652378,583.418404,582.229265,581.084987,579.985424,578.931317,577.922723,576.959305,576.041987,575.169936,574.344489,573.565551,572.832919,572.147051,571.508381,570.916622,570.372218,569.875356,569.426259,569.025610,568.672670,568.368325,568.112310,567.905661,567.747265,567.637918,567.578056,567.567481,567.606860,567.695967,567.835215,568.025058,568.265031,568.555795,568.897782,569.290727,569.734988,570.230766,570.778477,571.377802,572.029534,572.733387,573.489925,574.298846,575.160683,576.075611,577.043831,578.065315,579.140698,580.269810,581.453102,582.690594,583.982303,585.329229,586.730703,588.187185,589.698907,591.266018,592.888608,594.567013,596.301517,598.092073,599.938953,601.842650,603.802921,605.820210,607.894554,610.026312,612.215602,614.462430,616.767317,619.129938,621.551207,624.030656,626.568773,629.165824,631.822016,634.537203,637.311735,640.145674,643.039520,645.993251,649.007045,652.081168,655.215761,658.411012,661.667014,664.984029,668.362292,671.802025,675.303228,678.866187,682.490989,686.177965,689.927020,693.738939,697.613026,701.549998,705.549806,709.612750,713.739027,717.928886,722.182172,726.499356,730.880498,735.325622,739.835015,744.408933,749.047355,753.750611,758.518849,763.352216,768.250889,773.214995,778.244541,783.340004,788.501257,793.728500,799.021838,804.381616,809.808140,815.301246,820.860982,826.488049,832.182166,837.943586,843.772376,849.668736,855.632832,861.664857,867.765050,873.933383,880.169936,886.474908,892.848487,899.290860,905.802088,912.382314,919.031866,925.750740,932.539124,939.396858,946.324310,953.321629,960.389092,967.526516,974.734132,982.012435,989.360813,996.780190,1004.269967,1011.830602,1019.462319,1027.165053,1034.939321,1042.784985,1050.702116,1058.690561,1066.750960,1074.883125,1083.087386,1091.363384,1099.711931,1108.132579,1116.625502,1125.191002,1133.829156,1142.540000,1151.323687,1160.180376,1169.110295,1178.113222,1187.189416,1196.338915,1205.561972,1214.858585,1224.228787,1233.672727,1243.190562,1252.782226,1262.448482,1272.188480,1282.002717,1291.891271,1301.854233,1311.891860,1322.003897
2290.484719,2282.810265,2275.141690,2267.478433,2259.820440,2252.168068,2244.521096,2236.879862,2229.243806,2221.613640,2213.989413,2206.370982,2198.758297,2191.151136,2183.549839,2175.955182,2168.366505,2160.783881,2153.207371,2145.636620,2138.073020,2130.515810,2122.964855,2115.420550,2107.882611,2100.351589,2092.827183,2085.309493,2077.798721,2070.294607,2062.797731,2055.307957,2047.825188,2040.349579,2032.880735,2025.419345,2017.965578,2010.519226,2003.080219,1995.648706,1988.225004,1980.808987,1973.400584,1966.000171,1958.607249,1951.222441,1943.845892,1936.477229,1929.116742,1921.764679,1914.420637,1907.085145,1899.758122,1892.439186,1885.129383,1877.827495,1870.535337,1863.251851,1855.976640,1848.710804,1841.454152,1834.206707,1826.968373,1819.739191,1812.519435,1805.309157,1798.108491,1790.917411,1783.735564,1776.563758,1769.401768,1762.249623,1755.107562,1747.975280,1740.853256,1733.741542,1726.639976,1719.549182,1712.468570,1705.398571,1698.338816,1691.290379,1684.252375,1677.225578,1670.209896,1663.204929,1656.211104,1649.228648,1642.257461,1635.297404,1628.349112,1621.412450,1614.487574,1607.574314,1600.672618,1593.782810,1586.905411,1580.040287,1573.187247,1566.346417,1559.518088,1552.702252,1545.898783,1539.107952,1532.330404,1525.565495,1518.813162,1512.074266,1505.348286,1498.635813,1491.936604,1485.250885,1478.578694,1471.920249,1465.275494,1458.644452,1452.027545,1445.424699,1438.835831,1432.261017,1425.700331,1419.154203,1412.622957,1406.105715,1399.603950,1393.117085,1386.644999,1380.188074,1373.746010,1367.319638,1360.908527,1354.513037,1348.132572,1341.768367,1335.419835,1329.086780,1322.770060,1316.469818,1310.185512,1303.917749,1297.666317,1291.431163,1285.213102,1279.011447,1272.827272,1266.660102,1260.510255,1254.377689,1248.262352,1242.164641,1236.084307,1230.021798,1223.977178,1217.950661,1211.942436,1205.952481,1199.980608,1194.027427,1188.092816,1182.176690,1176.279523,1170.401391,1164.542242,1158.702356,1152.881512,1147.080309,1141.298716,1135.536927,1129.795024,1124.073221,1118.371107,1112.689371,1107.027629,1101.386649,1095.766370,1090.166739,1084.587956,1079.030028,1073.493523,1067.978101,1062.484338,1057.011804,1051.561388,1046.132703,1040.725622,1035.340963,1029.978338,1024.638239,1019.320479,1014.025455,1008.752790,1003.503226,998.276815,993.073378,987.893311,982.736727,977.603818,972.494370,967.408685,962.347468,957.310425,952.297920,947.309800,942.346279,937.407706,932.493514,927.604880,922.741444,917.903066,913.090262,908.302526,903.540239,898.804164,894.095980,889.413820,884.757633,880.128452,875.525915,870.948012,866.401222,861.880096,857.385830,852.919766,848.481087,844.070200,839.687712,835.332927,831.006298,826.707848,822.433326,818.195937,813.986735,809.803843,805.650676,801.526803,797.432855,793.368297,789.333085,785.328490,781.338435,777.411038,773.496102,769.608121,765.761740,761.943238,758.149776,754.398318,750.672488,746.979669,743.318891,739.686822,736.092597,732.520927,728.993964,725.496528,722.026494,718.596292,715.197152,711.832387,708.500281,705.201493,701.936892,698.705576,695.511082,692.350973,689.225737,686.133024,683.077609,680.057396,677.073413,674.122076,671.208710,668.329894,665.488622,662.683200,659.914133,657.181288,654.485949,651.827692,649.206953,646.623804,644.078347,641.571090,639.101742,636.671069,634.278607,631.924533,629.609765,627.333543,625.096684,622.899192,620.741220,618.623034,616.545141,614.506776,612.509013,610.551787,608.635284,606.759625,604.925192,603.131876,601.380417,599.670583,598.002666,596.376925,594.793372,593.252415,591.754360,590.298855,588.886159,587.517135,586.191444,584.909008,583.670246,582.475845,581.325930,580.220549,579.159620,578.143650,577.172830,576.246784,575.366238,574.531171,573.742063,572.999086,572.302085,571.651583,571.047712,570.490477,569.980200,569.517174,569.101667,568.733894,568.413849,568.141705,567.917824,567.742629,567.615413,567.537072,567.507450,567.527061,567.596085,567.714545,567.882774,568.101007,568.369363,568.688009,569.057527,569.477585,569.948634,570.470693,571.044335,571.669592,572.346283,573.075039,573.856040,574.689001,575.574507,576.512810,577.504032,578.548056,579.645579,580.796540,582.001289,583.259769,584.572153,585.939468,587.360794,588.836798,590.367677,591.953514,593.594513,595.290917,597.042969,598.850754,600.714598,602.634729,604.611087,606.644080,608.733747,610.880478,613.084291,615.345344,617.663972,620.040001,622.474193,624.966376,627.516769,630.125699,632.793405,635.519689,638.304954,641.149271,644.053058,647.016376,650.039375,653.122322,656.265358,659.468632,662.732354,666.056671,669.441854,672.888127,676.395482,679.964233,683.594437,687.286438,691.040441,694.856314,698.734445,702.674927,706.677729,710.743483,714.872089,719.063980,723.318871,727.637311,732.019334,736.464942,740.974588,745.548169,750.185978,754.888254,759.655054,764.486909,769.383467,774.344981,779.371726,784.464023,789.621701,794.844954,800.133949,805.489050,810.910601,816.398228,821.952191,827.573130,833.260738,839.015295,844.836859,850.725633,856.681831,862.705501,868.797052,874.956336,881.183508,887.478776,893.842225,900.274231,906.774533,913.343638,919.981679,926.688689,933.464940,940.310145,947.224564,954.208646,961.262491,968.385978,975.579335,982.842900,990.176283,997.580322,1005.054418,1012.599031,1020.214385,1027.900415,1035.657741,1043.485926,1051.385340,1059.355732,1067.397743,1075.511186,1083.696391,1091.953002,1100.281831,1108.682430,1117.154975,1125.699769,1134.316890,1143.006375,1151.768377,1160.603059,1169.510647,1178.490920,1187.544140,1196.670464,1205.869790,1215.142473,1224.488428,1233.907806,1243.400764,1252.967238,1262.607992,1272.322176,1282.110290,1291.972411,1301.908633,1311.919212,1322.003897
2265.265154,2257.689997,2250.120580,2242.556467,2234.997565,2227.444092,2219.896232,2212.353754,2204.816929,2197.285381,2189.759900,2182.240011,2174.725566,2167.217493,2159.714787,2152.218491,2144.728099,2137.243890,2129.765305,2122.293082,2114.827604,2107.368259,2099.915496,2092.469163,2085.029296,2077.595840,2070.169120,2062.749171,2055.335594,2047.929272,2040.529857,2033.137369,2025.751977,2018.373415,2011.001881,2003.637577,1996.280806,1988.931373,1981.589159,1974.254463,1966.927448,1959.608004,1952.296268,1944.991798,1937.695644,1930.407157,1923.126624,1915.854026,1908.589754,1901.333626,1894.085399,1886.845630,1879.614201,1872.391112,1865.176563,1857.970636,1850.773388,1843.584995,1836.405417,1829.234379,1822.072783,1814.920218,1807.776606,1800.642136,1793.516986,1786.401301,1779.294922,1772.198049,1765.110376,1758.032820,1750.964679,1743.906421,1736.858080,1729.819658,1722.791209,1715.773070,1708.765028,1701.767111,1694.779738,1687.802783,1680.836141,1673.880419,1666.935348,1660.000941,1653.077520,1646.164994,1639.263474,1632.373303,1625.493998,1618.625891,1611.769526,1604.924580,1598.091229,1591.269332,1584.459147,1577.660542,1570.874104,1564.099839,1557.337605,1550.587589,1543.849690,1537.124262,1530.411169,1523.710668,1517.023156,1510.347860,1503.685668,1497.036207,1490.399899,1483.776913,1477.166986,1470.570343,1463.987159,1457.417567,1450.861413,1444.319105,1437.790565,1431.275842,1424.775078,1418.288443,1411.815629,1405.357329,1398.913123,1392.483675,1386.069191,1379.669422,1373.284059,1366.913978,1360.558792,1354.218813,1347.894155,1341.584712,1335.290411,1329.011946,1322.749095,1316.501767,1310.270476,1304.055168,1297.856196,1291.673332,1285.506514,1279.356091,1273.222131,1267.104866,1261.004907,1254.921662,1248.855594,1242.806530,1236.774575,1230.759881,1224.762776,1218.783013,1212.821177,1206.877160,1200.951253,1195.043442,1189.153521,1183.282114,1177.429092,1171.594230,1165.778396,1159.981322,1154.203035,1148.443783,1142.703403,1136.982366,1131.280905,1125.599054,1119.936840,1114.294499,1108.671715,1103.068933,1097.486236,1091.924015,1086.382135,1080.860819,1075.360148,1069.880004,1064.421130,1058.983334,1053.566836,1048.171359,1042.797787,1037.445594,1032.115062,1026.806533,1021.519948,1016.255589,1011.013464,1005.793779,1000.596100,995.421465,990.269698,985.140860,980.035036,974.952411,969.893230,964.857319,959.845076,954.856873,949.892771,944.952772,940.037132,935.145742,930.278978,925.436442,920.619466,915.827036,911.059722,906.317594,901.600401,896.907454,892.242678,887.604137,882.991332,878.404470,873.844349,869.310460,864.803139,860.242390,855.869278,851.441923,847.044234,842.672894,838.328962,834.012597,829.730800,825.463881,821.232180,817.028158,812.850680,808.706876,804.588550,800.497656,796.441055,792.411025,788.410045,784.432206,780.495882,776.592047,772.704863,768.850270,765.028522,761.243369,757.485364,753.753709,750.064324,746.397344,742.765110,739.161606,735.594693,732.056660,728.551182,725.076973,721.630037,718.227570,714.854113,711.513566,708.206195,704.930926,701.689146,698.480855,695.305947,692.167693,689.062566,685.992730,682.955509,679.954427,676.988898,674.058304,671.161340,668.301396,665.476034,662.687260,659.934188,657.217253,654.536676,651.892971,649.286171,646.716456,644.183780,641.688862,639.231418,636.812060,634.430574,632.087268,629.781767,627.515485,625.287194,623.098156,620.947945,618.836890,616.765754,614.733905,612.741727,610.789751,608.877948,607.006533,605.175544,603.385422,601.636277,599.928327,598.262083,596.637027,595.053972,593.512733,592.013743,590.557188,589.142929,587.771340,586.442964,585.157423,583.914647,582.715576,581.560370,580.449340,579.382439,578.359636,577.381571,576.447958,575.559074,574.715201,573.916417,573.163422,572.455964,571.794225,571.178642,570.609374,570.086299,569.609866,569.180319,568.797971,568.462846,568.175202,567.935006,567.742979,567.598918,567.502459,567.454733,567.455304,567.504734,567.602978,567.750671,567.947569,568.194102,568.490392,568.836624,569.233362,569.680166,570.177756,570.726043,571.325252,571.975855,572.677497,573.430929,574.236033,575.092812,576.001803,576.963206,577.977136,579.043591,580.162968,581.335596,582.561445,583.840776,585.173695,586.560988,588.002038,589.497366,591.047195,592.651451,594.310656,596.024892,597.794356,599.619134,601.499729,603.436035,605.428287,607.476794,609.581594,611.743079,613.961229,616.236392,618.568425,620.957967,623.404861,625.909497,628.472068,631.092648,633.771689,636.508927,639.304765,642.159278,645.072881,648.045634,651.077691,654.169316,657.320651,660.531819,663.803157,667.134591,670.526560,673.979285,677.492677,681.067033,684.702515,688.399396,692.158100,695.977907,699.859870,703.803739,707.809573,711.878039,716.008945,720.202646,724.459241,728.778686,733.161463,737.607532,742.117158,746.690404,751.327493,756.028707,760.794205,765.624101,770.518475,775.477437,780.501262,785.590272,790.744197,795.963295,801.248108,806.598488,812.014926,817.497074,823.045264,828.659934,834.341105,840.088604,845.902881,851.784086,857.732201,863.747506,869.830481,875.980541,882.198278,888.483837,894.837059,901.258566,907.748017,914.305909,920.932600,927.627505,934.391500,941.224098,948.125562,955.096508,962.136539,969.246031,976.425049,983.673930,990.992286,998.380956,1005.839341,1013.368005,1020.966865,1028.636165,1036.376423,1044.187223,1052.068878,1060.021194,1068.044795,1076.139495,1084.305625,1092.543044,1100.851923,1109.232457,1117.684607,1126.208680,1134.804787,1143.472866,1152.213171,1161.025833,1169.911079,1178.868688,1187.898925,1197.001947,1206.177652,1215.426398,1224.748099,1234.142909,1243.610985,1253.152264,1262.767512,1272.455880,1282.217867,1292.053553,1301.963034,1311.946565,1322.003897
2240.344009,2232.867312,2225.395958,2217.929500,2210.468567,2203.013061,2195.562978,2188.118222,2180.679025,2173.245139,2165.817192,2158.394318,2150.977790,2143.566574,2136.161705,2128.762744,2121.369465,2113.982197,2106.600399,2099.225662,2091.857127,2084.494658,2077.138711,2069.789129,2062.445919,2055.109238,2047.779002,2040.455397,2033.138219,2025.828239,2018.525147,2011.228880,2003.939544,1996.656836,1989.381566,1982.113255,1974.852237,1967.598572,1960.352039,1953.113094,1945.881470,1938.657482,1931.441044,1924.232058,1917.030989,1909.837605,1902.651969,1895.474548,1888.305194,1881.143770,1873.990231,1866.845295,1859.708375,1852.579497,1845.459365,1838.347961,1831.244983,1824.150494,1817.064984,1809.987996,1802.920268,1795.861432,1788.811558,1781.770577,1774.738899,1767.716589,1760.703593,1753.699426,1746.705142,1739.720522,1732.745444,1725.779930,1718.824072,1711.878377,1704.942388,1698.016727,1691.101049,1684.195199,1677.299707,1670.414913,1663.540124,1656.676015,1649.822711,1642.979763,1636.147655,1629.326480,1622.516279,1615.717186,1608.928757,1602.151597,1595.386036,1588.631634,1581.888704,1575.157269,1568.437321,1561.728968,1555.032378,1548.348106,1541.675631,1535.015290,1528.366756,1521.730610,1515.107052,1508.495702,1501.896957,1495.310928,1488.737202,1482.176480,1475.628802,1469.094066,1462.572459,1456.063911,1449.568754,1443.086815,1436.618435,1430.163767,1423.722493,1417.294986,1410.881555,1404.481694,1398.095614,1391.723954,1385.366722,1379.023712,1372.695485,1366.381611,1360.082248,1353.798213,1347.528594,1341.274244,1335.034812,1328.810715,1322.601536,1316.407749,1310.229832,1304.067063,1297.919961,1291.789191,1285.674385,1279.575317,1273.492174,1267.425398,1261.375066,1255.341013,1249.324340,1243.324049,1237.340738,1231.374330,1225.424827,1219.492415,1213.577245,1207.679527,1201.799510,1195.937121,1190.092512,1184.265990,1178.457117,1172.666576,1166.894239,1161.139884,1155.404370,1149.687432,1143.989096,1138.309479,1132.648810,1127.007156,1121.384865,1115.782044,1110.198648,1104.634928,1099.090586,1093.565953,1088.061361,1082.576914,1077.112673,1071.668817,1066.245434,1060.842327,1055.460288,1050.099121,1044.758964,1039.439812,1034.142227,1028.865661,1023.610898,1018.377737,1013.166234,1007.976932,1002.809548,997.664254,992.477074,987.440481,982.362344,977.307458,972.274898,967.265604,962.278874,957.315851,952.376472,947.460630,942.568629,937.700304,932.856058,928.036219,923.240562,918.469199,913.722807,909.000557,904.169621,899.631157,894.982322,890.361054,885.765515,881.195938,876.651972,872.133606,867.641650,863.175692,858.737849,854.323790,849.937795,845.578266,841.246207,836.941214,832.658700,828.413669,824.190962,819.996185,815.763822,811.689680,807.579888,803.453890,799.444029,795.418445,791.423786,787.455510,783.518299,779.579126,775.731916,771.883093,768.062465,764.271181,760.513765,756.785752,753.090303,749.423512,745.787506,742.183593,738.610515,735.066084,731.558854,728.079486,724.632602,721.216126,717.831510,714.485349,711.165197,707.884197,704.632912,701.415032,698.229116,695.077290,691.957479,688.875056,685.825039,682.809497,679.826646,676.880490,673.968777,671.091093,668.247710,665.440554,662.668269,659.931782,657.230711,654.565343,651.936096,649.343320,646.787576,644.268374,641.785930,639.340813,636.932947,634.562661,632.230264,629.935225,627.678159,625.459633,623.279045,621.137100,619.033758,616.969440,614.944617,612.958687,611.011994,609.105422,607.238255,605.411595,603.624924,601.878616,600.173224,598.508566,596.885174,595.302779,593.762065,592.262613,590.805412,589.389851,588.016359,586.685398,585.397071,584.151551,582.948225,581.788347,580.671958,579.599391,578.570462,577.585428,576.644812,575.748161,574.896091,574.088493,573.325763,572.608417,571.936101,571.309311,570.728322,570.193138,569.703895,569.261063,568.864540,568.515236,568.212327,567.956736,567.748218,567.587511,567.474217,567.408557,567.390967,567.421337,567.500394,567.627762,567.804087,568.029604,568.304075,568.627965,569.001678,569.425209,569.898642,570.422302,570.996440,571.621122,572.296767,573.023161,573.800973,574.629899,575.510365,576.442612,577.426782,578.462977,579.551741,580.692772,581.886742,583.133530,584.433441,585.786936,587.193755,588.654296,590.168726,591.737245,593.359895,595.036980,596.768873,598.555489,600.397099,602.294196,604.246533,606.254489,608.318342,610.437962,612.614132,614.846458,617.135434,619.480902,621.883542,624.343156,626.860013,629.434527,632.066647,634.756859,637.504861,640.311116,643.175639,646.098914,649.081006,652.121972,655.222116,658.381621,661.600570,664.879312,668.217774,671.616393,675.075398,678.594691,682.174575,685.815209,689.516868,693.279977,697.103813,700.989416,704.936607,708.945329,713.016333,717.149457,721.344945,725.602916,729.923395,734.306906,738.753248,743.262826,747.835630,752.471921,757.171969,761.935934,766.763927,771.656031,776.612357,781.633181,786.718825,791.869017,797.084018,802.364372,807.709928,813.121180,818.597779,824.140061,829.748520,835.423002,841.163510,846.970506,852.843875,858.783987,864.790978,870.865069,877.006045,883.214261,889.489942,895.832989,902.243948,908.722499,915.269141,921.884232,928.567229,935.318882,942.138769,949.027304,955.984910,963.011255,970.106775,977.271474,984.505526,991.808901,999.182090,1006.624753,1014.137318,1021.719759,1029.372303,1037.095561,1044.888838,1052.752728,1060.686946,1068.692116,1076.768053,1084.915089,1093.133082,1101.422207,1109.782658,1118.214398,1126.717735,1135.292780,1143.939473,1152.658069,1161.448698,1170.311591,1179.246527,1188.253771,1197.333481,1206.485558,1215.710359,1225.007800,1234.378036,1243.821225,1253.337305,1262.927043,1272.589591,1282.325449,1292.134699,1302.017436,1311.973919,1322.003897
2215.718283,2208.338677,2200.963986,2193.594418,2186.230034,2178.871228,2171.517591,2164.169501,2156.826865,2149.489518,2142.157647,2134.831207,2127.510436,2120.195903,2112.887201,2105.584120,2098.286851,2090.994963,2083.709984,2076.430978,2069.158026,2061.891468,2054.631156,2047.377177,2040.129491,2032.888266,2025.653558,2018.425021,2011.203220,2003.988427,1996.780381,1989.579227,1982.384532,1975.197008,1968.016658,1960.843113,1953.676876,1946.517553,1939.365757,1932.221283,1925.084022,1917.954387,1910.831903,1903.717374,1896.610496,1889.510932,1882.419308,1875.335779,1868.260013,1861.192420,1854.132485,1847.080848,1840.037589,1833.001778,1825.975202,1818.956978,1811.947004,1804.945474,1797.952874,1790.968867,1783.993879,1777.027659,1770.070376,1763.121862,1756.182556,1749.252525,1742.331258,1735.419744,1728.517351,1721.624476,1714.741384,1707.867217,1701.003211,1694.148904,1687.304533,1680.470155,1673.645729,1666.830785,1660.026332,1653.232522,1646.448502,1639.675084,1632.912326,1626.159906,1619.418109,1612.687065,1605.967113,1599.257617,1592.559530,1585.872347,1579.196295,1572.531453,1565.878052,1559.235730,1552.605155,1545.985813,1539.378535,1532.782721,1526.199159,1519.627125,1513.067209,1506.519593,1499.984268,1493.461237,1486.950188,1480.451995,1473.966136,1467.493064,1461.032844,1454.585513,1448.151170,1441.729829,1435.321554,1428.926340,1422.544810,1416.176595,1409.821656,1403.480573,1397.152901,1390.839298,1384.538891,1378.253271,1371.981718,1365.724054,1359.480872,1353.252193,1347.038051,1340.838776,1334.653987,1328.484022,1322.329158,1316.189132,1310.064042,1303.954376,1297.860004,1291.780844,1285.717782,1279.670058,1273.638291,1267.622205,1261.621954,1255.637966,1249.670056,1243.718539,1237.783919,1231.865809,1225.964366,1220.079659,1214.211690,1208.360645,1202.526669,1196.710133,1190.910807,1185.129261,1179.364990,1173.618795,1167.890090,1162.179503,1156.486908,1150.812223,1145.156143,1139.518456,1133.899102,1128.298461,1122.716493,1117.153354,1111.609398,1106.084710,1100.579263,1095.093201,1089.626531,1084.179237,1078.751866,1073.344318,1067.956960,1062.589532,1057.242714,1051.915807,1046.609768,1041.324397,1036.059599,1030.816091,1025.593621,1020.392068,1015.102254,1010.053508,1004.916352,999.801207,994.707722,989.636005,984.586454,979.559153,974.554178,969.571917,964.612165,959.675363,954.760846,949.869654,945.002174,940.157677,935.336934,930.539802,925.766384,921.017117,916.291810,911.590685,906.914152,902.155994,897.634070,893.030465,888.451188,883.899079,879.372062,874.870719,870.394706,865.944173,861.519839,857.120997,852.749162,848.403219,844.083648,839.790581,835.525036,831.285308,827.073476,822.888374,818.726766,814.599986,810.498393,806.363137,802.377548,798.358950,794.376812,790.407771,786.475180,782.551735,778.681346,774.830256,771.031861,767.244955,763.484022,759.755702,756.060160,752.392848,748.756746,745.141634,741.571255,738.029297,734.513218,731.032518,727.580434,724.160110,720.771093,717.413807,714.087656,710.792821,707.536047,704.307872,701.113745,697.951642,694.821774,691.724444,688.661140,685.633162,682.637450,679.676379,676.747974,673.855137,670.996834,668.171379,665.381540,662.626082,659.906155,657.221734,654.571964,651.957825,649.379568,646.837536,644.331961,641.862545,639.430043,637.034010,634.675470,632.353752,630.069556,627.822398,625.613318,623.442232,621.308591,619.213530,617.156496,615.138611,613.159501,611.218804,609.317513,607.455556,605.633105,603.850410,602.107687,600.404810,598.742621,597.120884,595.539788,593.999927,592.500700,591.042863,589.626724,588.252188,586.918997,585.628266,584.379829,583.173392,582.008987,580.888137,579.810449,578.775841,577.784572,576.837042,575.933492,575.073371,574.257674,573.485841,572.758915,572.076800,571.439427,570.847191,570.300504,569.799091,569.343353,568.933636,568.569947,568.253074,567.982246,567.758471,567.581216,567.451773,567.368837,567.333398,567.345704,567.405739,567.513904,567.670208,567.874975,568.128549,568.430752,568.782041,569.182899,569.632987,570.132772,570.682271,571.282015,571.931813,572.632269,573.383200,574.185018,575.037616,575.941373,576.896627,577.903457,578.961757,580.072360,581.234935,582.450039,583.717554,585.037692,586.411306,587.837766,589.317533,590.850849,592.437802,594.078635,595.773474,597.522731,599.326370,601.184649,603.097967,605.066191,607.089729,609.168619,611.303085,613.493646,615.739908,618.042520,620.401176,622.816773,625.288873,627.817890,630.404165,633.047917,635.748893,638.507552,641.323877,644.198456,647.131269,650.122419,653.172180,656.280732,659.448251,662.674795,665.960738,669.306204,672.711342,676.176492,679.701605,683.286879,686.932530,690.638820,694.406181,698.234036,702.123106,706.073465,710.085046,714.158418,718.293710,722.490775,726.750065,731.071546,735.455593,739.902139,744.411561,748.983841,753.619242,758.318032,763.080375,767.906379,772.796130,777.749737,782.767662,787.849675,792.996086,798.206970,803.482688,808.823537,814.229360,819.700305,825.236646,830.838769,836.506556,842.240011,848.039596,853.905227,859.837187,865.835700,871.900994,878.032795,884.231397,890.497210,896.830120,903.230422,909.697979,916.233384,922.836771,929.507775,936.247087,943.054260,949.929788,956.874015,963.886638,970.968092,978.118383,985.337683,992.626206,999.983725,1007.410617,1014.907073,1022.473067,1030.108827,1037.814966,1045.590790,1053.436900,1061.352965,1069.339734,1077.397126,1085.524780,1093.723330,1101.992682,1110.333034,1118.744337,1127.226933,1135.780902,1144.406196,1153.103069,1161.871655,1170.712183,1179.624468,1188.608677,1197.665068,1206.793507,1215.994356,1225.267531,1234.613187,1244.031484,1253.522360,1263.086584,1272.723308,1282.433036,1292.215846,1302.071839,1312.001272,1322.003897
2191.384095,2184.100110,2176.820866,2169.547002,2162.278368,2155.014852,2147.756771,2140.504058,2133.256745,2126.014811,2118.777525,2111.546749,2104.321121,2097.101595,2089.887841,2082.679716,2075.477320,2068.280331,2061.090104,2053.905624,2046.727388,2039.555382,2032.389592,2025.229975,2018.076752,2010.929860,2003.789090,1996.655174,1989.527475,1982.406616,1975.292557,1968.185077,1961.084360,1953.990732,1946.904010,1939.824186,1932.751328,1925.685772,1918.627318,1911.576160,1904.532347,1897.495407,1890.466418,1883.444938,1876.430889,1869.424271,1862.425594,1855.434736,1848.451706,1841.476512,1834.508982,1827.550001,1820.598883,1813.655523,1806.721114,1799.794738,1792.876860,1785.967338,1779.066610,1772.174192,1765.290957,1758.416335,1751.550535,1744.693498,1737.845388,1731.006101,1724.176397,1717.355896,1710.544327,1703.742371,1696.949560,1690.166287,1683.392911,1676.629234,1669.875102,1663.130962,1656.396666,1649.671962,1642.957250,1636.252978,1629.558981,1622.875205,1616.201871,1609.538940,1602.886320,1596.244605,1589.613410,1582.993236,1576.384015,1569.785600,1563.198188,1556.621803,1550.056797,1543.502889,1536.960506,1530.429366,1523.909866,1517.401952,1510.905799,1504.421528,1497.949099,1491.488981,1485.040906,1478.604634,1472.180729,1465.769377,1459.370452,1452.983955,1446.610266,1440.249338,1433.901252,1427.565980,1421.243573,1414.934356,1408.638466,1402.355494,1396.086381,1389.830216,1383.587964,1377.359230,1371.143883,1364.943077,1358.756327,1352.582745,1346.423952,1340.279677,1334.149470,1328.034198,1321.933160,1315.846800,1309.775216,1303.718494,1297.676745,1291.650086,1285.638095,1279.642122,1273.661560,1267.696259,1261.746621,1255.812618,1249.894189,1243.992041,1238.105907,1232.235836,1226.382366,1220.545511,1214.725026,1208.921094,1203.133659,1197.363187,1191.609505,1185.873093,1180.153721,1174.451902,1168.767301,1163.100423,1157.451105,1151.819608,1146.205785,1140.609981,1135.032423,1129.473174,1123.931999,1118.409377,1112.905247,1107.419709,1101.953275,1096.505870,1091.077520,1085.668368,1080.278419,1074.907658,1069.556689,1064.225189,1058.913826,1053.622163,1048.350809,1043.099277,1037.868494,1032.658111,1027.468091,1022.299156,1017.150991,1012.023666,1006.917684,1001.832803,996.769243,991.727444,986.707051,981.708170,976.731397,971.776309,966.844066,961.933718,957.045889,952.180369,947.337390,942.517654,937.721207,932.947470,928.197171,923.470375,918.767103,914.087531,909.431866,904.800300,900.192771,895.609536,891.050359,886.514162,882.004858,877.520781,873.061606,868.627717,864.209028,859.835519,855.477743,851.146102,846.840202,842.560589,838.306971,834.079629,829.878971,825.704710,821.557697,817.437232,813.343202,809.278105,805.239903,801.229102,797.245918,793.287650,789.363850,785.464713,781.594313,777.747387,773.937102,770.154358,766.398393,762.671513,758.970591,755.305230,751.649023,748.062098,744.484724,740.937506,737.420895,733.934768,730.476138,727.054707,723.660553,720.297846,716.966411,713.666070,710.397364,707.161857,703.958271,700.788036,697.647723,694.541251,691.465503,688.424004,685.415703,682.441164,679.500066,676.591731,673.717376,670.877782,668.072378,665.298865,662.561902,659.857722,657.189537,654.556483,651.957833,649.394168,646.866225,644.374605,641.918728,639.498715,637.115424,634.768340,632.458008,630.184829,627.948450,625.748942,623.587042,621.462742,619.376017,617.327130,615.316013,613.343976,611.409957,609.514444,607.657869,605.840340,604.061878,602.322785,600.623452,598.963862,597.344316,595.765179,594.226022,592.727733,591.270039,589.853335,588.477901,587.143677,585.850702,584.599643,583.390536,582.223108,581.097557,580.014968,578.975419,577.978565,577.024517,576.113973,575.247052,574.423323,573.643384,572.907384,572.215727,571.568460,570.965727,570.407713,569.894898,569.426983,569.004450,568.627538,568.296510,568.011551,567.772461,567.580098,567.433997,567.335138,567.282554,567.277282,567.318952,567.408295,567.545195,567.730189,567.963138,568.244550,568.574161,568.952572,569.380162,569.856619,570.382374,570.957515,571.582573,572.257552,572.982341,573.757404,574.583113,575.459089,576.385930,577.363887,578.393082,579.473395,580.605497,581.789401,583.025332,584.313407,585.653760,587.047069,588.492994,589.991702,591.543701,593.148909,594.807656,596.520081,598.286462,600.106883,601.981720,603.911050,605.894964,607.933820,610.027655,612.176863,614.381459,616.641602,618.957626,621.329360,623.757566,626.242072,628.783095,631.380965,634.035921,636.747765,639.516902,642.343404,645.227690,648.169818,651.169945,654.228334,657.345130,660.520483,663.754603,667.047639,670.399862,673.811500,677.282554,680.813311,684.403860,688.054534,691.765239,695.536765,699.368558,703.260909,707.214325,711.228645,715.304283,719.441526,723.640174,727.900679,732.223126,736.607535,741.054196,745.563366,750.135030,754.769448,759.466983,764.227523,769.051452,773.938808,778.889569,783.904302,788.982818,794.125341,799.331978,804.603087,809.938967,815.339461,820.804627,826.335157,831.930785,837.591764,843.318103,849.110216,854.968020,860.891799,866.881899,872.938182,879.060742,885.249751,891.505619,897.828235,904.217892,910.674432,917.198519,923.790216,930.449447,937.176113,943.970558,950.833013,957.763824,964.762781,971.830040,978.965887,986.170404,993.443803,1000.785860,1008.196950,1015.677269,1023.226788,1030.845738,1038.534733,1046.293078,1054.121377,1062.019298,1069.987593,1078.026180,1086.134700,1094.313788,1102.563350,1110.883585,1119.274446,1127.736275,1136.269154,1144.873034,1153.548173,1162.294703,1171.112856,1180.002447,1188.963644,1197.996706,1207.101501,1216.278417,1225.527292,1234.848363,1244.241762,1253.707430,1263.246136,1272.857033,1282.540627,1292.296997,1302.126244,1312.028626,1322.003897
2167.337721,2160.148097,2152.963401,2145.784082,2138.609870,2131.440772,2124.276905,2117.118423,2109.965288,2102.816868,2095.674272,2088.537004,2081.405815,2074.280284,2067.160141,2060.045717,2052.936548,2045.834036,2038.737427,2031.646589,2024.561881,2017.483210,2010.410711,2003.344491,1996.284484,1989.230769,1982.183249,1975.142337,1968.107775,1961.079831,1954.058529,1947.043572,1940.035791,1933.034881,1926.040778,1919.053582,1912.073085,1905.099917,1898.133860,1891.174865,1884.223147,1877.278386,1870.341421,1863.411748,1856.489463,1849.574879,1842.667948,1835.768607,1828.877132,1821.993570,1815.117452,1808.249545,1801.389649,1794.537742,1787.694124,1780.859047,1774.031979,1767.213605,1760.403485,1753.601666,1746.808991,1740.024876,1733.249502,1726.482754,1719.724786,1712.975717,1706.236055,1699.505411,1692.783897,1686.071426,1679.368465,1672.674770,1665.990922,1659.316582,1652.651636,1645.996739,1639.351385,1632.715972,1626.090143,1619.474614,1612.869262,1606.274071,1599.689052,1593.114563,1586.550377,1579.996476,1573.453447,1566.921426,1560.400058,1553.889370,1547.389539,1540.900788,1534.423070,1527.956527,1521.501207,1515.057056,1508.624722,1502.203516,1495.793966,1489.396334,1483.010523,1476.636752,1470.274627,1463.924766,1457.586919,1451.261349,1444.948207,1438.647336,1432.359184,1426.083665,1419.820828,1413.570575,1407.333348,1401.108916,1394.897500,1388.699394,1382.514368,1376.342857,1370.184603,1364.039951,1357.908803,1351.791790,1345.688427,1339.598623,1333.523229,1327.462079,1321.415073,1315.382570,1309.364384,1303.360656,1297.371586,1291.397199,1285.437894,1279.493229,1273.563258,1267.649009,1261.750068,1255.866167,1249.997829,1244.144829,1238.307566,1232.486440,1226.681004,1220.891473,1215.118382,1209.361789,1203.621319,1197.897283,1192.189505,1186.498679,1180.824402,1175.167233,1169.526926,1163.904008,1158.298121,1152.709825,1147.139106,1141.585619,1136.049677,1130.531884,1125.032047,1119.550336,1114.086484,1108.640984,1103.213775,1097.805120,1092.415374,1087.044366,1081.692239,1076.359126,1071.045084,1065.750061,1060.474535,1055.218355,1049.982090,1044.765464,1039.568809,1034.391879,1029.235452,1024.099169,1018.983202,1013.888010,1008.813242,1003.759553,998.726631,993.714631,988.723933,983.754690,978.806586,973.879904,968.975014,964.091740,959.230780,954.391903,949.575237,944.780343,940.007807,935.259049,930.532439,925.828745,921.148435,916.491183,911.857365,907.246531,902.660300,898.097080,893.558174,889.042905,884.550858,880.083943,875.642186,871.225153,866.829929,862.451933,858.123891,853.802319,849.515760,845.249525,841.009667,836.794325,832.606674,828.444397,824.308366,820.198700,816.115162,812.059754,808.030078,804.024572,800.052573,796.104296,792.183983,788.289850,784.426319,780.587646,776.780236,772.999288,769.246540,765.513646,761.828615,758.160858,754.518045,750.924055,747.333214,743.791605,740.272827,736.785277,733.315546,729.899123,726.501717,723.135094,719.798311,716.492726,713.216756,709.973149,706.763070,703.582442,700.436716,697.319108,694.235444,691.182654,688.162422,685.173921,682.220737,679.299530,676.411924,673.556582,670.735293,667.947943,665.194289,662.473159,659.787879,657.135614,654.518191,651.935719,649.387913,646.874304,644.396083,641.954093,639.547559,637.176575,634.841956,632.543391,630.280844,628.055686,625.866551,623.714166,621.599031,619.521178,617.480754,615.477479,613.512194,611.585508,609.696191,607.845161,606.032914,604.259275,602.524466,600.828535,599.172235,597.555320,595.977981,594.440819,592.943411,591.486444,590.069783,588.693855,587.358696,586.064256,584.811116,583.599541,582.429320,581.300085,580.213274,579.168668,578.166613,577.207291,576.290321,575.416551,574.585568,573.797914,573.053560,572.352727,571.696036,571.083377,570.514859,569.990783,569.511467,569.076733,568.687041,568.342609,568.043954,567.790527,567.583124,567.421602,567.306591,567.237784,567.215241,567.239611,567.310577,567.428900,567.594399,567.807658,568.068480,568.377254,568.734205,569.139412,569.593475,570.096011,570.647517,571.248198,571.898135,572.597735,573.346813,574.146007,574.995022,575.894282,576.844008,577.844407,578.895669,579.997822,581.151227,582.356208,583.612697,584.921076,586.281319,587.694238,589.159308,590.676940,592.247356,593.870658,595.546992,597.276856,599.060153,600.897139,602.788259,604.733408,606.732824,608.786805,610.895399,613.058996,615.277576,617.551420,619.880693,622.265506,624.706107,627.202777,629.755601,632.364901,635.030918,637.753452,640.532909,643.369363,646.263228,649.214568,652.223535,655.290395,658.415292,661.598354,664.839893,668.139887,671.498735,674.916670,678.393557,681.929842,685.525539,689.180974,692.896416,696.671673,700.507154,704.402956,708.359050,712.376070,716.453919,720.593030,724.793123,729.054748,733.377942,737.762711,742.209411,746.718235,751.289187,755.922608,760.618631,765.377563,770.199161,775.083973,780.031909,785.043338,790.118249,795.256808,800.459124,805.725546,811.056385,816.451481,821.910887,827.435308,833.024468,838.678623,844.397783,850.182363,856.032281,861.947862,867.929328,873.976667,880.089932,886.269353,892.515169,898.827440,905.206340,911.652036,918.164674,924.744566,931.391717,938.105959,944.887635,951.736978,958.654335,965.639496,972.692617,979.814109,987.003687,994.261930,1001.588525,1008.983753,1016.447905,1023.980922,1031.583102,1039.254986,1046.995702,1054.806167,1062.685922,1070.635787,1078.655482,1086.744819,1094.904455,1103.134344,1111.434311,1119.804850,1128.245761,1136.757535,1145.339989,1153.993380,1162.717843,1171.513609,1180.380496,1189.318671,1198.328396,1207.409538,1216.562488,1225.787083,1235.083562,1244.452058,1253.892513,1263.405698,1272.990766,1282.648222,1292.378150,1302.180649,1312.055980,1322.003897
2143.575709,2136.479450,2129.388289,2122.302109,2115.221060,2108.145272,2101.074660,2094.009190,2086.948980,2079.893691,2072.844223,2065.799673,2058.761322,2051.728338,2044.700870,2037.678600,2030.662886,2023.652920,2016.648624,2009.650423,2002.658166,1995.671866,1988.691528,1981.717514,1974.749655,1967.787790,1960.832528,1953.883635,1946.941111,1940.004945,1933.075040,1926.152012,1919.235866,1912.326451,1905.423909,1898.527975,1891.638951,1884.757160,1877.882297,1871.014571,1864.153570,1857.300248,1850.453943,1843.615223,1836.783766,1829.959926,1823.143604,1816.334805,1809.533855,1802.740536,1795.954958,1789.177025,1782.407592,1775.645845,1768.892186,1762.146797,1755.409891,1748.681229,1741.960796,1735.248515,1728.545274,1721.850743,1715.164714,1708.487250,1701.818158,1695.158448,1688.507765,1681.866038,1675.233336,1668.609499,1661.995178,1655.389934,1648.794594,1642.208746,1635.631952,1629.064966,1622.507978,1615.960519,1609.422365,1602.894880,1596.376841,1589.869305,1583.371811,1576.884786,1570.408165,1563.940989,1557.485134,1551.040024,1544.605512,1538.181476,1531.768340,1525.365955,1518.974784,1512.594443,1506.225281,1499.867311,1493.520644,1487.185578,1480.861856,1474.549723,1468.249428,1461.960682,1455.684149,1449.419096,1443.166480,1436.925678,1430.697250,1424.481347,1418.277735,1412.086615,1405.907965,1399.741950,1393.588777,1387.448093,1381.320586,1375.205766,1369.104506,1363.016485,1356.941333,1350.879981,1344.831940,1338.797521,1332.776646,1326.769856,1320.776725,1314.797982,1308.833312,1302.882368,1296.946274,1291.024180,1285.116885,1279.223966,1273.345653,1267.482448,1261.633437,1255.800047,1249.981748,1244.178390,1238.390383,1232.617620,1226.860703,1221.119475,1215.393991,1209.684047,1203.990435,1198.313170,1192.651870,1187.006845,1181.377959,1175.765612,1170.169926,1164.591223,1159.029249,1153.484197,1147.956206,1142.445597,1136.952415,1131.476286,1126.017534,1120.576756,1115.153761,1109.748656,1104.361235,1098.992181,1093.641113,1088.308421,1082.994459,1077.699054,1072.422247,1067.164477,1061.925475,1056.538234,1051.504469,1046.322825,1041.160610,1036.018377,1030.895658,1025.792474,1020.709598,1015.646443,1010.603892,1005.581623,1000.579648,995.598467,990.637966,985.698178,980.779469,975.881866,971.005226,966.150082,961.316066,956.504135,951.713930,946.945564,942.198923,937.474353,932.771842,928.092686,923.435631,918.801218,914.189931,909.601431,905.036162,900.493825,895.975740,891.480375,887.009101,882.560918,878.136322,873.737358,869.362380,865.008496,860.686414,856.385261,852.104269,847.858037,843.631853,839.431615,835.256351,831.106761,826.982520,822.883674,818.812436,814.766383,810.747178,806.754483,802.787663,798.848593,794.933496,791.049474,787.168014,783.360311,779.557094,775.781527,772.033280,768.313509,764.621233,760.958529,757.321578,753.714243,750.137675,746.589918,743.067151,739.583106,736.123145,732.693850,729.293018,725.922510,722.582628,719.272490,715.992676,712.743702,709.522916,706.335938,703.181112,700.057648,696.965034,693.903376,690.873284,687.876236,684.909472,681.975423,679.075741,676.207751,673.373175,670.569997,667.801370,665.066568,662.363964,659.694325,657.059918,654.458522,651.891960,649.359434,646.861227,644.397780,641.969249,639.576057,637.218189,634.895813,632.609301,630.358704,628.143733,625.965811,623.823640,621.717949,619.649235,617.617400,615.622533,613.664599,611.744607,609.862254,608.017573,606.210784,604.442162,602.711986,601.020658,599.367526,597.753493,596.179001,594.643700,593.147926,591.691966,590.275934,588.899640,587.564025,586.268858,585.013998,583.800178,582.627551,581.495719,580.404904,579.356105,578.349130,577.384510,576.461860,575.581566,574.744068,573.949041,573.196878,572.487855,571.821981,571.199865,570.621314,570.086669,569.596172,569.149960,568.748204,568.391041,568.078715,567.811907,567.589945,567.413718,567.282909,567.198332,567.159504,567.166754,567.220447,567.320504,567.467434,567.661271,567.902478,568.190918,568.526897,568.910715,569.342713,569.822760,570.351134,570.928091,571.553816,572.228566,572.952568,573.725655,574.548535,575.420863,576.343034,577.315415,578.338069,579.410976,580.534809,581.709358,582.935146,584.212032,585.540417,586.920697,588.352688,589.836675,591.372917,592.961540,594.602727,596.296548,598.043546,599.843633,601.697061,603.604231,605.565006,607.579806,609.648674,611.771715,613.949635,616.182037,618.469418,620.811618,623.209319,625.662321,628.170896,630.735445,633.356055,636.032865,638.765901,641.555521,644.401802,647.305096,650.265496,653.283157,656.358343,659.491198,662.681848,665.930628,669.237466,672.602804,676.026862,679.509555,683.051181,686.651903,690.311996,694.031886,697.810855,701.649956,705.548954,709.507877,713.527423,717.607404,721.748162,725.949790,730.212345,734.536107,738.921156,743.367874,747.876159,752.446308,757.078563,761.772985,766.530106,771.349457,776.231662,781.176632,786.184815,791.256042,796.390512,801.588396,806.850062,812.175859,817.565414,823.018996,828.537238,834.119863,839.767130,845.479111,851.256013,857.098007,863.005290,868.978106,875.016435,881.120363,887.290086,893.525817,899.827732,906.195903,912.630480,919.131796,925.699853,932.334848,939.036624,945.805491,952.641803,959.545547,966.516875,973.555824,980.662804,987.837532,995.080587,1002.391657,1009.771025,1017.218981,1024.735468,1032.320785,1039.975474,1047.698663,1055.491268,1063.353099,1071.284182,1079.285032,1087.355195,1095.495448,1103.705395,1111.985211,1120.335276,1128.755390,1137.246045,1145.807059,1154.438690,1163.141073,1171.914443,1180.758615,1189.673759,1198.660138,1207.717620,1216.846595,1226.046905,1235.318785,1244.662374,1254.077612,1263.565270,1273.124505,1282.755822,1292.459305,1302.235056,1312.083335,1322.003897
2120.094349,2113.090454,2106.091622,2099.097671,2092.108739,2085.124986,2078.146483,2071.173074,2064.204268,2057.241427,2050.283220,2043.330964,2036.384345,2029.443042,2022.507216,2015.576472,2008.652283,2001.733629,1994.820915,1987.914045,1981.013097,1974.118023,1967.228968,1960.345917,1953.468856,1946.598286,1939.733956,1932.875934,1926.024279,1919.178454,1912.339623,1905.507289,1898.681577,1891.862649,1885.050269,1878.244931,1871.446217,1864.654533,1857.869935,1851.091930,1844.321387,1837.557925,1830.801436,1824.052377,1817.310845,1810.576621,1803.849917,1797.130726,1790.418870,1783.715113,1777.018599,1770.330114,1763.649804,1756.976812,1750.312291,1743.655910,1737.007807,1730.367868,1723.736021,1717.112418,1710.497589,1703.891297,1697.293727,1690.704038,1684.123530,1677.551868,1670.989067,1664.435287,1657.890003,1651.354148,1644.827517,1638.309784,1631.801775,1625.303161,1618.813703,1612.333916,1605.863968,1599.403305,1592.952345,1586.511298,1580.079908,1573.658789,1567.248126,1560.847356,1554.456477,1548.075953,1541.706145,1535.346890,1528.998218,1522.659991,1516.332482,1510.015648,1503.709768,1497.414752,1491.130800,1484.857821,1478.596310,1472.345871,1466.107063,1459.879559,1453.663490,1447.459481,1441.266901,1435.086274,1428.917629,1422.760992,1416.616288,1410.484155,1404.364066,1398.256293,1392.161077,1386.078258,1380.007976,1373.950286,1367.905298,1361.873514,1355.854847,1349.848975,1343.856543,1337.877249,1331.911264,1325.958555,1320.019725,1314.094601,1308.183040,1302.285673,1296.402102,1290.532314,1284.677007,1278.836001,1273.009385,1267.196715,1261.399097,1255.616091,1249.847153,1244.093706,1238.355181,1232.631447,1226.922960,1221.229765,1215.552066,1209.889904,1204.243335,1198.612095,1192.997146,1187.398163,1181.815325,1176.248436,1170.697531,1165.163004,1159.644952,1154.143773,1148.659133,1143.191254,1137.740271,1132.306504,1126.889998,1121.490157,1116.107967,1110.743360,1105.396388,1100.067090,1094.755327,1089.461756,1084.185998,1078.928499,1073.689436,1068.468809,1063.266603,1058.083255,1052.918494,1047.772486,1042.645520,1037.537424,1032.448770,1027.379759,1022.330131,1017.300251,1012.289917,1007.299356,1002.329157,997.379059,992.449088,987.539689,982.650703,977.782418,972.934914,968.108270,963.302476,958.517952,953.754235,949.012432,944.292230,939.593835,934.916498,930.260942,925.628243,921.017838,916.429439,911.863756,907.320725,902.800461,898.287048,893.828367,889.377580,884.949434,880.544860,876.162636,871.806284,867.466393,863.161210,858.880379,854.620258,850.384901,846.172371,841.987348,837.776381,833.690373,829.579481,825.494141,821.424333,817.398957,813.390250,809.407733,805.451293,801.520734,797.616946,793.739665,789.888456,786.064257,782.267355,778.492725,774.734484,771.035413,767.351170,763.693279,760.060034,756.456981,752.879618,749.332168,745.807113,742.325873,738.858289,735.434785,732.024627,728.658941,725.317410,722.003787,718.720999,715.467598,712.243852,709.050802,705.886056,702.755225,699.652285,696.586325,693.546572,690.540417,687.565732,684.619898,681.708552,678.828013,675.980507,673.165064,670.382797,667.631958,664.914715,662.231616,659.579692,656.961977,654.377866,651.826681,649.310187,646.827624,644.378568,641.964304,639.584735,637.240508,634.930471,632.656274,630.417476,628.213859,626.046769,623.914967,621.819362,619.759893,617.737290,615.750843,613.801211,611.888175,610.012857,608.174845,606.373970,604.610950,602.885808,601.198633,599.549783,597.939583,596.367606,594.834806,593.341000,591.886364,590.471484,589.095527,587.759478,586.463931,585.208101,583.992532,582.817670,581.683351,580.589748,579.536843,578.525696,577.556188,576.628369,575.742306,574.898140,574.096812,573.337185,572.620217,571.945975,571.314846,570.726897,570.182255,569.681153,569.223905,568.810509,568.441138,568.116236,567.835832,567.600484,567.409634,567.264271,567.163894,567.109460,567.100408,567.137030,567.219729,567.348591,567.523788,567.745719,568.014482,568.330351,568.693296,569.103679,569.562007,570.068002,570.621889,571.223984,571.874601,572.573827,573.322014,574.118881,574.965174,575.860584,576.805391,577.800119,578.844762,579.939264,581.084402,582.279861,583.526151,584.823300,586.171482,587.571257,589.022402,590.525052,592.079701,593.686312,595.345136,597.056311,598.820245,600.636827,602.506537,604.429551,606.405810,608.435722,610.519343,612.656806,614.848788,617.094776,619.395450,621.750580,624.160845,626.626011,629.146457,631.722485,634.354207,637.041738,639.785147,642.584606,645.440638,648.353218,651.322531,654.348791,657.432145,660.572830,663.770932,667.026799,670.340359,673.712051,677.142105,680.630426,684.177330,687.782937,691.447566,695.171629,698.954399,702.796952,706.699043,710.660673,714.682580,718.764612,722.906938,727.109852,731.373246,735.697589,740.082896,744.529382,749.037131,753.606370,758.237383,762.930333,767.685337,772.502478,777.381870,782.323792,787.328569,792.396034,797.526385,802.719764,807.976630,813.297242,818.681258,824.128946,829.640977,835.217099,840.857282,846.561960,852.331206,858.165243,864.064122,870.028257,876.057507,882.152033,888.312006,894.537640,900.829111,907.186493,913.609936,920.099773,926.656008,933.278838,939.968106,946.724190,953.547246,960.437557,967.394918,974.419659,981.512093,988.671937,995.899773,1003.195287,1010.558765,1017.990497,1025.490426,1033.058854,1040.696321,1048.401958,1056.176682,1064.020301,1071.932846,1079.914828,1087.965799,1096.086533,1104.276637,1112.536286,1120.865861,1129.265163,1137.734685,1146.274245,1154.884103,1163.564395,1172.315357,1181.136803,1190.028908,1198.991931,1208.025745,1217.130739,1226.306756,1235.554033,1244.872708,1254.262724,1263.724853,1273.258252,1282.863427,1292.540463,1302.289463,1312.110689,1322.003897
2096.890532,2089.977949,2083.070252,2076.167233,2069.269463,2062.376720,2055.489115,2048.606069,2041.728775,2034.856172,2027.989217,2021.127656,2014.271482,2007.420678,2000.574902,1993.735481,1986.901633,1980.073395,1973.251015,1966.434400,1959.623575,1952.818734,1946.019811,1939.226808,1932.439677,1925.659017,1918.884554,1912.116332,1905.354258,1898.598238,1891.849050,1885.106402,1878.370158,1871.640356,1864.917514,1858.201467,1851.491926,1844.789456,1838.093509,1831.404973,1824.723386,1818.048752,1811.381083,1804.720807,1798.067938,1791.422354,1784.784042,1778.153218,1771.530163,1764.914283,1758.306260,1751.705971,1745.113420,1738.528589,1731.952067,1725.383602,1718.823268,1712.271029,1705.726974,1699.190710,1692.663391,1686.144399,1679.633516,1673.131623,1666.638250,1660.153502,1653.677730,1647.210441,1640.752211,1634.303021,1627.863079,1621.431835,1615.010232,1608.597744,1602.194704,1595.801047,1589.416884,1583.042425,1576.677294,1570.321841,1563.976285,1557.640761,1551.315518,1544.999695,1538.694503,1532.399285,1526.114384,1519.840010,1513.576144,1507.322648,1501.079810,1494.847550,1488.626195,1482.415456,1476.215518,1470.026752,1463.849126,1457.682864,1451.527912,1445.383676,1439.251496,1433.130709,1427.021602,1420.924274,1414.838674,1408.765112,1402.703231,1396.653740,1390.616299,1384.591121,1378.578179,1372.577514,1366.589375,1360.613545,1354.650697,1348.700789,1342.763406,1336.839437,1330.928457,1325.030233,1319.145151,1313.273793,1307.415724,1301.571438,1295.740500,1289.923435,1284.120247,1278.330657,1272.555494,1266.794418,1261.047278,1255.314548,1249.596367,1243.892470,1238.202988,1232.528537,1226.868855,1221.223872,1215.594288,1209.979473,1204.380269,1198.796250,1193.227722,1187.674285,1182.137159,1176.615758,1171.110281,1165.620628,1160.147002,1154.689385,1149.248138,1143.823601,1138.415390,1133.023892,1127.649071,1122.291302,1116.950630,1111.626325,1106.319750,1101.030505,1095.758721,1090.504404,1085.267433,1080.048458,1074.847196,1069.664106,1064.499185,1059.352473,1054.224045,1049.114305,1044.023045,1038.950230,1033.896338,1028.860997,1023.845262,1018.848779,1013.871443,1008.913774,1003.975323,999.056640,994.158053,989.279180,984.420687,979.582212,974.764055,969.821809,965.189310,960.432491,955.697204,950.982325,946.288471,941.616133,936.965134,932.335474,927.694305,923.140274,918.575992,914.033822,909.513470,905.015663,900.540133,896.086892,891.656551,887.249037,882.865085,878.503593,874.164765,869.849599,865.506333,861.291868,857.048579,852.829411,848.634409,844.461993,840.317543,836.194051,832.098386,828.026495,823.978844,819.956761,815.959518,811.987828,808.036413,804.119803,800.226932,796.359049,792.516926,788.700890,784.916870,781.147912,777.411771,773.699500,770.020111,766.365035,762.738003,759.131864,755.564877,752.019002,748.499374,745.012623,741.553190,738.122400,734.711059,731.346916,728.001803,724.687124,721.398257,718.143316,714.916171,711.718497,708.550600,705.406909,702.304111,699.227305,696.182773,693.168050,690.183133,687.230379,684.308156,681.416664,678.556698,675.729684,672.934495,670.171397,667.440874,664.742026,662.076164,659.443177,656.842054,654.274868,651.740439,649.239609,646.772827,644.339412,641.938950,639.573409,637.242402,634.946289,632.684341,630.457487,628.265960,626.109287,623.988874,621.903288,619.853669,617.839799,615.862656,613.921245,612.016122,610.147909,608.316789,606.522685,604.765397,603.045670,601.363451,599.718915,598.112182,596.543986,595.013905,593.522482,592.069681,590.655764,589.281286,587.945464,586.649542,585.393206,584.176424,582.999691,581.863376,580.767377,579.711398,578.696062,577.722065,576.789601,575.898237,575.048272,574.240191,573.474109,572.749900,572.067790,571.428094,570.831168,570.277115,569.766015,569.298110,568.873800,568.492882,568.155703,567.862685,567.614040,567.409566,567.249578,567.134709,567.064615,567.039888,567.060231,567.126092,567.237327,567.394641,567.597905,567.847670,568.143780,568.486695,568.876303,569.313033,569.797365,570.328995,570.908179,571.535193,572.210504,572.933995,573.705909,574.526353,575.395705,576.313946,577.281251,578.298164,579.364493,580.480400,581.646459,582.862681,584.129293,585.446431,586.814159,588.233223,589.703281,591.224572,592.797360,594.421643,596.097958,597.826281,599.606840,601.439844,603.325615,605.264229,607.255781,609.300616,611.398782,613.550669,615.756292,618.015827,620.329552,622.697518,625.120046,627.597266,630.129405,632.716738,635.359507,638.057512,640.811159,643.620522,646.486017,649.407707,652.385757,655.420398,658.511810,661.660208,664.865540,668.128291,671.448549,674.826465,678.262382,681.756248,685.308266,688.918652,692.587671,696.315754,700.102247,703.948113,707.853188,711.817425,715.841579,719.925597,724.069395,728.273428,732.537661,736.862479,741.247810,745.694036,750.201142,754.769393,759.399060,764.090366,768.843250,773.657973,778.534591,783.473382,788.474675,793.538200,798.664220,803.853284,809.105245,814.420601,819.799008,825.240803,830.746428,836.315908,841.949076,847.646387,853.407934,859.233890,865.124369,871.079874,877.099920,883.184939,889.335232,895.550596,901.831658,908.178083,914.590381,921.068695,927.613064,934.223686,940.900405,947.643599,954.453426,961.330190,968.273655,975.284121,982.361975,989.506903,996.719487,1003.999415,1011.346973,1018.762452,1026.245796,1033.797307,1041.417528,1049.105589,1056.862407,1064.687793,1072.581777,1080.544873,1088.576630,1096.677827,1104.848070,1113.087535,1121.396604,1129.775078,1138.223453,1146.741476,1155.329619,1163.987809,1172.716351,1181.515062,1190.384117,1199.323777,1208.333913,1217.414920,1226.566637,1235.789305,1245.083061,1254.447851,1263.884555,1273.392006,1282.971036,1292.621624,1302.343872,1312.138044,1322.003897
2073.960967,2067.138479,2060.320715,2053.507822,2046.700010,2039.897142,2033.099315,2026.306148,2019.518146,2012.735870,2005.958666,1999.186389,1992.419692,1985.657921,1978.902395,1972.152387,1965.407764,1958.668904,1951.935828,1945.208441,1938.486746,1931.770993,1925.061042,1918.356920,1911.658859,1904.967058,1898.281395,1891.601922,1884.928350,1878.261126,1871.600554,1864.946347,1858.298546,1851.657229,1845.022576,1838.394699,1831.773414,1825.158959,1818.551162,1811.950527,1805.356798,1798.769902,1792.190320,1785.617696,1779.052370,1772.494312,1765.943640,1759.400244,1752.864291,1746.335661,1739.815102,1733.301690,1726.796385,1720.298530,1713.809022,1707.327401,1700.853801,1694.388215,1687.930772,1681.481022,1675.040135,1668.607415,1662.182886,1655.767182,1649.359825,1642.961276,1636.571176,1630.189834,1623.817446,1617.453944,1611.099579,1604.753939,1598.417591,1592.090401,1585.772563,1579.464053,1573.165042,1566.875317,1560.595271,1554.324548,1548.063582,1541.812758,1535.571444,1529.340687,1523.119669,1516.908552,1510.707805,1504.517417,1498.337214,1492.167725,1486.008480,1479.859885,1473.721941,1467.594633,1461.477653,1455.372160,1449.277728,1443.194491,1437.122183,1431.061050,1425.011047,1418.972883,1412.946239,1406.931007,1400.927741,1394.936069,1388.956389,1382.988442,1377.032844,1371.089237,1365.157597,1359.238231,1353.331119,1347.436612,1341.554884,1335.685464,1329.829159,1323.985807,1318.155288,1312.337101,1306.532566,1300.741296,1294.963198,1289.198656,1283.447420,1277.709906,1271.986153,1266.275770,1260.579947,1254.897610,1249.229659,1243.575630,1237.936079,1232.310372,1226.699560,1221.103060,1215.521498,1209.954588,1204.402682,1198.865572,1193.343900,1187.837145,1182.345794,1176.869387,1171.409137,1165.964463,1160.535604,1155.122256,1149.724975,1144.343371,1138.978186,1133.629450,1128.296888,1122.980854,1117.681378,1112.398773,1107.133105,1101.883645,1096.651747,1091.437015,1086.239579,1081.059320,1075.896489,1070.751333,1065.623794,1060.514191,1055.422603,1050.348951,1045.293612,1040.256649,1035.238064,1030.237643,1025.256105,1020.292873,1015.349062,1010.424323,1005.518533,1000.632261,995.764787,990.917354,986.089480,981.281327,976.493210,971.725042,966.912803,962.249228,957.541768,952.854507,948.188422,943.542500,938.917846,934.314047,929.731673,925.170071,920.629462,916.111067,911.614230,907.139627,902.686783,898.255901,893.847174,889.460745,885.096958,880.755768,876.437550,871.999979,867.868068,863.611765,859.393866,855.191756,851.013167,846.858720,842.727660,838.621484,834.538747,830.480570,826.447041,822.438297,818.453414,814.493755,810.559272,806.649204,802.764302,798.907796,795.074817,791.261008,787.486740,783.731645,780.000987,776.299899,772.610875,768.974300,765.351612,761.755884,758.177901,754.646994,751.131997,747.643484,744.186627,740.753848,737.353502,733.980224,730.633739,727.317894,724.030204,720.771394,717.533356,714.339596,711.168659,708.026210,704.913801,701.825015,698.779227,695.755238,692.762737,689.802852,686.871261,683.970832,681.102579,678.262371,675.455938,672.680879,669.937634,667.226154,664.546950,661.898708,659.284525,656.701226,654.150074,651.633300,649.148148,646.696803,644.279126,641.894496,639.542561,637.225153,634.942240,632.693695,630.478978,628.299265,626.154223,624.044343,621.969854,619.930265,617.926084,615.957635,614.025342,612.128608,610.267812,608.443642,606.656502,604.905490,603.191335,601.514349,599.874694,598.272464,596.707605,595.181021,593.692220,592.241648,590.829609,589.456034,588.121448,586.825391,585.569021,584.351691,583.173664,582.035483,580.937130,579.878671,578.860448,577.882282,576.945029,576.049100,575.193958,574.379846,573.607407,572.876364,572.186898,571.539417,570.933825,570.370802,569.850331,569.372451,568.937452,568.545644,568.196918,567.891664,567.630127,567.412726,567.239058,567.109752,567.024899,566.984705,566.989500,567.038920,567.133552,567.273302,567.458592,567.689797,567.966999,568.290220,568.659764,569.075895,569.538882,570.048730,570.605728,571.209928,571.861697,572.561273,573.308823,574.104226,574.948156,575.840281,576.780989,577.770630,578.809330,579.897158,581.034270,582.221119,583.457808,584.744403,586.081349,587.468461,588.906641,590.395291,591.934906,593.525617,595.167653,596.861052,598.606327,600.403393,602.252609,604.154153,606.108228,608.114955,610.174477,612.286997,614.452905,616.672155,618.945026,621.271684,623.652241,626.086943,628.576073,631.119714,633.718188,636.371738,639.080133,641.843869,644.662932,647.537766,650.468432,653.455088,656.497997,659.597304,662.753139,665.965814,669.235308,672.562019,675.946184,679.387677,682.886916,686.443947,690.059085,693.732297,697.464314,701.254604,705.103460,709.011390,712.978237,717.004414,721.090211,725.235429,729.440524,733.705464,738.030626,742.415947,746.861805,751.368187,755.935356,760.563679,765.253043,770.003838,774.816058,779.689819,784.625584,789.623126,794.682761,799.804481,804.988920,810.236077,815.545933,820.918660,826.354425,831.853729,837.416420,843.042508,848.732458,854.486163,860.303994,866.186001,872.132689,878.143570,884.219080,890.359520,896.564685,902.835252,909.170744,915.571807,922.038759,928.571019,935.169472,941.833637,948.563784,955.360369,962.223501,969.153065,976.149298,983.212546,990.342428,997.539790,1004.804040,1012.135648,1019.534845,1027.001577,1034.536145,1042.139095,1049.809554,1057.548444,1065.355574,1073.231096,1081.175200,1089.187689,1097.269331,1105.419694,1113.638958,1121.927506,1130.285068,1138.712350,1147.208893,1155.775238,1164.411313,1173.117425,1181.893391,1190.739486,1199.655674,1208.642126,1217.699136,1226.826548,1236.024600,1245.293434,1254.632992,1264.044159,1273.525767,1283.078650,1292.702787,1302.398282,1312.165399,1322.003897
2051.302242,2044.568664,2037.840001,2031.116046,2024.397126,2017.683105,2010.973571,2004.269671,1997.570358,1990.876713,1984.188026,1977.504452,1970.825949,1964.152964,1957.485847,1950.824011,1944.167881,1937.517311,1930.872338,1924.233080,1917.599573,1910.971804,1904.349648,1897.733686,1891.123683,1884.519509,1877.921605,1871.329498,1864.743808,1858.164259,1851.591207,1845.024468,1838.464012,1831.910080,1825.362701,1818.822005,1812.287825,1805.760249,1799.239756,1792.725936,1786.219098,1779.719140,1773.226336,1766.740403,1760.261552,1753.790184,1747.325761,1740.868755,1734.419116,1727.977216,1721.542665,1715.115347,1708.696013,1702.284239,1695.880627,1689.484827,1683.096923,1676.717054,1670.345255,1663.981165,1657.625433,1651.277849,1644.938893,1638.608142,1632.286135,1625.972463,1619.667270,1613.370978,1607.083276,1600.804554,1594.534792,1588.273618,1582.021560,1575.778904,1569.545172,1563.320950,1557.106034,1550.900292,1544.703978,1538.517286,1532.339945,1526.172533,1520.014992,1513.867460,1507.729912,1501.602219,1495.484416,1489.376933,1483.279757,1477.192977,1471.116580,1465.050450,1458.995191,1452.950000,1446.915457,1440.892239,1434.880017,1428.878797,1422.888251,1416.908807,1410.940599,1404.984032,1399.038693,1393.105027,1387.182962,1381.272435,1375.373821,1369.486703,1363.611923,1357.748768,1351.897628,1346.058495,1340.231796,1334.417760,1328.615725,1322.826588,1317.050118,1311.286450,1305.535267,1299.796568,1294.071564,1288.359383,1282.660443,1276.974712,1271.302411,1265.643505,1259.998200,1254.366414,1248.748586,1243.144693,1237.554488,1231.978549,1226.416668,1220.868548,1215.335117,1209.816012,1204.311798,1198.821933,1193.346696,1187.886553,1182.441439,1177.011161,1171.596223,1166.195986,1160.811734,1155.442973,1150.089846,1144.751976,1139.430063,1134.123906,1128.833845,1123.560130,1118.302487,1113.060897,1107.836001,1102.627720,1097.436061,1092.260827,1087.102766,1081.961758,1076.837774,1071.730911,1066.641328,1061.569214,1056.514561,1051.477655,1046.458603,1041.457319,1036.474176,1031.509239,1026.562570,1021.633724,1016.723682,1011.831823,1006.959064,1002.105254,997.270394,992.454655,987.657712,982.880503,978.122524,973.384516,968.665981,963.967237,959.288599,954.629934,949.991274,945.372929,940.775332,936.197874,931.641163,927.105498,922.590881,918.096766,913.623588,909.172316,904.742673,900.334821,895.948549,891.583887,887.241092,882.920765,878.622749,874.346961,870.093765,865.861929,861.647466,857.471306,853.310227,849.172450,845.057562,840.962232,836.900095,832.856643,828.837765,824.842500,820.871535,816.924853,813.002685,809.105033,805.231983,801.384750,797.522316,793.718666,789.993369,786.244742,782.526265,778.831308,775.161679,771.519377,767.902447,764.307460,760.747410,757.212524,753.686763,750.219235,746.762799,743.330159,739.930968,736.559129,733.214455,729.897078,726.606291,723.348911,720.117979,716.914170,713.739322,710.593980,707.477368,704.389214,701.327617,698.302003,695.299607,692.334708,689.399099,686.489227,683.610041,680.764487,677.946310,675.160086,672.404578,669.681391,666.989262,664.329463,661.699732,659.102827,656.538557,654.005363,651.503989,649.036772,646.600738,644.198315,641.829094,639.492341,637.188969,634.919336,632.683637,630.482003,628.314423,626.181518,624.082441,622.018488,619.989690,617.995469,616.036518,614.112806,612.225142,610.372387,608.555655,606.775090,605.031310,603.323182,601.651845,600.017167,598.419637,596.859037,595.335808,593.850171,592.402467,590.992213,589.620662,588.287088,586.992046,585.735322,584.517913,583.339183,582.199520,581.099478,580.039020,579.017704,578.036204,577.095142,576.194612,575.334612,574.515263,573.736617,572.999678,572.303217,571.648251,571.034827,570.463243,569.933733,569.446456,569.001444,568.598929,568.239382,567.922521,567.648821,567.418536,567.231970,567.088790,566.989861,566.934761,566.924326,566.958138,567.036367,567.159455,567.327553,567.540632,567.799285,568.103552,568.453630,568.849682,569.291855,569.780733,570.316089,570.898079,571.527073,572.203266,572.926887,573.698213,574.516977,575.383903,576.298736,577.261697,578.273335,579.333635,580.442576,581.600833,582.808190,584.065123,585.371692,586.728140,588.134603,589.591353,591.098380,592.656122,594.264565,595.924015,597.634440,599.396417,601.209854,603.075006,604.992271,606.961510,608.983146,611.057220,613.183970,615.363699,617.596413,619.882409,622.221722,624.614839,627.061626,629.562400,632.117420,634.726917,637.390980,640.109637,642.883277,645.711886,648.595907,651.535402,654.530528,657.581548,660.688608,663.851839,667.071563,670.347722,673.680753,677.070880,680.518026,684.022461,687.584379,691.204047,694.881734,698.617252,702.411010,706.263106,710.173513,714.142928,718.171075,722.258544,726.405070,730.611132,734.876797,739.202062,743.587297,748.032693,752.538257,757.104330,761.731050,766.418674,771.167095,775.976772,780.847585,785.779992,790.773918,795.829556,800.947013,806.126652,811.368777,816.673233,822.040081,827.470019,832.962735,838.518631,844.137576,849.820036,855.565932,861.375551,867.249123,873.186880,879.188555,885.254471,891.384968,897.579904,903.839880,910.164439,916.554288,923.009567,929.529892,936.116032,942.767565,949.484742,956.268187,963.117510,970.033095,977.015014,984.063613,991.178513,998.360559,1005.609161,1012.924790,1020.307677,1027.757768,1035.275372,1042.861020,1050.513854,1058.234792,1066.023643,1073.880562,1081.805738,1089.798975,1097.861044,1105.991510,1114.190556,1122.458565,1130.795270,1139.201376,1147.676425,1156.221040,1164.834909,1173.518579,1182.271790,1191.094816,1199.987623,1208.950489,1217.983390,1227.086489,1236.259920,1245.503825,1254.818148,1264.203773,1273.659535,1283.186269,1292.783953,1302.452693,1312.192755,1322.003897
2028.911024,2022.265530,2015.624796,2008.988865,2002.357651,1995.730883,1989.109649,1982.492942,1975.881804,1969.275749,1962.674602,1956.078364,1949.487111,1942.901999,1936.322065,1929.747734,1923.178872,1916.615522,1910.057678,1903.505525,1896.959073,1890.418076,1883.883148,1877.354081,1870.830918,1864.313718,1857.802196,1851.296831,1844.797847,1838.304853,1831.818299,1825.337870,1818.863920,1812.396440,1805.935269,1799.480679,1793.032276,1786.591053,1780.156616,1773.728707,1767.307611,1760.893656,1754.486563,1748.086425,1741.693105,1735.307050,1728.928333,1722.556460,1716.192434,1709.835798,1703.486260,1697.144117,1690.809938,1684.483207,1678.164461,1671.853476,1665.550340,1659.255149,1652.967951,1646.688387,1640.416747,1634.153892,1627.899216,1621.652687,1615.414658,1609.185001,1602.963977,1596.751467,1590.547667,1584.352649,1578.166334,1571.988704,1565.820401,1559.661015,1553.510498,1547.369549,1541.237673,1535.114796,1529.001418,1522.897796,1516.802906,1510.718318,1504.643461,1498.578404,1492.523337,1486.477746,1480.442007,1474.416736,1468.401590,1462.396618,1456.401929,1450.417790,1444.443670,1438.480115,1432.527008,1426.585157,1420.654114,1414.733656,1408.824125,1402.925708,1397.038547,1391.162327,1385.297568,1379.444360,1373.602631,1367.772310,1361.953539,1356.146765,1350.351427,1344.568150,1338.796693,1333.037207,1327.289896,1321.554796,1315.832273,1310.122198,1304.424642,1298.739458,1293.066967,1287.407208,1281.760477,1276.126560,1270.505813,1264.898339,1259.303801,1253.722628,1248.155029,1242.600642,1237.060520,1231.533856,1226.020808,1220.521800,1215.036777,1209.565320,1204.108564,1198.666145,1193.238227,1187.824472,1182.425392,1177.041157,1171.671777,1166.317127,1160.977618,1155.652776,1150.343717,1145.050003,1139.771639,1134.508658,1129.261348,1124.029619,1118.813884,1113.614316,1108.430670,1103.262922,1098.111712,1092.976961,1087.858512,1082.756661,1077.671656,1072.603564,1067.552297,1062.517845,1057.500736,1052.500879,1047.518404,1042.553416,1037.606087,1032.676352,1027.764584,1022.870993,1017.995249,1013.137393,1008.297991,1003.476845,998.674467,993.890864,989.126032,984.379915,979.652794,974.945128,970.256476,965.587531,960.937982,956.308030,951.697920,947.107703,942.537121,937.986838,933.456703,928.947384,924.457955,919.989622,915.541534,911.126704,906.708134,902.323295,897.960035,893.618310,889.297810,884.998848,880.721310,876.466548,872.233345,868.022451,863.833443,859.659029,855.524565,851.404584,847.305307,843.232875,839.176599,835.154465,831.150085,827.170240,823.213205,819.280227,815.371484,811.486669,807.626089,803.784679,799.978554,796.191555,792.357458,788.693217,784.971546,781.295820,777.634483,773.999702,770.389544,766.802849,763.231706,759.713951,756.211916,752.733658,749.281536,745.855675,742.456648,739.083377,735.740588,732.424989,729.136243,725.877320,722.643198,719.438623,716.262188,713.113956,709.994147,706.903745,703.841840,700.809336,697.804912,694.826101,691.883467,688.968664,686.083653,683.227616,680.402351,677.607006,674.841851,672.106816,669.403351,666.730647,664.089656,661.480236,658.901179,656.354327,653.839505,651.355733,648.903494,646.484844,644.097605,641.743631,639.422425,637.133413,634.877276,632.654892,630.466811,628.311240,626.190033,624.103293,622.050270,620.032050,618.048168,616.099105,614.184267,612.305427,610.461630,608.652543,606.879329,605.141998,603.440877,601.775357,600.146474,598.553720,596.997779,595.478533,593.996510,592.551609,591.144373,589.774541,588.442576,587.148820,585.892428,584.674995,583.496015,582.355654,581.253993,580.191551,579.168248,578.184111,577.239326,576.334710,575.470310,574.646166,573.862214,573.118736,572.416522,571.754472,571.133567,570.554133,570.016122,569.519814,569.065275,568.652795,568.282562,567.954815,567.669468,567.427154,567.227802,567.071702,566.958758,566.889794,566.864175,566.883062,566.945697,567.052443,567.203799,567.399566,567.640413,567.926279,568.257297,568.634035,569.056237,569.524294,570.038705,570.599235,571.206057,571.859505,572.559880,573.307304,574.102079,574.943970,575.833652,576.770882,577.755965,578.789464,579.871019,581.000959,582.179945,583.407643,584.684570,586.010746,587.386480,588.811949,590.287327,591.812585,593.388194,595.014169,596.690752,598.418128,600.196535,602.026029,603.907035,605.839727,607.824044,609.860396,611.948835,614.089497,616.283057,618.529001,620.828010,623.179851,625.585206,628.043841,630.556132,633.122382,635.742703,638.417208,641.145970,643.929357,646.767361,649.660418,652.608543,655.612044,658.671033,661.785704,664.956187,668.182815,671.465517,674.804735,678.200693,681.653303,685.162882,688.729549,692.353624,696.035520,699.774512,703.571677,707.426758,711.339794,715.311485,719.341642,723.430611,727.578334,731.785242,736.051410,740.376824,744.761929,749.206692,753.711344,758.276154,762.901258,767.586966,772.333035,777.140020,782.007810,786.936844,791.927046,796.978610,802.091642,807.266508,812.503511,817.802497,823.163523,828.587298,834.073549,839.622537,845.234276,850.909184,856.647183,862.448560,868.313668,874.242374,880.234776,886.291051,892.411615,898.596360,904.845587,911.159167,917.537695,923.981315,930.489666,937.063447,943.702242,950.406474,957.176573,964.012215,970.913785,977.881354,984.915271,992.015155,999.181854,1006.414778,1013.714398,1021.080947,1028.514370,1036.015298,1043.583304,1051.218769,1058.921450,1066.692001,1074.530245,1082.436522,1090.410489,1098.452964,1106.563516,1114.742327,1122.989715,1131.305615,1139.690531,1148.144073,1156.666865,1165.258595,1173.919813,1182.650258,1191.450206,1200.319623,1209.258789,1218.267680,1227.346459,1236.495264,1245.714234,1255.003317,1264.363398,1273.793311,1283.293892,1292.865121,1302.507105,1312.220111,1322.003897
2006.784305,2000.225698,1993.671839,1987.122884,1980.578353,1974.038476,1967.503437,1960.973930,1954.449381,1947.929749,1941.415024,1934.904944,1928.400836,1921.902057,1915.408467,1908.920429,1902.437800,1895.960572,1889.488950,1883.022866,1876.562380,1870.107466,1863.658484,1857.215283,1850.777948,1844.346367,1837.920635,1831.500995,1825.087624,1818.680176,1812.278937,1805.884112,1799.495586,1793.113332,1786.737578,1780.367807,1774.004772,1767.648616,1761.298974,1754.956009,1748.619981,1742.290749,1735.968429,1729.652930,1723.344354,1717.042867,1710.748386,1704.461181,1698.181502,1691.908866,1685.643763,1679.385703,1673.135704,1666.892970,1660.658128,1654.431000,1648.211651,1642.000177,1635.796590,1629.600147,1623.412419,1617.232961,1611.061593,1604.898321,1598.743100,1592.596809,1586.458798,1580.329287,1574.208315,1568.096003,1561.992224,1555.897378,1549.811579,1543.734569,1537.666432,1531.607540,1525.557741,1519.517140,1513.485821,1507.463802,1501.450855,1495.448148,1489.454998,1483.471391,1477.497524,1471.533487,1465.579002,1459.634975,1453.700699,1447.776612,1441.862909,1435.959263,1430.065868,1424.182827,1418.310460,1412.448971,1406.597879,1400.757679,1394.928387,1389.109919,1383.302598,1377.506079,1371.721015,1365.947318,1360.184998,1354.433881,1348.694397,1342.966714,1337.250139,1331.545909,1325.852926,1320.172207,1314.503136,1308.846813,1303.202554,1297.570708,1291.950936,1286.343702,1280.749113,1275.167047,1269.597969,1264.041352,1258.498044,1252.967626,1247.450047,1241.946129,1236.454986,1230.977573,1225.513953,1220.063708,1214.626884,1209.204015,1203.794686,1198.399411,1193.018609,1187.651814,1182.299286,1176.960981,1171.637009,1166.327956,1161.033511,1155.753717,1150.488715,1145.238615,1140.003777,1134.784218,1129.579895,1124.390952,1119.217427,1114.059335,1108.917086,1103.790802,1098.680382,1093.585684,1088.507357,1083.445333,1078.399298,1073.370003,1068.357284,1063.361295,1058.381850,1053.419272,1048.473825,1043.545452,1038.634260,1033.740410,1028.863953,1024.005172,1019.164003,1014.340886,1009.535384,1004.747732,999.978299,995.226949,990.494059,985.780042,981.084484,976.407492,971.749270,967.110287,962.490267,957.889696,953.308271,948.746442,944.204174,939.681510,935.178500,930.695453,926.232503,921.789872,917.367326,912.965506,908.583642,904.222184,899.882420,895.563434,891.265850,886.989389,882.733826,878.499576,874.287287,870.096964,865.928125,861.780427,857.647561,853.554112,849.475139,845.416521,841.383952,837.369614,833.384713,829.419508,825.478220,821.559926,817.665080,813.793413,809.945550,806.122474,802.317680,798.547330,794.797046,791.069939,787.368560,783.692179,780.040357,776.385345,772.811595,769.235468,765.682319,762.157027,758.659213,755.186181,751.726061,748.318692,744.917765,741.552322,738.213993,734.896868,731.610457,728.350481,725.118580,721.905285,718.735938,715.587398,712.460237,709.367089,706.306459,703.270018,700.261086,697.272969,694.331097,691.410638,688.516017,685.655427,682.820907,680.017773,677.244910,674.501633,671.786183,669.103099,666.450877,663.828671,661.238042,658.679139,656.149555,653.651451,651.185337,648.751026,646.348278,643.977711,641.638518,639.332746,637.058614,634.816923,632.607983,630.432310,628.290600,626.181411,624.106274,622.064830,620.057237,618.084129,616.144933,614.240462,612.369834,610.535132,608.734576,606.968844,605.238639,603.544196,601.885478,600.262085,598.674786,597.123722,595.608936,594.130646,592.689675,591.284853,589.917762,588.587587,587.295028,586.040262,584.822938,583.644201,582.503258,581.400613,580.336836,579.311607,578.324861,577.377790,576.469264,575.600792,574.772201,573.983355,573.234400,572.525938,571.857888,571.230134,570.643218,570.097065,569.592220,569.128796,568.706833,568.326450,567.988221,567.692006,567.437866,567.226410,567.057792,566.931828,566.848830,566.809465,566.813229,566.861013,566.952123,567.087258,567.266314,567.489785,567.757896,568.070691,568.428399,568.831319,569.279420,569.773257,570.312806,570.898116,571.529558,572.207221,572.931641,573.702658,574.520438,575.385351,576.297377,577.256770,578.263807,579.318687,580.421433,581.572243,582.771528,584.019467,585.316117,586.661743,588.056362,589.500720,590.994476,592.537876,594.131123,595.774328,597.467934,599.211927,601.006586,602.852066,604.748708,606.696584,608.695868,610.746669,612.849269,615.003780,617.210817,619.469954,621.781668,624.146083,626.563313,629.033678,631.557356,634.134614,636.765591,639.450398,642.189130,644.981967,647.829308,650.731227,653.687937,656.699618,659.766389,662.888611,666.066173,669.299564,672.588674,675.933947,679.335606,682.793564,686.308157,689.879467,693.507803,697.193631,700.936201,704.736591,708.594534,712.510098,716.483954,720.515987,724.606352,728.755350,732.962927,737.229407,741.554880,745.939706,750.383793,754.887441,759.450896,764.074219,768.757948,773.501611,778.305840,783.170547,788.096184,793.082583,798.129948,803.238453,808.408468,813.640347,818.933720,824.288859,829.706401,835.186072,840.728136,846.332605,851.999878,857.729941,863.523061,869.379483,875.299203,881.282277,887.328942,893.439439,899.613835,905.852373,912.154900,918.522086,924.954002,931.450488,938.011714,944.637769,951.328978,958.085693,964.907617,971.795193,978.748434,985.767521,992.852436,1000.003676,1007.220890,1014.504574,1021.854653,1029.271382,1036.755289,1044.305946,1051.923737,1059.608420,1067.360647,1075.180245,1083.067553,1091.022229,1099.045093,1107.135712,1115.294273,1123.521090,1131.816103,1140.179815,1148.611836,1157.112793,1165.682471,1174.321127,1183.028797,1191.805683,1200.651676,1209.567133,1218.552006,1227.606460,1236.730632,1245.924663,1255.188502,1264.523033,1273.927094,1283.401519,1292.946292,1302.561519,1312.247467,1322.003897
1984.918859,1978.446291,1971.978302,1965.514924,1959.055967,1952.602299,1946.152964,1939.709111,1933.269976,1926.835781,1920.406213,1913.982279,1907.563571,1901.150093,1894.741961,1888.339191,1881.941810,1875.549766,1869.163279,1862.782222,1856.406599,1850.036895,1843.672842,1837.314530,1830.962015,1824.615030,1818.274183,1811.939310,1805.610437,1799.287549,1792.970794,1786.660404,1780.356256,1774.058375,1767.766753,1761.481260,1755.202485,1748.930156,1742.664428,1736.405565,1730.153508,1723.908039,1717.669360,1711.437559,1705.212852,1698.994772,1692.783696,1686.580206,1680.383622,1674.194441,1668.012602,1661.837923,1655.670908,1649.511131,1643.359313,1637.215116,1631.078581,1624.949807,1618.828456,1612.715092,1606.610027,1600.512727,1594.423808,1588.342470,1582.269741,1576.205419,1570.149710,1564.102159,1558.063027,1552.032388,1546.010531,1539.997331,1533.992951,1527.997566,1522.010710,1516.033080,1510.064552,1504.104925,1498.154940,1492.213770,1486.281832,1480.359899,1474.447425,1468.544354,1462.651070,1456.767338,1450.893309,1445.029335,1439.175299,1433.331312,1427.497254,1421.673664,1415.859856,1410.056713,1404.263932,1398.481562,1392.709948,1386.949088,1381.198975,1375.459524,1369.731173,1364.013804,1358.307233,1352.612159,1346.928128,1341.255546,1335.594416,1329.944639,1324.306603,1318.679856,1313.064993,1307.461733,1301.870675,1296.291802,1290.725033,1285.170245,1279.627683,1274.097706,1268.579951,1263.074803,1257.582265,1252.102369,1246.635375,1241.181292,1235.740067,1230.311949,1224.897055,1219.495424,1214.107504,1208.732768,1203.371371,1198.023727,1192.689469,1187.369625,1182.063726,1176.771876,1171.493847,1166.229842,1160.980479,1155.745675,1150.525339,1145.319519,1140.128351,1134.951943,1129.790656,1124.644506,1119.513272,1114.397463,1109.296981,1104.211874,1099.142309,1094.088483,1089.050478,1084.027877,1079.021778,1074.031641,1069.057441,1064.099775,1059.158556,1054.233802,1049.325582,1044.434011,1039.559414,1034.701743,1029.861068,1025.037558,1020.231335,1015.442534,1010.671513,1005.917910,1001.103967,996.463668,991.763463,987.081062,982.417144,977.771828,973.144717,968.536169,963.946130,959.374992,954.823074,950.290055,945.776078,941.281576,936.806391,932.350461,927.914366,923.497611,919.101468,914.724875,910.368427,906.031829,901.715431,897.420361,893.145496,888.891729,884.659098,880.446906,876.255920,872.086005,867.938070,863.811212,859.705672,855.613043,851.561049,847.522540,843.504342,839.512286,835.542297,831.591852,827.665340,823.762810,819.881431,816.025949,812.191856,808.376474,804.594989,800.826585,797.091917,793.376045,789.686728,786.019865,782.378047,778.760260,775.167632,771.598306,768.056391,764.538198,761.050310,757.575845,754.134359,750.711247,747.331299,743.967299,740.625188,737.314276,734.029015,730.771295,727.540842,724.336292,721.159050,718.014524,714.887092,711.792412,708.716875,705.684180,702.674307,699.692144,696.737793,693.806720,690.912703,688.043115,685.203433,682.392238,679.612329,676.860735,674.138382,671.445558,668.781964,666.147910,663.547020,660.974622,658.434164,655.924489,653.443637,650.995582,648.578046,646.191819,643.837276,641.514257,639.223164,636.964633,634.737355,632.542318,630.380380,628.251211,626.155360,624.091927,622.062071,620.065885,618.103177,616.174799,614.279978,612.419146,610.592571,608.801344,607.043883,605.321004,603.633352,601.981612,600.364351,598.782871,597.237004,595.727161,594.253135,592.815457,591.414495,590.049933,588.722071,587.431548,586.178085,584.961905,583.783204,582.642555,581.539445,580.474332,579.447729,578.459355,577.509399,576.598423,575.725949,574.893211,574.100041,573.346051,572.631827,571.958024,571.323955,570.729962,570.176547,569.663463,569.191506,568.760655,568.370870,568.022364,567.715778,567.450659,567.227583,567.046645,566.908257,566.812197,566.759006,566.748641,566.781566,566.857939,566.977331,567.140355,567.347133,567.597820,567.892902,568.232331,568.616413,569.045364,569.519058,570.038255,570.602781,571.212795,571.868481,572.570114,573.318165,574.112595,574.953268,575.840841,576.775170,577.756373,578.785087,579.861128,580.984800,582.156182,583.375696,584.643472,585.959677,587.324652,588.738011,590.200964,591.712779,593.274021,594.884709,596.545196,598.255421,600.015929,601.826633,603.687891,605.599881,607.562804,609.576783,611.641956,613.758562,615.926895,618.147021,620.419106,622.743402,625.120011,627.549155,630.031124,632.565998,635.154210,637.795679,640.490497,643.239050,646.041328,648.897771,651.808444,654.773513,657.793208,660.867709,663.997213,667.181801,670.421682,673.717178,677.068527,680.475604,683.938827,687.458243,691.034048,694.666569,698.356178,702.102386,705.905725,709.766464,713.684466,717.660331,721.694163,725.785829,729.935784,734.144012,738.410796,742.736278,747.120662,751.563990,756.066528,760.628551,765.250223,769.931665,774.672960,779.474227,784.335747,789.257849,794.240366,799.283503,804.387402,809.552526,814.779139,820.066900,825.416081,830.827349,836.300481,841.835424,847.432623,853.092158,858.814205,864.598965,870.446687,876.357354,882.331058,888.368001,894.468438,900.632434,906.860171,913.151819,919.507532,925.927661,932.412115,938.960834,945.574133,952.252253,958.995545,965.803807,972.677201,979.616023,986.620359,993.690261,1000.826022,1008.027516,1015.295114,1022.628797,1030.028804,1037.495662,1045.028965,1052.629038,1060.295699,1068.029581,1075.830511,1083.698831,1091.634196,1099.637430,1107.708100,1115.846392,1124.052624,1132.326734,1140.669227,1149.079715,1157.558823,1166.106340,1174.722522,1183.407405,1192.161194,1200.983780,1209.875521,1218.836369,1227.866491,1236.966024,1246.135111,1255.373700,1264.682679,1274.060884,1283.509151,1293.027465,1302.615933,1312.274823,1322.003897
1963.311822,1956.924028,1950.541044,1944.162011,1937.788171,1931.418886,1925.054731,1918.695334,1912.341003,1905.991058,1899.646289,1893.306867,1886.972383,1880.643443,1874.319667,1868.001213,1861.687985,1855.380212,1849.077825,1842.780674,1836.489338,1830.203570,1823.923495,1817.649084,1811.380073,1805.117104,1798.860078,1792.608959,1786.363627,1780.124131,1773.891068,1767.664133,1761.443353,1755.228770,1749.020230,1742.818376,1736.622499,1730.433291,1724.250709,1718.074857,1711.905600,1705.742958,1699.587242,1693.438099,1687.295901,1681.160409,1675.032149,1668.910862,1662.796840,1656.690031,1650.590577,1644.498108,1638.413188,1632.335515,1626.265687,1620.203452,1614.148778,1608.101366,1602.062179,1596.030446,1590.006869,1583.991148,1577.983299,1571.983649,1565.992117,1560.009085,1554.034326,1548.067985,1542.109603,1536.160029,1530.218968,1524.286341,1518.362739,1512.447791,1506.541459,1500.644158,1494.756057,1488.876639,1483.006428,1477.145671,1471.293777,1465.451610,1459.618842,1453.795620,1447.981750,1442.177483,1436.383130,1430.598250,1424.823498,1419.058427,1413.303518,1407.558783,1401.824093,1396.099759,1390.385265,1384.681770,1378.988512,1373.306042,1367.634157,1361.972905,1356.322690,1350.683328,1345.054527,1339.437100,1333.830803,1328.235697,1322.651756,1317.079482,1311.518392,1305.968788,1300.430785,1294.904825,1289.390574,1283.888348,1278.397891,1272.919568,1267.453575,1261.999636,1256.557900,1251.128741,1245.712230,1240.307854,1234.916451,1229.538025,1224.171880,1218.819287,1213.479466,1208.152823,1202.839703,1197.539496,1192.252821,1186.979729,1181.719992,1176.474374,1171.242572,1166.024687,1160.820492,1155.630099,1150.454369,1145.292939,1140.145909,1135.013336,1129.895181,1124.791626,1119.703116,1114.629571,1109.570803,1104.527359,1099.498991,1094.485943,1089.488269,1084.506189,1079.539782,1074.588637,1069.653835,1064.734718,1059.831656,1054.944843,1050.074342,1045.220115,1040.382252,1035.560853,1030.756366,1025.968520,1021.197784,1016.443882,1011.707094,1006.987556,1002.285696,997.600969,992.933793,988.284070,983.652513,979.038465,974.442631,969.865279,965.305748,960.765060,956.242366,951.738571,947.253705,942.787565,938.340481,933.912556,929.503726,925.114057,920.743952,916.393141,912.062454,907.751399,903.460304,899.188946,894.937433,890.706942,886.496927,882.307627,878.138666,873.990828,869.863334,865.757334,861.672437,857.561959,853.557776,849.545503,845.547784,841.569507,837.617457,833.687924,829.775970,825.888059,822.024166,818.181001,814.363098,810.567180,806.783143,803.043776,799.311825,795.607660,791.932918,788.279230,784.647293,781.040131,777.454238,773.897769,770.363196,766.860287,763.368714,759.908426,756.472233,753.060079,749.677912,746.302142,742.986217,739.678716,736.396120,733.140173,729.907544,726.706930,723.531171,720.382393,717.258948,714.164677,711.097045,708.056438,705.042810,702.048550,699.099060,696.167889,693.256877,690.392959,687.547909,684.727523,681.942136,679.185007,676.453290,673.752628,671.081231,668.439729,665.825832,663.243516,660.691090,658.168741,655.677811,653.215419,650.784498,648.384999,646.015795,643.676730,641.370611,639.094733,636.851011,634.639340,632.459127,630.310188,628.194310,626.111167,624.060297,622.042493,620.057702,618.106052,616.188034,614.303628,612.452636,610.635289,608.852373,607.104127,605.388946,603.708843,602.063328,600.453491,598.877923,597.337621,595.832789,594.363602,592.930034,591.532632,590.171236,588.846424,587.557810,586.306260,585.091305,583.913536,582.772940,581.670007,580.604394,579.576465,578.586635,577.634549,576.721087,575.845668,575.009205,574.211854,573.453591,572.734361,572.054543,571.414920,570.814351,570.253896,569.733411,569.253368,568.813914,568.415184,568.057292,567.740398,567.465014,567.230775,567.038293,566.887815,566.779240,566.712749,566.688968,566.707564,566.769346,566.873795,567.021131,567.211901,567.445935,567.723791,568.045518,568.411334,568.821435,569.275947,569.775087,570.319403,570.908641,571.542973,572.222729,572.948130,573.719536,574.537006,575.400387,576.310349,577.266649,578.269588,579.319750,580.416706,581.561042,582.752857,583.992333,585.279817,586.615329,587.999223,589.431519,590.912555,592.442274,594.021094,595.649054,597.326447,599.053235,600.829991,602.656584,604.533386,606.460623,608.438355,610.466837,612.546170,614.676589,616.858398,619.091601,621.376493,623.713222,626.101940,628.542834,631.036166,633.582097,636.180947,638.832733,641.537537,644.295728,647.107295,649.972677,652.891951,655.865237,658.892834,661.974876,665.111495,668.303014,671.549373,674.851012,678.208153,681.620721,685.088988,688.613146,692.193465,695.829909,699.523203,703.272846,707.079099,710.942483,714.862843,718.840593,722.876024,726.968938,731.119793,735.328556,739.595592,743.920896,748.304788,752.747274,757.248623,761.809203,766.428960,771.108112,775.846830,780.645174,785.503609,790.421912,795.400399,800.439066,805.538550,810.698679,815.919953,821.202032,826.545257,831.950073,837.416508,842.944397,848.534201,854.186016,859.900019,865.676313,871.515277,877.416898,883.381117,889.408285,895.498571,901.652156,907.869118,914.149612,920.493978,926.902222,933.374548,939.910804,946.511307,953.176418,959.906129,966.700597,973.559868,980.484234,987.473787,994.528745,1001.648893,1008.834617,1016.086117,1023.403377,1030.786634,1038.236512,1045.752323,1053.334674,1060.983288,1068.698803,1076.481044,1084.330354,1092.246389,1100.229975,1108.280677,1116.398685,1124.584315,1132.837508,1141.158768,1149.547708,1158.004956,1166.530359,1175.124091,1183.786083,1192.516766,1201.315935,1210.183952,1219.120768,1228.126551,1237.201440,1246.345577,1255.558913,1264.842335,1274.194681,1283.616788,1293.108641,1302.670349,1312.302180,1322.003897
1941.960060,1935.656174,1929.356351,1923.061873,1916.771327,1910.486143,1904.205819,1897.930085,1891.659090,1885.392566,1879.131773,1872.875619,1866.624799,1860.379218,1854.138903,1847.903588,1841.673709,1835.449105,1829.229637,1823.015884,1816.807612,1810.604909,1804.407712,1798.215925,1792.030029,1785.849949,1779.675681,1773.507268,1767.344596,1761.187693,1755.037174,1748.892698,1742.754381,1736.621900,1730.496011,1724.376236,1718.262780,1712.155616,1706.055146,1699.961199,1693.873821,1687.793301,1681.719206,1675.651828,1669.591330,1663.537900,1657.491185,1651.451349,1645.418690,1639.393386,1633.375264,1627.364138,1621.360430,1615.363794,1609.375035,1603.393793,1597.420003,1591.453488,1585.495082,1579.543979,1573.601124,1567.665799,1561.738539,1555.819295,1549.908203,1544.005424,1538.110853,1532.224475,1526.346276,1520.476661,1514.615246,1508.762650,1502.918652,1497.083292,1491.256678,1485.438850,1479.630136,1473.829628,1468.038941,1462.257416,1456.484573,1450.721304,1444.967476,1439.222897,1433.487869,1427.762128,1422.046270,1416.339895,1410.643160,1404.956750,1399.279700,1393.613253,1387.956498,1382.309747,1376.673342,1371.047234,1365.431770,1359.826747,1354.232283,1348.648420,1343.075338,1337.513052,1331.961131,1326.420705,1320.891092,1315.372411,1309.865320,1304.369132,1298.884694,1293.410998,1287.949508,1282.499433,1277.061295,1271.634589,1266.219852,1260.817273,1255.426664,1250.048076,1244.681469,1239.327640,1233.985849,1228.656482,1223.340017,1218.035958,1212.744847,1207.466259,1202.200927,1196.948311,1191.709211,1186.482837,1181.270019,1176.070763,1170.884522,1165.712345,1160.553824,1155.408995,1150.277911,1145.160332,1140.057449,1134.968702,1129.894108,1124.833803,1119.787963,1114.756496,1109.739869,1104.738099,1099.751108,1094.779196,1089.822078,1084.880422,1079.953802,1075.042726,1070.147152,1065.266826,1060.402406,1055.553511,1050.720817,1045.904110,1041.103483,1036.318975,1031.550864,1026.798943,1022.063792,1017.345102,1012.643378,1007.958232,1003.290242,998.639244,994.005835,989.389219,984.790161,980.208316,975.644213,971.097880,966.569581,962.059389,957.567027,953.093215,948.637089,944.200125,939.781527,935.381618,931.000577,926.638485,922.295076,917.971156,913.665982,909.380825,905.115013,900.868787,896.641783,892.434564,888.248146,884.081611,879.935553,875.809778,871.704601,867.619674,863.555440,859.512302,855.490237,851.480112,847.508206,843.550728,839.612835,835.700761,831.810646,827.937812,824.089304,820.262903,816.457745,812.677849,808.918922,805.177059,801.469519,797.773949,794.111979,790.468728,786.848338,783.247541,779.678778,776.130161,772.604891,769.103526,765.627816,762.175251,758.744382,755.343943,751.940066,748.612547,745.283654,741.982572,738.705516,735.451995,732.225672,729.023081,725.849489,722.702624,719.581606,716.483077,713.418644,710.377609,707.359241,704.375993,701.415401,698.482679,695.578136,692.701382,689.846376,687.028854,684.235466,681.469613,678.735175,676.025968,673.345946,670.696275,668.074666,665.481609,662.918575,660.386638,657.883289,655.410298,652.967933,650.554633,648.171548,645.820149,643.498327,641.207120,638.947838,636.719134,634.522069,632.356771,630.222312,628.119517,626.049411,624.011582,622.005799,620.032864,618.092729,616.185092,614.311367,612.470390,610.662936,608.888644,607.148849,605.442801,603.770270,602.131949,600.528368,598.960016,597.425442,595.926213,594.461800,593.032818,591.639295,590.281814,588.959817,587.674041,586.424398,585.211321,584.034974,582.894837,581.792114,580.726320,579.697728,578.706759,577.753278,576.837506,575.959881,575.119892,574.318769,573.556407,572.832685,572.147907,571.502235,570.896213,570.329078,569.801565,569.314047,568.866483,568.459182,568.092280,567.765888,567.480312,567.235833,567.032253,566.870006,566.749389,566.670548,566.633408,566.638707,566.685949,566.775995,566.908516,567.083483,567.301729,567.562857,567.867427,568.215466,568.607534,569.043338,569.523267,570.047530,570.616689,571.230270,571.888758,572.592299,573.341267,574.135737,574.975946,575.861887,576.793849,577.771922,578.796436,579.867622,580.985376,582.149992,583.362085,584.621362,585.928254,587.282885,588.685471,590.136233,591.635373,593.182821,594.779097,596.424049,598.118105,599.861365,601.654117,603.496366,605.388551,607.330848,609.323196,611.365993,613.459302,615.603254,617.798523,620.044611,622.342150,624.691109,627.091692,629.544125,632.048675,634.605496,637.214870,639.876833,642.591466,645.359139,648.179844,651.054016,653.981732,656.963112,659.998457,663.087937,666.231570,669.429794,672.682510,675.990158,679.352961,682.770843,686.244090,689.772853,693.357442,696.998227,700.694674,704.447552,708.256826,712.122478,716.045207,720.024736,724.061658,728.155709,732.307369,736.516708,740.783722,745.108784,749.492087,753.933638,758.433713,762.992660,767.610529,772.287281,777.023382,781.818675,786.673732,791.588369,796.562817,801.597102,806.691860,811.847094,817.062786,822.339111,827.676238,833.074694,838.534281,844.055053,849.637400,855.281506,860.987284,866.755116,872.585277,878.477721,884.432450,890.449914,896.529914,902.673000,908.879127,915.148451,921.481312,927.877719,934.337872,940.861624,947.449290,954.101231,960.817443,967.598081,974.443191,981.353190,988.327802,995.367614,1002.472320,1009.642212,1016.877586,1024.178393,1031.544873,1038.977650,1046.476038,1054.040641,1061.671188,1069.368313,1077.131843,1084.962123,1092.859023,1100.822727,1108.853445,1116.951151,1125.116164,1133.348424,1141.648437,1150.015817,1158.451192,1166.954410,1175.525645,1184.164830,1192.872397,1201.648143,1210.492427,1219.405204,1228.386642,1237.436880,1246.556063,1255.744140,1265.002002,1274.328485,1283.724430,1293.189820,1302.724765,1312.329537,1322.003897
1920.860620,1914.639540,1908.422731,1902.210498,1896.003370,1889.800954,1883.603039,1877.410031,1871.221214,1865.038047,1858.859811,1852.686306,1846.517787,1840.354678,1834.196586,1828.043827,1821.896117,1815.753752,1809.616538,1803.484933,1797.358761,1791.238079,1785.122825,1779.012966,1772.909093,1766.810877,1760.718397,1754.631566,1748.550759,1742.475672,1736.406541,1730.343631,1724.286447,1718.235743,1712.191225,1706.152713,1700.120387,1694.094607,1688.075276,1682.062418,1676.056066,1670.056211,1664.063298,1658.076521,1652.096994,1646.124367,1640.158038,1634.198921,1628.246945,1622.302107,1616.364387,1610.433532,1604.510158,1598.593725,1592.685093,1586.783821,1580.889788,1575.003589,1569.124925,1563.253709,1557.390440,1551.534821,1545.687194,1539.847465,1534.015848,1528.192358,1522.377013,1516.569734,1510.770836,1504.980104,1499.197804,1493.423987,1487.658914,1481.902288,1476.154213,1470.415172,1464.684321,1458.962690,1453.250388,1447.546895,1441.852443,1436.167114,1430.491238,1424.824692,1419.167353,1413.519392,1407.881162,1402.252263,1396.633089,1391.023656,1385.424302,1379.835007,1374.255162,1368.685334,1363.125788,1357.576732,1352.037943,1346.509594,1340.991545,1335.484258,1329.987464,1324.501187,1319.025962,1313.561122,1308.107182,1302.664601,1297.232849,1291.812503,1286.403248,1281.005486,1275.619179,1270.244289,1264.880994,1259.529257,1254.189575,1248.861631,1243.545747,1238.241549,1232.949457,1227.669778,1222.402138,1217.147109,1211.904193,1206.674244,1201.456779,1196.251756,1191.059852,1185.880561,1180.714600,1175.561393,1170.421703,1165.295063,1160.181799,1155.082224,1149.996178,1144.923698,1139.864752,1134.819351,1129.788429,1124.771495,1119.768654,1114.779882,1109.805474,1104.845307,1099.899843,1094.968928,1090.052837,1085.151609,1080.265340,1075.394210,1070.537847,1065.696987,1060.871480,1056.061042,1051.266274,1046.487107,1041.723882,1036.976701,1032.245046,1027.529565,1022.830331,1018.147086,1013.480560,1008.830292,1004.196684,999.579742,994.979710,990.396573,985.830684,981.281615,976.802337,972.235272,967.738174,963.258587,958.797063,954.353123,949.927399,945.519661,941.129629,936.758446,932.405629,928.071202,923.755507,919.458535,915.180171,910.921069,906.680556,902.459699,898.258154,894.076108,889.913011,885.769496,881.646795,877.543669,873.460721,869.398001,865.355451,861.333109,857.331691,853.350711,849.390039,845.449798,841.532609,837.634412,833.762200,829.911408,826.017786,822.267963,818.479775,814.626056,810.970095,807.248770,803.549573,799.873425,796.213504,792.587871,788.979887,785.395017,781.832775,778.294814,774.780143,771.300371,767.817976,764.377662,760.958707,757.561534,754.192375,750.845156,747.522479,744.219974,740.955371,737.707605,734.486084,731.286975,728.108395,724.970496,721.851151,718.745343,715.689799,712.649520,709.636067,706.648455,703.687349,700.753507,697.843434,694.965298,692.111061,689.276141,686.488507,683.718753,680.973271,678.260636,675.576696,672.918579,670.289567,667.689488,665.118278,662.574812,660.060527,657.577865,655.122796,652.699071,650.305253,647.939269,645.603745,643.299567,641.025440,638.781424,636.569093,634.386709,632.236111,630.116343,628.027396,625.970292,623.945147,621.952550,619.991229,618.062476,616.166638,614.303017,612.472672,610.674980,608.910628,607.179079,605.481674,603.817681,602.186981,600.590299,599.028212,597.500410,596.006922,594.548003,593.123907,591.734750,590.381164,589.062842,587.779837,586.532842,585.321753,584.146726,583.008193,581.905768,580.840419,579.811457,578.819566,577.865036,576.947606,576.067524,575.225512,574.420723,573.654617,572.926843,572.237358,571.586485,570.974797,570.402015,569.867899,569.373147,568.918105,568.502668,568.127309,567.791916,567.496654,567.242103,567.028038,566.854752,566.722617,566.631732,566.582083,566.573996,566.607901,566.683796,566.801840,566.961964,567.164602,567.409688,567.697593,568.028688,568.402862,568.820655,569.282019,569.787084,570.336429,570.929925,571.567730,572.250026,572.977021,573.749265,574.566743,575.429345,576.337566,577.291409,578.290961,579.336772,580.428727,581.567070,582.751974,583.983790,585.262667,586.588767,587.962434,589.383278,590.852490,592.369420,593.934492,595.547827,597.209788,598.920236,600.679714,602.488211,604.346046,606.253396,608.210462,610.217365,612.274216,614.381353,616.538720,618.747099,621.006005,623.315916,625.676956,628.089236,630.553080,633.068659,635.636244,638.255971,640.927923,643.652282,646.429141,649.258987,652.141765,655.077714,658.067107,661.110056,664.206796,667.357339,670.562135,673.821075,677.134599,680.502935,683.925994,687.404091,690.937374,694.526087,698.170720,701.870522,705.626571,709.438612,713.306684,717.231490,721.212840,725.251081,729.346159,733.498502,737.708191,741.975210,746.300008,750.682551,755.123075,759.621847,764.179008,768.794817,773.469167,778.202522,782.994763,787.846351,792.757213,797.727545,802.757456,807.847313,812.997422,818.207632,823.478132,828.809245,834.201041,839.653798,845.167388,850.742282,856.378376,862.076045,867.835343,873.656779,879.539870,885.485056,891.492641,897.562427,903.695093,909.890170,916.148305,922.469625,928.854148,935.302087,941.813291,948.388146,955.026813,961.729583,968.496287,975.327170,982.222646,989.182405,996.207038,1003.296239,1010.450299,1017.669517,1024.953844,1032.303588,1039.719171,1047.200109,1054.746950,1062.359372,1070.038109,1077.782908,1085.594138,1093.471669,1101.415688,1109.426403,1117.503791,1125.648170,1133.859483,1142.138235,1150.484141,1158.897530,1167.378551,1175.927279,1184.543648,1193.228090,1201.980401,1210.800945,1219.689676,1228.646762,1237.672344,1246.766567,1255.929382,1265.161679,1274.462297,1283.832075,1293.271001,1302.779183,1312.356894,1322.003897
1900.010478,1893.871029,1887.736123,1881.606252,1875.480857,1869.360168,1863.243929,1857.132183,1851.025802,1844.924275,1838.827460,1832.735691,1826.648680,1820.566928,1814.490381,1808.418890,1802.352640,1796.291330,1790.235585,1784.185176,1778.140154,1772.100434,1766.066125,1760.037526,1754.014570,1747.997298,1741.985521,1735.979650,1729.979596,1723.985182,1717.996808,1712.014069,1706.037777,1700.067562,1694.103348,1688.145216,1682.193322,1676.247936,1670.308713,1664.375988,1658.449526,1652.529931,1646.616409,1640.710115,1634.810468,1628.917284,1623.031049,1617.151602,1611.279234,1605.413942,1599.555638,1593.704266,1587.860244,1582.023203,1576.193686,1570.371223,1564.556593,1558.749399,1552.949729,1547.157226,1541.372756,1535.596058,1529.827017,1524.065969,1518.312874,1512.567785,1506.830681,1501.101889,1495.381077,1489.668639,1483.964414,1478.268596,1472.581282,1466.902546,1461.232348,1455.570595,1449.917760,1444.273636,1438.638781,1433.012524,1427.395458,1421.787143,1416.188549,1410.598942,1405.018612,1399.447459,1393.885897,1388.333603,1382.790918,1377.258210,1371.735309,1366.221963,1360.718733,1355.224721,1349.741461,1344.268341,1338.805415,1333.352802,1327.910487,1322.478757,1317.057326,1311.646560,1306.246468,1300.856588,1295.478003,1290.110022,1284.753367,1279.407520,1274.073192,1268.750146,1263.438086,1258.137465,1252.848348,1247.571027,1242.305261,1237.051325,1231.809103,1226.578673,1221.360071,1216.153833,1210.959722,1205.777703,1200.608168,1195.451150,1190.306572,1185.174260,1180.054991,1174.948153,1169.854674,1164.773922,1159.706407,1154.651631,1149.610487,1144.582717,1139.568351,1134.567427,1129.579686,1124.605789,1119.645984,1114.700103,1109.768263,1104.850265,1099.946541,1095.056865,1090.181788,1085.321128,1080.475155,1075.643887,1070.827486,1066.026062,1061.239269,1056.467839,1051.711619,1046.970329,1042.244276,1037.534239,1032.839755,1028.161138,1023.497944,1018.850685,1014.219516,1009.604334,1005.005642,1000.423079,995.856904,991.307440,986.774599,982.258569,977.813903,973.277290,968.811904,964.363905,959.933016,955.519729,951.124094,946.746007,942.385949,938.043525,933.719078,929.412917,925.125016,920.855477,916.604389,912.371619,908.157864,903.962474,899.786342,895.629029,891.491188,887.371998,883.272010,879.192498,875.132337,871.092151,867.071745,863.071242,859.090538,855.130492,851.190721,847.271000,843.372079,839.493691,835.635307,831.802472,827.988714,824.196138,820.425113,816.674974,812.947299,809.191325,805.556878,801.894513,798.254597,794.636929,791.041526,787.468586,783.919548,780.392072,776.888010,773.407996,769.950323,766.516353,763.104704,759.719213,756.356948,753.018086,749.697369,746.411855,743.146235,739.905131,736.688502,733.496527,730.329419,727.199043,724.066327,720.977734,717.912482,714.873191,711.849144,708.871220,705.910575,702.975611,700.060783,697.184769,694.329571,691.501542,688.701695,685.922205,683.177427,680.460269,677.768202,675.105420,672.468105,669.862411,667.283268,664.733264,662.211008,659.716142,657.251448,654.817045,652.410537,650.034559,647.688255,645.369231,643.081789,640.824829,638.596888,636.399751,634.233315,632.097115,629.992360,627.917966,625.874209,623.862279,621.881820,619.933476,618.016225,616.131693,614.279255,612.459284,610.671869,608.917211,607.195140,605.506068,603.850865,602.228338,600.639020,599.083619,597.562759,596.075229,594.622035,593.203188,591.818832,590.469249,589.154847,587.875581,586.631194,585.422442,584.249487,583.112236,582.011197,580.946029,579.917494,578.925324,577.969796,577.051072,576.169368,575.324957,574.517811,573.748037,573.016559,572.323063,571.667432,571.050258,570.472124,569.931936,569.430732,568.968435,568.545403,568.161899,567.818038,567.513842,567.249496,567.025663,566.841798,566.698476,566.596083,566.534409,566.513799,566.534594,566.596774,566.700847,566.846682,567.034120,567.263842,567.535696,567.850128,568.207380,568.607476,569.050814,569.537450,570.067374,570.641374,571.259017,571.920800,572.626642,573.377011,574.172251,575.012345,575.897191,576.827426,577.802818,578.823663,579.890491,581.003045,582.161677,583.366611,584.618082,585.916283,587.261434,588.653701,590.092868,591.580116,593.114666,594.697061,596.327382,598.005944,599.732801,601.508198,603.332335,605.205472,607.127836,609.099480,611.120671,613.191497,615.312198,617.482899,619.704166,621.975663,624.297809,626.670704,629.094570,631.569697,634.096163,636.674401,639.304225,641.986039,644.719917,647.505954,650.344586,653.235880,656.180002,659.177201,662.227599,665.331451,668.488863,671.700022,674.965050,678.284363,681.658058,685.086222,688.569011,692.106624,695.699385,699.347729,703.050989,706.809891,710.624575,714.495021,718.421739,722.404775,726.444233,730.540397,734.693265,738.903113,743.170047,747.494408,751.876173,756.315575,760.812885,765.368271,769.981954,774.653784,779.384287,784.173356,789.021431,793.928439,798.894577,803.919954,809.004937,814.149903,819.354488,824.618966,829.943978,835.329204,840.775054,846.281399,851.848711,857.476915,863.166300,868.917099,874.729515,880.603392,886.538949,892.536566,898.596106,904.718174,910.902319,917.149250,923.459113,929.831529,936.267272,942.765924,949.327742,955.953161,962.642375,969.395154,976.211893,983.092721,990.037595,997.047017,1004.120681,1011.258880,1018.461912,1025.729731,1033.062643,1040.461199,1047.924537,1055.453583,1063.047890,1070.708221,1078.434506,1086.226398,1094.084541,1102.008856,1109.999551,1118.056604,1126.180334,1134.370836,1142.628161,1150.952480,1159.343970,1167.802876,1176.328993,1184.922535,1193.583842,1202.312712,1211.109508,1219.974185,1228.906912,1237.907832,1246.977090,1256.114638,1265.321366,1274.596115,1283.939726,1293.352184,1302.833602,1312.384251,1322.003897
1879.406731,1873.348583,1867.294652,1861.245713,1855.201149,1849.160972,1843.125216,1837.094867,1831.069350,1825.048340,1819.032356,1813.021185,1807.014758,1801.013533,1795.017429,1789.026361,1783.040289,1777.059590,1771.084162,1765.114012,1759.149215,1753.189400,1747.235427,1741.286984,1735.344000,1729.406499,1723.474851,1717.548866,1711.628593,1705.713983,1699.805091,1693.902263,1688.005589,1682.114808,1676.230001,1670.351537,1664.479087,1658.612941,1652.752960,1646.899382,1641.052438,1635.211602,1629.377387,1623.550095,1617.729122,1611.914966,1606.107578,1600.306996,1594.513409,1588.726618,1582.946943,1577.174082,1571.408580,1565.649850,1559.898234,1554.154435,1548.417994,1542.688924,1536.967340,1531.252609,1525.546176,1519.847310,1514.156129,1508.472772,1502.797261,1497.129657,1491.470166,1485.818508,1480.175167,1474.540169,1468.912915,1463.294255,1457.684028,1452.082196,1446.488773,1440.904124,1435.328101,1429.760616,1424.202159,1418.652311,1413.111714,1407.579999,1402.057274,1396.543998,1391.039587,1385.544657,1380.058797,1374.581985,1369.115485,1363.658372,1358.210834,1352.773105,1347.344842,1341.926499,1336.518378,1331.120417,1325.732544,1320.354833,1314.987328,1309.630206,1304.283511,1298.947213,1293.621308,1288.305917,1283.001227,1277.707715,1272.424826,1267.153283,1261.892797,1256.643411,1251.404832,1246.177738,1240.962228,1235.758111,1230.565641,1225.384653,1220.215545,1215.057721,1209.911994,1204.778578,1199.656725,1194.547412,1189.450165,1184.365344,1179.292785,1174.232265,1169.184841,1164.149900,1159.127990,1154.118949,1149.122816,1144.139305,1139.169301,1134.212549,1129.269096,1124.338866,1119.421991,1114.518461,1109.629052,1104.753440,1099.891606,1095.043755,1090.209914,1085.389925,1080.584434,1075.793364,1071.016746,1066.254699,1061.507384,1056.774858,1052.056920,1047.354177,1042.666494,1037.993601,1033.335809,1028.693887,1024.067377,1019.456408,1014.860966,1010.281369,1005.717597,1001.169682,996.638077,992.122468,987.623098,983.140230,978.730021,974.224283,969.791374,965.375192,960.975740,956.593465,952.228164,947.880295,943.549697,939.236953,934.941786,930.664153,926.404261,922.162586,917.939002,913.733589,909.562007,905.377422,901.227222,897.095412,892.982338,888.888165,884.813199,880.756765,876.719559,872.702460,868.704660,864.556460,860.767643,856.829017,852.909635,849.006858,845.132140,841.269040,837.434719,833.615823,829.822378,826.047525,822.293536,818.560992,814.849092,811.159324,807.490966,803.855381,800.217906,796.614369,793.032980,789.473635,785.935744,782.421947,778.929701,775.459958,772.013575,768.590104,765.189737,761.810083,758.458285,755.128053,751.821813,748.538096,745.278491,742.044345,738.811388,735.647214,732.484336,729.346550,726.234341,723.145468,720.081017,717.044674,714.033019,711.045910,708.085807,705.151344,702.243243,699.351631,696.504094,693.673982,690.870529,688.093047,685.332537,682.620277,679.924341,677.256189,674.613613,672.000419,669.414477,666.857587,664.327433,661.824506,659.350887,656.905755,654.489914,652.103289,649.744890,647.416568,645.115990,642.845844,640.605587,638.393792,636.212083,634.061791,631.940869,629.850173,627.790668,625.761345,623.762208,621.795314,619.859156,617.954365,616.081148,614.239834,612.430612,610.653655,608.908882,607.196590,605.516499,603.869452,602.255980,600.674402,599.126161,597.611675,596.131350,594.684006,593.270707,591.891508,590.546399,589.236114,587.960512,586.719456,585.513547,584.342937,583.207471,582.107770,581.043838,580.015566,579.023426,578.067505,577.147966,576.264926,575.418394,574.609241,573.836760,573.101601,572.404320,571.744628,571.122716,570.538837,569.993699,569.486187,569.017235,568.587227,568.195984,567.844032,567.531309,567.258000,567.024306,566.830645,566.676779,566.563125,566.490073,566.457469,566.465572,566.514807,566.605062,566.736842,566.910207,567.124853,567.381276,567.679799,568.020520,568.403535,568.829431,569.297910,569.809377,570.363988,570.962354,571.603981,572.289354,573.018616,573.792026,574.609994,575.472421,576.379271,577.331312,578.328013,579.369966,580.457593,581.590496,582.769254,583.993987,585.264830,586.582199,587.946051,589.356755,590.814332,592.319145,593.871069,595.470535,597.117669,598.812672,600.555571,602.346819,604.186324,606.074644,608.011782,609.997873,612.033157,614.117749,616.251878,618.435847,620.669673,622.953606,625.287984,627.672505,630.107795,632.593966,635.131179,637.719756,640.359711,643.051126,645.794398,648.589431,651.436749,654.336398,657.288501,660.293354,663.351093,666.461925,669.625933,672.843323,676.114419,679.439458,682.818366,686.251412,689.738792,693.280653,696.877322,700.529233,704.235717,707.997500,711.814746,715.687369,719.615950,723.600606,727.641128,731.738141,735.891483,740.101481,744.368224,748.692076,753.072945,757.511132,762.006888,766.560273,771.171828,775.841083,780.568671,785.354508,790.199047,795.102122,800.063942,805.084649,810.164709,815.304389,820.503349,825.761866,831.080579,836.459217,841.898047,847.397084,852.956730,858.576975,864.258045,870.000318,875.803664,881.668188,887.594151,893.581727,899.630951,905.742371,911.915535,918.151156,924.449377,930.809822,937.233263,943.719285,950.268143,956.880468,963.555875,970.294754,977.097183,983.963513,990.893372,997.887610,1004.945645,1012.067952,1019.254770,1026.506052,1033.822105,1041.203483,1048.649321,1056.160548,1063.736981,1071.378591,1079.086103,1086.858903,1094.697640,1102.602231,1110.572889,1118.609590,1126.712655,1134.882212,1143.118215,1151.420934,1159.790513,1168.227199,1176.730787,1185.301491,1193.939660,1202.645074,1211.418114,1220.258730,1229.167093,1238.143344,1247.187632,1256.299908,1265.481064,1274.729941,1284.047381,1293.433370,1302.888022,1312.411609,1322.003897
1859.047034,1853.068488,1847.095059,1841.125922,1835.161505,1829.200955,1823.245253,1817.294873,1811.348852,1805.407908,1799.471632,1793.540159,1787.613286,1781.691736,1775.775146,1769.863405,1763.957001,1758.055766,1752.159687,1746.268895,1740.383069,1734.502806,1728.628028,1722.758734,1716.894913,1711.036407,1705.183764,1699.336735,1693.495368,1687.659543,1681.829518,1676.005537,1670.187360,1664.375129,1658.569131,1652.769235,1646.975193,1641.187435,1635.405885,1629.630723,1623.861808,1618.099166,1612.343374,1606.593839,1600.851104,1595.114978,1589.385534,1583.662898,1577.947059,1572.238133,1566.536067,1560.840823,1555.152875,1549.471223,1543.797557,1538.131012,1532.471800,1526.820003,1521.175273,1515.537915,1509.908503,1504.286696,1498.672395,1493.065813,1487.466922,1481.876186,1476.293305,1470.718188,1465.151396,1459.592598,1454.041619,1448.499253,1442.965306,1437.439290,1431.922072,1426.413458,1420.913306,1415.421596,1409.938775,1404.464491,1398.999459,1393.543238,1388.095954,1382.657848,1377.228803,1371.808711,1366.397920,1360.996464,1355.604700,1350.222095,1344.849570,1339.486028,1334.132653,1328.788667,1323.454993,1318.131308,1312.817623,1307.513981,1302.220378,1296.937224,1291.664335,1286.401421,1281.149402,1275.907527,1270.676138,1265.455638,1260.246329,1255.047910,1249.860329,1244.683680,1239.517954,1234.363789,1229.220796,1224.089252,1218.969027,1213.860454,1208.763237,1203.677572,1198.604026,1193.542033,1188.492322,1183.454621,1178.428886,1173.415320,1168.413831,1163.424796,1158.448433,1153.484648,1148.533504,1143.595179,1138.669568,1133.756587,1128.856988,1123.970463,1119.097037,1114.236817,1109.389796,1104.556124,1099.736342,1094.930232,1090.137775,1085.359173,1080.594453,1075.843457,1071.106660,1066.384329,1061.676380,1056.982900,1052.303974,1047.639573,1042.989778,1038.354932,1033.735024,1029.129582,1024.539520,1019.518543,1015.405733,1010.861835,1006.333351,1001.820468,997.323376,992.842080,988.376852,983.927451,979.494134,975.077229,970.676773,966.292659,961.925261,957.574335,953.240210,948.922964,944.622540,940.339387,936.073377,931.825013,927.552625,923.380341,919.184564,915.006571,910.846682,906.704655,902.580497,898.474922,894.387251,890.318580,886.267943,882.236253,878.223159,874.228808,870.254147,866.298639,862.362186,858.445368,854.547989,850.670053,846.811782,842.973690,839.038197,835.355973,831.576698,827.822312,824.088618,820.370826,816.676704,813.002998,809.350960,805.719967,802.109942,798.520574,794.953375,791.407867,787.884383,784.381730,780.901433,777.445712,774.010283,770.597844,767.208248,763.841301,760.496531,757.175371,753.889235,750.605725,747.351917,744.123515,740.918999,737.739804,734.583435,731.450644,728.343745,725.260074,722.174650,719.164301,716.155251,713.159493,710.213117,707.278438,704.370603,701.488985,698.632105,695.795368,692.996412,690.213550,687.464981,684.739210,682.034920,679.364066,676.720608,674.101360,671.510635,668.947087,666.410276,663.901113,661.420008,658.966977,656.541487,654.143381,651.776435,649.436001,647.125914,644.844489,642.590443,640.366796,638.172870,636.007591,633.871492,631.766908,629.691168,627.645589,625.631260,623.646025,621.691122,619.768258,617.876003,616.014719,614.185025,612.386522,610.620307,608.885951,607.183327,605.512815,603.874594,602.269011,600.696555,599.155726,597.648381,596.174237,594.733848,593.326347,591.952517,590.612435,589.306563,588.035083,586.797805,585.594870,584.426879,583.293580,582.195688,581.133200,580.105625,579.114019,578.158022,577.237872,576.353910,575.506110,574.694679,573.920300,573.182057,572.481249,571.817825,571.191566,570.603203,570.052408,569.539673,569.064514,568.627632,568.229414,567.869633,567.548816,567.266976,567.024193,566.820846,566.657176,566.532906,566.448643,566.404510,566.400723,566.437269,566.514743,566.632859,566.792212,566.992541,567.234189,567.517150,567.841862,568.208482,568.617138,569.068356,569.561804,570.097906,570.677141,571.299354,571.964708,572.673489,573.425839,574.222129,575.062421,575.946986,576.875744,577.849122,578.867023,579.930021,581.037899,582.190978,583.389594,584.633916,585.923984,587.260214,588.642754,590.071547,591.547109,593.069404,594.638660,596.254993,597.918641,599.629834,601.388702,603.195531,605.050365,606.953575,608.905297,610.905667,612.954788,615.052997,617.200340,619.397296,621.643679,623.939803,626.285984,628.682188,631.128683,633.625756,636.173551,638.772353,641.422194,644.123159,646.875613,649.679551,652.535404,655.443251,658.403212,661.415585,664.480543,667.598104,670.768704,673.992244,677.269164,680.599689,683.983742,687.421609,690.913440,694.459549,698.059884,701.715168,705.424915,709.189369,713.009060,716.883892,720.814100,724.800155,728.841802,732.939498,737.093230,741.303310,745.569789,749.892968,754.272858,758.709732,763.203942,767.755395,772.364484,777.031202,781.755668,786.538169,791.379034,796.278126,801.235568,806.251590,811.326627,816.460948,821.654212,826.906697,832.219070,837.591112,843.022773,848.514500,854.066393,859.678583,865.351322,871.084845,876.879152,882.734303,888.650538,894.628102,900.667068,906.767682,912.929794,919.154081,925.440616,931.789068,938.200141,944.673490,951.209349,957.808347,964.470101,971.195001,977.983126,984.834828,991.749733,998.728695,1005.771131,1012.877516,1020.048090,1027.282806,1034.581975,1041.946148,1049.374461,1056.867845,1064.426116,1072.049315,1079.737964,1087.491624,1095.310963,1103.195948,1111.146417,1119.162749,1127.245134,1135.393698,1143.608398,1151.889502,1160.237159,1168.651613,1177.132660,1185.680518,1194.295533,1202.977488,1211.726763,1220.543311,1229.427303,1238.378880,1247.398192,1256.485192,1265.640773,1274.863775,1284.155041,1293.514559,1302.942443,1312.438967,1322.003897
1838.927869,1833.028984,1827.134608,1821.244541,1815.358878,1809.477177,1803.600864,1797.729099,1791.862262,1786.000018,1780.142689,1774.289891,1768.441818,1762.598907,1756.760716,1750.927809,1745.099995,1739.277246,1733.459684,1727.646969,1721.839750,1716.037907,1710.241415,1704.450335,1698.664560,1692.884375,1687.109791,1681.340822,1675.577428,1669.819346,1664.067497,1658.321349,1652.580844,1646.846495,1641.118220,1635.395856,1629.679389,1623.969358,1618.265249,1612.567278,1606.875721,1601.190783,1595.511873,1589.839692,1584.174131,1578.515085,1572.862794,1567.217134,1561.578204,1555.946145,1550.320628,1544.702367,1539.090681,1533.486058,1527.888939,1522.298807,1516.716080,1511.140306,1505.571874,1500.011034,1494.457841,1488.912175,1483.373980,1477.843027,1472.320207,1466.805285,1461.298011,1455.798710,1450.307336,1444.823947,1439.348632,1433.881761,1428.422851,1422.972259,1417.530296,1412.096777,1406.671571,1401.254880,1395.846752,1390.447300,1385.056959,1379.675481,1374.302539,1368.938940,1363.583990,1358.238295,1352.901948,1347.574779,1342.256485,1336.948297,1331.649235,1326.359899,1321.079993,1315.809761,1310.549625,1305.299392,1300.059042,1294.828549,1289.608206,1284.398058,1279.197901,1274.008149,1268.828598,1263.659565,1258.500542,1253.352906,1248.216011,1243.089877,1237.974281,1232.869661,1227.776233,1222.693790,1217.622767,1212.562781,1207.514202,1202.477049,1197.451087,1192.436967,1187.434315,1182.443577,1177.464861,1172.497997,1167.542843,1162.599902,1157.668980,1152.750422,1147.844417,1142.950804,1138.069719,1133.201328,1128.345201,1123.502283,1118.672274,1113.855221,1109.051150,1104.259943,1099.482233,1094.486306,1089.966591,1085.229311,1080.505461,1075.795325,1071.099004,1066.416251,1061.747571,1057.093226,1052.453112,1047.827379,1043.215996,1038.618945,1034.036646,1029.468996,1024.916148,1020.377509,1015.854339,1011.346471,1006.853760,1002.376098,997.913936,993.467180,989.036076,984.620554,980.220953,975.837013,971.469145,967.117497,962.782197,958.462905,954.160290,949.874042,945.604311,941.351366,937.115248,932.896042,928.694005,924.509311,920.341739,916.191555,912.059056,907.944177,903.847219,899.767909,895.706402,891.663187,887.637827,883.631077,879.642403,875.672594,871.720981,867.788208,863.874899,859.980218,856.104960,852.248634,848.405090,844.594190,840.796338,837.013569,833.258996,829.518210,825.802918,822.107906,818.428335,814.772545,811.136658,807.522393,803.928653,800.355709,796.802747,793.271995,789.762411,786.274359,782.807337,779.361488,775.940666,772.539761,769.161047,765.802773,762.471448,759.159934,755.864855,752.605775,749.359756,746.141736,742.947178,739.772288,736.625867,733.498906,730.390369,727.318163,724.264192,721.234342,718.234141,715.244900,712.288767,709.357702,706.430304,703.569671,700.712971,697.878100,695.076651,692.297143,689.543398,686.814042,684.113604,681.432563,678.789264,676.166517,673.570659,671.000230,668.457497,665.943321,663.455287,660.995391,658.562503,656.156756,653.778379,651.429866,649.109752,646.816459,644.552383,642.319127,640.110534,637.932365,635.784484,633.664875,631.574800,629.514619,627.483744,625.483423,623.512805,621.572014,619.661123,617.781364,615.932849,614.114626,612.327708,610.572202,608.847957,607.155709,605.494875,603.865965,602.268888,600.704624,599.172615,597.672363,596.205177,594.770926,593.370162,592.002216,590.667572,589.366305,588.098983,586.865766,585.666621,584.501245,583.370923,582.274749,581.213890,580.187940,579.196771,578.241247,577.321060,576.436326,575.587687,574.774721,573.998249,573.257796,572.553889,571.887005,571.256903,570.664025,570.108275,569.590300,569.109777,568.666713,568.261613,567.894794,567.566187,567.276265,567.024934,566.812355,566.639082,566.504871,566.409965,566.355041,566.339574,566.364127,566.428721,566.534072,566.679773,566.866394,567.093537,567.361801,567.671033,568.021656,568.413917,568.847962,569.324150,569.842420,570.402964,571.006366,571.652285,572.341184,573.073018,573.848176,574.667113,575.529688,576.436042,577.386438,578.380924,579.419744,580.503345,581.631483,582.804531,584.022778,585.286354,586.595460,587.950373,589.351233,590.797942,592.291308,593.830930,595.417216,597.050240,598.730384,600.457556,602.232122,604.054246,605.924186,607.842117,609.808240,611.822673,613.885527,615.997138,618.157449,620.367241,622.626028,624.934271,627.292141,629.699701,632.157288,634.665121,637.223434,639.832184,642.491727,645.202136,647.963639,650.776323,653.640530,656.556366,659.524104,662.543855,665.615833,668.740153,671.917086,675.146657,678.429270,681.765150,685.154221,688.596768,692.092968,695.643056,699.247521,702.905673,706.618412,710.385661,714.207402,718.084336,722.016275,726.003542,730.046146,734.144476,738.298485,742.508528,746.774621,751.097076,755.475904,759.911380,764.403855,768.953380,773.559917,778.223888,782.945273,787.724512,792.561466,797.456370,802.409484,807.420744,812.490857,817.619574,822.807073,828.053522,833.359382,838.724670,844.149228,849.633521,855.177646,860.781735,866.446041,872.170800,877.956050,883.801736,889.708213,895.675690,901.704238,907.794105,913.945141,920.158096,926.432826,932.769394,939.167904,945.628448,952.151357,958.736990,965.385146,972.095938,978.869722,985.706761,992.606680,999.570333,1006.597137,1013.687570,1020.841872,1028.059995,1035.342251,1042.689193,1050.099957,1057.575473,1065.115560,1072.720258,1080.390091,1088.124619,1095.924513,1103.789738,1111.720134,1119.716070,1127.777769,1135.905327,1144.098708,1152.358186,1160.683907,1169.076117,1177.534614,1186.059614,1194.651466,1203.309953,1212.035456,1220.827929,1229.687542,1238.614440,1247.608772,1256.670491,1265.800492,1274.997615,1284.262705,1293.595750,1302.996866,1312.466325,1322.003897
1819.047551,1813.226797,1807.410424,1801.598426,1795.790431,1789.987549,1784.189161,1778.395528,1772.606534,1766.822357,1761.042707,1755.267969,1749.497673,1743.732298,1737.972116,1732.216900,1726.466696,1720.721596,1714.981272,1709.246317,1703.516651,1697.792253,1692.073161,1686.359241,1680.650937,1674.948051,1669.250594,1663.558701,1657.872258,1652.191523,1646.516547,1640.847247,1635.183985,1629.526493,1623.874840,1618.229217,1612.589596,1606.956002,1601.328478,1595.707172,1590.092240,1584.483480,1578.881218,1573.285272,1567.696013,1562.113260,1556.537083,1550.967555,1545.404686,1539.848612,1534.299101,1528.756214,1523.220747,1517.691938,1512.170356,1506.656021,1501.148407,1495.648396,1490.155309,1484.670003,1479.192095,1473.721613,1468.258300,1462.802664,1457.354989,1451.914890,1446.482707,1441.058061,1435.641392,1430.232612,1424.832163,1419.439533,1414.055257,1408.679169,1403.311533,1397.952245,1392.600975,1387.258481,1381.924498,1376.598905,1371.282503,1365.974642,1360.675568,1355.385306,1350.103916,1344.831916,1339.569041,1334.314850,1329.070035,1323.834665,1318.608895,1313.392471,1308.185230,1302.988080,1297.800733,1292.623044,1287.455117,1282.297085,1277.149131,1272.010972,1266.883151,1261.765218,1256.657875,1251.560466,1246.473598,1241.397668,1236.332362,1231.277508,1226.233328,1221.200221,1216.177963,1211.166567,1206.166504,1201.177477,1196.199533,1191.233151,1186.277951,1181.334050,1176.402107,1171.481561,1166.573011,1161.676091,1156.790865,1151.917821,1147.056731,1142.207860,1137.371370,1132.546953,1127.735367,1122.936153,1118.149091,1113.375120,1108.613942,1103.865603,1099.130071,1094.407404,1089.698053,1085.001609,1080.318788,1075.649353,1070.993566,1066.351124,1061.722366,1057.107082,1052.505876,1047.918780,1043.345786,1038.787045,1034.242505,1029.712198,1025.196510,1020.695328,1016.208770,1011.736384,1007.279281,1002.837374,998.410374,993.998429,989.396238,985.220366,980.854554,976.504134,972.169467,967.850311,963.547121,959.260059,954.988999,950.734240,946.430023,942.273205,938.067329,933.878031,929.705404,925.549333,921.410698,917.288980,913.184351,909.096880,905.026872,900.974499,896.939760,892.767425,888.923010,884.941108,880.977750,877.032126,873.105066,869.195908,865.305187,861.433854,857.580758,853.746914,849.931614,846.128651,842.358587,838.600824,834.861860,831.143070,827.443355,823.764740,820.108327,816.467094,812.848956,809.250916,805.674069,802.118043,798.581474,795.065262,791.570652,788.096895,784.644312,781.206429,777.801714,774.415455,771.044121,767.704106,764.381636,761.081027,757.799578,754.546707,751.313124,748.102711,744.914888,741.719866,738.605049,735.480835,732.393019,729.321105,726.271286,723.245111,720.246215,717.267514,714.314139,711.385273,708.481289,705.600368,702.752723,699.917676,697.113150,694.333323,691.578807,688.850115,686.148559,683.469090,680.817098,678.186514,675.588737,673.017660,670.470352,667.950484,665.458613,662.989939,660.551196,658.138427,655.753439,653.395260,651.065060,648.762511,646.489450,644.243339,642.026342,639.837245,637.675404,635.543369,633.440154,631.365620,629.321025,627.305471,625.318995,623.362911,621.435873,619.538017,617.671509,615.835162,614.028899,612.253634,610.508928,608.795876,607.113434,605.462713,603.843487,602.255784,600.699426,599.175790,597.683880,596.223864,594.796459,593.402161,592.040177,590.711166,589.415204,588.152552,586.923538,585.728157,584.566576,583.438688,582.345337,581.286256,580.261801,579.272151,578.317050,577.397139,576.512279,575.662854,574.848947,574.070514,573.328308,572.621988,571.951777,571.318421,570.721550,570.161378,569.638318,569.152740,568.703979,568.292565,567.919068,567.583246,567.285570,567.026172,566.805069,566.622453,566.478818,566.373926,566.308072,566.281826,566.294834,566.347570,566.440198,566.572930,566.745908,566.959422,567.213111,567.507461,567.842817,568.219165,568.636808,569.096149,569.596973,570.139763,570.724335,571.351649,572.021092,572.733223,573.487951,574.285745,575.126999,576.011535,576.939374,577.911246,578.926611,579.986198,581.090069,582.238266,583.431090,584.668667,585.951305,587.279221,588.652694,590.071553,591.535933,593.046875,594.603674,596.206746,597.856303,599.552569,601.295607,603.085708,604.923023,606.807826,608.740343,610.720628,612.748936,614.825365,616.950150,619.123389,621.345740,623.616741,625.937037,628.306359,630.725106,633.193609,635.711966,638.280585,640.899223,643.568340,646.287990,649.058269,651.879598,654.752117,657.675847,660.651155,663.678102,666.757023,669.887944,673.071076,676.306543,679.594760,682.935874,686.329822,689.776911,693.277289,696.831281,700.439294,704.100744,707.816274,711.586063,715.410062,719.288811,723.222282,727.210770,731.254221,735.353147,739.507389,743.717157,747.982841,752.304403,756.682076,761.116133,765.606713,770.154077,774.758118,779.419304,784.137517,788.913218,793.746338,798.637073,803.585450,808.592108,813.657051,818.780264,823.961926,829.202206,834.501636,839.860018,845.277410,850.754204,856.290511,861.886478,867.542258,873.258181,879.034280,884.870484,890.767150,896.724488,902.742567,908.821575,914.961684,921.163145,927.426041,933.750471,940.136550,946.584339,953.094167,959.666395,966.300823,972.997620,979.757085,986.579313,993.464210,1000.412523,1007.423665,1014.498115,1021.636115,1028.837617,1036.103032,1043.432618,1050.825807,1058.283432,1065.805312,1073.391487,1081.042483,1088.757859,1096.538404,1104.383735,1112.294040,1120.269575,1128.310562,1136.417097,1144.589147,1152.826984,1161.130757,1169.500712,1177.936647,1186.438779,1195.007459,1203.642469,1212.344193,1221.112583,1229.947812,1238.850025,1247.819370,1256.855804,1265.960221,1275.131462,1284.370374,1293.676944,1303.051289,1312.493684,1322.003897
1799.402750,1793.659134,1787.919965,1782.184772,1776.454730,1770.729029,1765.007794,1759.291273,1753.579358,1747.872006,1742.169560,1736.471615,1730.778354,1725.089915,1719.406573,1713.728156,1708.054714,1702.385990,1696.722595,1691.064354,1685.411285,1679.763434,1674.120673,1668.483384,1662.851494,1657.224947,1651.603841,1645.987956,1640.377974,1634.773336,1629.174581,1623.581385,1617.994183,1612.412567,1606.836829,1601.267229,1595.703227,1590.145398,1584.593634,1579.048223,1573.508656,1567.975612,1562.448890,1556.928510,1551.414659,1545.907137,1540.406337,1534.912091,1529.424321,1523.943454,1518.468602,1513.001134,1507.540612,1502.086617,1496.639936,1491.200027,1485.767385,1480.341997,1474.923591,1469.512785,1464.109312,1458.713047,1453.324250,1447.942852,1442.569224,1437.203381,1431.845140,1426.494428,1421.151722,1415.816895,1410.489792,1405.171184,1399.860666,1394.558127,1389.263964,1383.978020,1378.700029,1373.430925,1368.170049,1362.917647,1357.674132,1352.439374,1347.212942,1341.995329,1336.786920,1331.587672,1326.396993,1321.215671,1316.042947,1310.880136,1305.726548,1300.582338,1295.447280,1290.322035,1285.206541,1280.100592,1275.004438,1269.918027,1264.841376,1259.774953,1254.718136,1249.671705,1244.635159,1239.609229,1234.593841,1229.588429,1224.593712,1219.609505,1214.636165,1209.673510,1204.721742,1199.780699,1194.850795,1189.931742,1185.024042,1180.127569,1175.241768,1170.368010,1165.505679,1160.654593,1155.815303,1150.987679,1146.171753,1141.367689,1136.575766,1131.795759,1127.028024,1122.272252,1117.529199,1112.798329,1108.079626,1103.373879,1098.680781,1094.000316,1089.332643,1084.677687,1080.036056,1075.407109,1070.791665,1066.189489,1061.600837,1057.025410,1052.463544,1047.914864,1043.380309,1038.859800,1034.353295,1029.860875,1025.382462,1020.918125,1016.468337,1012.032886,1007.611821,1003.205054,998.813311,994.436641,990.074709,985.727686,981.395795,977.000719,972.777724,968.491861,964.221358,959.966424,955.727180,951.504067,947.230235,943.105417,938.930014,934.770959,930.628138,926.501777,922.392067,918.298789,914.222583,910.163099,906.120886,902.095404,898.087330,893.894602,890.123520,886.167529,882.229404,878.308688,874.406038,870.521401,866.654668,862.806305,858.975964,855.164447,851.371632,847.597293,843.841691,840.105121,836.267752,832.688620,829.008767,825.347920,821.708242,818.090386,814.487167,810.906956,807.249266,803.806865,800.286886,796.787437,793.308162,789.849481,786.411891,782.993518,779.592165,776.221903,772.870340,769.537507,766.227031,762.938348,759.670657,756.425507,753.200647,750.000674,746.821731,743.665835,740.531841,737.431842,734.331838,731.265551,728.224933,725.204567,722.209558,719.235315,716.288808,713.363793,710.460982,707.570334,704.733164,701.904345,699.099518,696.319462,693.568187,690.830885,688.134997,685.456990,682.803581,680.175752,677.568188,674.997220,672.446598,669.922336,667.423878,664.952095,662.506417,660.087444,657.695782,655.331466,652.993656,650.682534,648.398063,646.143636,643.915640,641.715928,639.545042,637.400338,635.285022,633.198808,631.139873,629.109766,627.109827,625.138626,623.195672,621.283691,619.400032,617.545486,615.722213,613.928303,612.164459,610.431541,608.728684,607.057342,605.416786,603.807002,602.228654,600.681416,599.165790,597.682729,596.230285,594.809966,593.421929,592.066770,590.743625,589.453135,588.195475,586.970921,585.779834,584.622017,583.497371,582.406818,581.350130,580.327544,579.339307,578.385626,577.466021,576.581472,575.731604,574.917074,574.137571,573.393463,572.685321,572.012562,571.375775,570.775375,570.211442,569.683792,569.192990,568.739315,568.322219,567.942242,567.599829,567.294830,567.027663,566.798433,566.607264,566.454240,566.340043,566.264090,566.227064,566.229168,566.270315,566.350812,566.471059,566.631159,566.831090,567.071133,567.351158,567.671637,568.032627,568.434348,568.877109,569.361316,569.886625,570.453464,571.062352,571.712944,572.405690,573.140697,573.918153,574.738335,575.601545,576.507814,577.457141,578.449949,579.486140,580.566287,581.690170,582.858108,584.070592,585.327319,586.628773,587.975290,589.366932,590.803672,592.286026,593.813955,595.387677,597.007326,598.673121,600.385351,602.143982,603.949461,605.801737,607.701246,609.648110,611.642501,613.684419,615.774251,617.912041,620.098268,622.332694,624.615786,626.947810,629.328469,631.758343,634.237632,636.766423,639.345059,641.973445,644.651981,647.380747,650.159754,652.989520,655.870095,658.801609,661.784327,664.818416,667.904074,671.041426,674.230655,677.471886,680.765648,684.111746,687.510459,690.961978,694.466453,698.024208,701.635679,705.300197,709.018488,712.790695,716.616798,720.497305,724.432265,728.421780,732.466138,736.565336,740.719650,744.929189,749.194293,753.514941,757.891366,762.323842,766.812538,771.357623,775.959082,780.617353,785.332318,790.104438,794.933643,799.820132,804.763929,809.765659,814.825376,819.943013,825.118765,830.352957,835.645659,840.997153,846.407314,851.876548,857.405041,862.992711,868.639941,874.347010,880.113876,885.940545,891.827465,897.774456,903.782102,909.850228,915.979134,922.169118,928.420192,934.732560,941.106080,947.541071,954.037899,960.596562,967.217223,973.899931,980.644985,987.452481,994.322473,1001.255263,1008.250712,1015.309253,1022.430818,1029.615671,1036.864346,1044.176423,1051.552293,1058.991722,1066.495371,1074.063122,1081.695149,1089.391343,1097.152404,1104.977939,1112.868136,1120.823389,1128.843511,1136.929009,1145.079713,1153.295897,1161.577709,1169.925397,1178.338759,1186.818014,1195.363512,1203.975038,1212.652973,1221.397273,1230.208111,1239.085633,1248.029988,1257.041132,1266.119961,1275.265317,1284.478047,1293.758140,1303.105714,1312.521043,1322.003897
1779.990748,1774.323578,1768.660268,1763.002172,1757.348462,1751.698888,1746.054087,1740.413800,1734.777982,1729.146869,1723.520372,1717.898617,1712.281231,1706.669012,1701.061630,1695.459136,1689.861441,1684.268614,1678.681095,1673.098611,1667.521272,1661.948907,1656.381948,1650.820244,1645.263827,1639.712845,1634.166901,1628.626715,1623.091970,1617.562721,1612.039089,1606.521310,1601.009170,1595.502760,1590.002202,1584.507332,1579.018285,1573.535361,1568.058731,1562.587881,1557.123358,1551.664917,1546.212960,1540.767305,1535.327845,1529.894853,1524.468514,1519.048656,1513.635217,1508.228220,1502.827995,1497.434767,1492.048191,1486.668313,1481.295276,1475.929557,1470.570868,1465.219270,1459.874589,1454.537419,1449.207416,1443.884879,1438.569565,1433.261447,1427.961309,1422.668643,1417.383572,1412.106122,1406.836548,1401.574380,1396.320473,1391.074869,1385.837145,1380.607331,1375.385763,1370.172268,1364.967004,1359.770265,1354.581681,1349.401582,1344.230356,1339.067533,1333.913030,1328.767795,1323.631311,1318.503616,1313.384993,1308.275120,1303.174150,1298.082661,1293.000670,1287.927648,1282.864094,1277.810024,1272.765524,1267.730689,1262.705400,1257.689589,1252.683963,1247.687850,1242.701837,1237.725705,1232.759842,1227.804273,1222.859006,1217.923532,1212.998869,1208.084681,1203.181175,1198.288205,1193.406153,1188.534704,1183.674038,1178.824574,1173.986123,1169.158422,1164.342051,1159.537180,1154.743541,1149.961231,1145.190581,1140.431555,1135.684140,1130.948461,1126.224757,1121.512867,1116.813195,1112.125253,1107.450046,1102.786427,1098.135652,1093.497356,1088.871595,1084.258356,1079.657577,1075.069812,1070.495003,1065.932830,1061.384116,1056.848453,1052.326161,1047.817104,1043.321371,1038.838800,1034.370248,1029.915377,1025.474568,1021.047646,1016.634565,1012.235672,1007.851052,1003.480643,999.124338,994.782487,990.455417,986.143210,981.845604,977.562953,973.295182,969.042520,964.804944,960.582767,956.375695,952.184308,947.941112,943.848395,939.703928,935.575513,931.463015,927.366434,923.286164,919.222095,915.174226,911.143253,907.128764,903.131114,899.150436,895.186286,891.218588,887.310039,883.397464,879.502500,875.624524,871.764705,867.922371,864.097930,860.291031,856.502140,852.675292,848.980109,845.246449,841.531112,837.834649,834.156483,830.497850,826.842261,823.235128,819.633815,816.054419,812.489255,808.946730,805.423272,801.866716,798.438048,794.975387,791.532471,788.109021,784.643476,781.325954,777.905781,774.624378,771.305570,768.007366,764.730370,761.474948,758.240738,755.028269,751.835138,748.650585,745.521276,742.392805,739.293755,736.213193,733.143886,730.098695,727.108566,724.118999,721.152087,718.211129,715.289531,712.391294,709.517886,706.668084,703.843254,701.032061,698.264761,695.512196,692.784580,690.071248,687.401884,684.735777,682.118940,679.514652,676.934060,674.383406,671.852632,669.352709,666.877331,664.426493,662.004065,659.605549,657.235790,654.890368,652.570809,650.279703,648.015887,645.779413,643.570819,641.388849,639.234769,637.109246,635.009423,632.938938,630.897020,628.882838,626.897235,624.941061,623.013427,621.114688,619.245361,617.404847,615.593073,613.812266,612.060702,610.339238,608.647798,606.986776,605.356507,603.757075,602.188317,600.650318,599.143310,597.667981,596.224411,594.811357,593.430305,592.081443,590.765068,589.480399,588.228061,587.008356,585.821610,584.667892,583.547178,582.459332,581.405427,580.385010,579.398665,578.446430,577.527696,576.643657,575.794096,574.978949,574.198865,573.453443,572.743297,572.068479,571.429101,570.825604,570.257979,569.726390,569.231248,568.772310,568.350060,567.964345,567.615414,567.303738,567.029188,566.792219,566.592928,566.431337,566.307809,566.222465,566.175264,566.166857,566.196829,566.265971,566.374018,566.521653,566.708553,566.935253,567.201511,567.507562,567.853822,568.240275,568.667135,569.134744,569.643514,570.193012,570.783814,571.416330,572.090242,572.806065,573.563682,574.363501,575.205966,576.090819,577.018613,577.989137,579.002688,580.059408,581.159772,582.303558,583.491083,584.722682,585.998471,587.318645,588.683426,590.093110,591.547539,593.047264,594.592230,596.182715,597.818761,599.500771,601.228652,603.002770,604.823335,606.690456,608.604459,610.565482,612.573657,614.629085,616.732104,618.882754,621.081518,623.328207,625.623132,627.966721,630.358604,632.799358,635.289230,637.828397,640.416846,643.054901,645.742624,648.480297,651.267938,654.105981,656.994502,659.933622,662.923637,665.964721,669.056889,672.200580,675.395694,678.642668,681.941729,685.292799,688.696165,692.152003,695.660427,699.221825,702.836592,706.504106,710.225044,713.999587,717.827709,721.709813,725.646196,729.636586,733.681614,737.781167,741.935397,746.144614,750.409065,754.728682,759.103767,763.534663,768.021262,772.564063,777.162824,781.818074,786.529707,791.298245,796.123457,801.005542,805.944738,810.941427,815.995898,821.107818,826.277463,831.505478,836.791543,842.136072,847.538938,853.000615,858.521032,864.100479,869.739101,875.437380,881.194838,887.011916,892.888925,898.825668,904.822745,910.879977,916.997656,923.176104,929.415310,935.715486,942.076490,948.498643,954.982310,961.527490,968.134346,974.802927,981.533535,988.326264,995.181170,1002.098554,1009.078278,1016.120777,1023.225982,1030.394158,1037.625839,1044.920608,1052.278853,1059.700343,1067.185738,1074.734922,1082.348095,1090.025071,1097.766629,1105.572349,1113.442421,1121.377239,1129.376618,1137.441064,1145.570408,1153.764925,1162.024764,1170.350173,1178.740951,1187.197383,1195.719527,1204.307657,1212.961797,1221.682000,1230.468441,1239.321265,1248.240624,1257.226473,1266.279676,1275.399179,1284.585725,1293.839339,1303.160139,1312.548402,1322.003897
1760.809111,1755.217009,1749.630046,1744.047345,1738.468921,1732.894943,1727.325528,1721.760521,1716.200098,1710.644227,1705.092958,1699.546245,1694.004122,1688.467161,1682.934875,1677.407302,1671.884511,1666.366900,1660.854275,1655.346723,1649.844055,1644.346630,1638.854476,1633.367480,1627.885773,1622.409092,1616.938081,1611.472491,1606.012152,1600.557180,1595.108195,1589.664684,1584.226808,1578.794822,1573.368269,1567.947553,1562.532612,1557.124022,1551.721415,1546.324588,1540.933842,1535.549372,1530.171232,1524.799296,1519.433576,1514.074259,1508.721446,1503.375187,1498.034989,1492.701627,1487.374866,1482.054888,1476.741651,1471.434644,1466.135025,1460.842385,1455.556819,1450.278175,1445.006346,1439.741931,1434.484860,1429.235079,1423.992251,1418.756865,1413.529147,1408.308897,1403.096275,1397.891262,1392.693680,1387.503958,1382.322229,1377.148694,1371.982769,1366.824972,1361.675235,1356.533563,1351.399971,1346.274944,1341.157773,1336.049312,1330.949218,1325.857733,1320.774744,1315.700757,1310.635060,1305.578699,1300.530672,1295.491968,1290.461837,1285.441045,1280.429597,1275.427268,1270.434183,1265.450467,1260.476315,1255.511644,1250.556257,1245.610780,1240.674797,1235.748784,1230.832290,1225.926222,1221.029987,1216.143939,1211.267893,1206.401828,1201.546470,1196.701535,1191.867088,1187.042963,1182.229688,1177.427080,1172.635163,1167.854394,1163.084166,1158.325025,1153.577026,1148.840332,1144.114640,1139.400332,1134.697643,1130.006457,1125.326784,1120.658682,1116.002453,1111.103629,1106.725313,1102.104657,1097.496570,1092.899891,1088.315943,1083.744363,1079.185206,1074.638417,1070.103962,1065.582587,1061.073913,1056.577933,1052.094856,1047.625129,1043.168524,1038.724974,1034.294589,1029.877518,1025.474080,1021.084393,1016.708604,1012.346449,1007.998107,1003.663825,999.343654,995.037381,990.745495,986.535065,982.204663,977.956172,973.722322,969.503136,965.298828,961.109533,956.935117,952.775869,948.631728,944.503001,940.389879,936.292255,932.210210,928.143935,924.093509,920.058772,916.040393,912.037836,908.051595,904.081933,900.128533,896.192064,892.272209,888.368835,884.482689,880.613588,876.761301,872.926313,869.108385,865.308276,861.525793,857.760652,854.013141,850.283396,846.572436,842.879377,839.204522,835.547746,831.909187,828.289642,824.673629,821.105840,817.472171,813.991987,810.473738,806.968843,803.482772,800.017302,796.571037,793.144862,789.738486,786.350765,782.984837,779.638386,776.312466,773.006289,769.722119,766.457988,763.214405,759.992472,756.791617,753.611718,750.450771,747.316116,744.201265,741.083062,738.034407,734.984749,731.957572,728.955037,725.972793,723.012438,720.075105,717.158449,714.269067,711.399724,708.548190,705.732012,702.933851,700.158079,697.415355,694.682667,691.980793,689.301947,686.648467,684.018891,681.414043,678.837302,676.278216,673.750245,671.245600,668.766323,666.312758,663.884263,661.481791,659.104748,656.754119,654.429696,652.132436,649.861551,647.616106,645.397379,643.206619,641.043958,638.907532,636.798504,634.717578,632.662898,630.636776,628.638780,626.669147,624.727537,622.814857,620.930269,619.075156,617.248187,615.450135,613.681027,611.942150,610.232345,608.552590,606.902350,605.282522,603.693107,602.134408,600.606081,599.108228,597.641068,596.205584,594.800976,593.427155,592.085109,590.774956,589.496621,588.250147,587.035401,585.853388,584.704059,583.587310,582.503424,581.452006,580.434543,579.449915,578.499306,577.582428,576.699079,575.849919,575.034871,574.254081,573.507902,572.796347,572.119997,571.478307,570.871887,570.301067,569.765925,569.266427,568.803061,568.376129,567.984904,567.630158,567.311818,567.030676,566.786337,566.579296,566.409540,566.277171,566.182694,566.125996,566.107228,566.127059,566.184959,566.281518,566.416784,566.591508,566.805156,567.058118,567.350449,567.682304,568.054019,568.465484,568.917339,569.409687,569.942501,570.516096,571.130603,571.786419,572.483429,573.222013,574.002083,574.824115,575.688355,576.594891,577.543727,578.535281,579.569357,580.646505,581.766724,582.930165,584.137098,585.387714,586.682190,588.020833,589.403854,590.831199,592.303085,593.820007,595.381835,596.988755,598.641079,600.338969,602.082406,603.871793,605.707281,607.589026,609.517318,611.492322,613.514143,615.582926,617.698924,619.862160,622.073399,624.332110,626.638796,628.993614,631.396616,633.848168,636.348453,638.897739,641.495921,644.143413,646.840268,649.586712,652.382833,655.228971,658.125231,661.071886,664.069046,667.116925,670.215637,673.365453,676.566397,679.818872,683.123105,686.479018,689.886897,693.346919,696.859316,700.424275,704.042020,707.712536,711.435910,715.212672,719.042729,722.926313,726.863897,730.855218,734.900757,739.000481,743.154648,747.363480,751.627103,755.945617,760.319262,764.748403,769.232802,773.773286,778.369293,783.021460,787.729702,792.494475,797.315643,802.193329,807.127765,812.119390,817.168471,822.274672,827.438271,832.659938,837.939454,843.276771,848.672278,854.126248,859.638673,865.209780,870.839829,876.529022,882.277210,888.084596,893.951635,899.878084,905.864626,911.910795,918.017303,924.184301,930.411394,936.699335,943.047780,949.457119,955.927519,962.459274,969.052220,975.706609,982.422857,989.200663,996.040619,1002.942395,1009.906382,1016.932790,1024.021606,1031.173076,1038.387744,1045.665190,1053.005767,1060.409294,1067.876413,1075.406958,1083.001280,1090.659044,1098.381080,1106.166965,1114.016895,1121.931262,1129.909881,1137.953260,1146.061230,1154.234067,1162.471920,1170.775039,1179.143223,1187.576758,1196.075701,1204.640328,1213.270665,1221.966763,1230.728800,1239.556921,1248.451278,1257.411829,1266.439437,1275.533048,1284.693407,1293.920541,1303.214566,1312.575761,1322.003897
1741.854848,1736.338163,1730.825860,1725.317712,1719.813957,1714.314543,1708.819574,1703.329136,1697.843133,1692.361666,1686.884617,1681.412343,1675.944661,1670.481845,1665.023796,1659.570311,1654.121920,1648.678428,1643.239883,1637.806175,1632.377703,1626.954279,1621.535970,1616.122877,1610.714667,1605.312114,1599.914849,1594.522789,1589.136111,1583.754925,1578.379400,1573.009520,1567.645120,1562.286348,1556.933262,1551.585831,1546.244358,1540.909004,1535.579328,1530.255677,1524.938239,1519.626937,1514.321647,1509.022626,1503.729920,1498.443311,1493.163280,1487.889330,1482.622202,1477.361449,1472.107172,1466.859762,1461.618390,1456.384277,1451.156974,1445.936695,1440.723322,1435.516779,1430.316910,1425.124703,1419.939566,1414.761587,1409.590783,1404.427231,1399.270977,1394.122431,1388.981367,1383.847739,1378.721780,1373.603494,1368.493161,1363.390717,1358.296068,1353.209371,1348.130725,1343.059946,1337.997390,1332.943054,1327.896794,1322.858845,1317.829288,1312.808578,1307.796076,1302.792121,1297.797131,1292.810611,1287.833096,1282.864430,1277.904377,1272.953538,1268.011968,1263.079137,1258.155928,1253.242006,1248.337235,1243.441740,1238.555928,1233.679508,1228.812921,1223.955660,1219.108651,1214.271531,1209.444047,1204.626455,1199.819293,1195.022005,1190.235120,1185.458562,1180.692308,1175.936385,1171.191124,1166.456792,1161.732745,1157.019606,1152.317381,1147.625675,1142.945393,1138.276000,1133.617597,1128.970643,1124.335217,1119.711106,1115.098224,1110.497115,1105.907623,1101.329733,1096.763644,1092.209409,1087.667563,1083.137141,1078.619321,1074.113730,1069.620367,1065.139357,1060.670645,1056.214818,1051.771579,1047.340921,1042.923053,1038.518416,1034.126788,1029.748097,1025.382363,1021.029850,1016.691059,1012.365776,1008.054250,1003.756239,999.471917,995.201532,990.945132,986.702387,982.473970,978.259774,974.059920,969.874508,965.703757,961.547480,957.405941,953.279246,949.167316,945.070397,940.988444,936.921854,932.870698,928.834767,924.814321,920.809754,916.820723,912.847242,908.889975,904.948183,901.023002,897.113920,893.221129,889.345054,885.485276,881.642185,877.815954,874.006346,870.213896,866.438070,862.680045,858.938883,855.215621,851.451026,847.820116,844.149457,840.496843,836.862051,833.245177,829.646219,826.065579,822.503366,818.959720,815.433648,811.921551,808.441228,804.973898,801.525723,798.096452,794.686507,791.296484,787.926275,784.574634,781.243918,777.932855,774.641752,771.275569,768.120017,764.890179,761.680216,758.491369,755.323668,752.176534,749.059573,745.946129,742.861831,739.797474,736.760099,733.738440,730.744387,727.769784,724.817381,721.881328,718.976492,716.091957,713.227876,710.389659,707.572657,704.766233,702.005984,699.259283,696.534483,693.832963,691.157087,688.503029,685.876473,683.270846,680.691582,678.136319,675.598584,673.098945,670.611215,668.159365,665.728144,663.322050,660.940474,658.586564,656.256213,653.953402,651.675712,649.423858,647.198439,644.999505,642.826469,640.681504,638.563099,636.471836,634.408060,632.370923,630.360692,628.378716,626.425112,624.498057,622.599944,620.730598,618.888517,617.076088,615.291679,613.535111,611.808540,610.111081,608.442944,606.804350,605.195055,603.616407,602.067383,600.548643,599.060205,597.601978,596.174624,594.778296,593.412417,592.077418,590.773682,589.501746,588.261387,587.052287,585.875371,584.730579,583.618201,582.537938,581.490000,580.475189,579.493482,578.544777,577.629516,576.747556,575.898966,575.084369,574.303378,573.556938,572.844265,572.166262,571.523052,570.914330,570.340443,569.802069,569.299155,568.831444,568.399509,568.003612,567.643594,567.319365,567.031770,566.780525,566.566077,566.388621,566.248169,566.144834,566.079033,566.050704,566.060287,566.107681,566.193194,566.317011,566.479550,566.680653,566.920660,567.199873,567.517713,567.875229,568.272028,568.708507,569.184883,569.701656,570.258431,570.855767,571.493828,572.172613,572.892454,573.653540,574.455809,575.299814,576.185676,577.113511,578.083316,579.095479,580.149852,581.247182,582.387018,583.569903,584.796152,586.065447,587.378463,588.735312,590.136286,591.581154,593.070201,594.604204,596.182637,597.805880,599.474177,601.187793,602.946605,604.751053,606.601206,608.497446,610.439894,612.428720,614.463922,616.545888,618.674678,620.850438,623.073845,625.344421,627.662805,630.028736,632.442590,634.904759,637.415274,639.974472,642.582259,645.239032,647.944873,650.699790,653.504348,656.358480,659.262384,662.216369,665.220533,668.275090,671.380154,674.535994,677.742635,681.000524,684.309807,687.670386,691.082676,694.546716,698.062866,701.631534,705.252196,708.925315,712.651250,716.429893,720.261781,724.146890,728.085488,732.077586,736.123572,740.223399,744.377427,748.585666,752.848433,757.165739,761.537859,765.965147,770.447650,774.985338,779.578629,784.227544,788.932409,793.693202,798.510218,803.383424,808.313053,813.299715,818.343162,823.443574,828.601052,833.816279,839.089026,844.419247,849.807395,855.253569,860.757904,866.320612,871.942058,877.622116,883.360894,889.158657,895.015579,900.931702,906.907575,912.942752,919.037947,925.193309,931.408462,937.684186,944.019950,950.416367,956.873525,963.391740,969.970786,976.611063,983.312706,990.075676,996.900479,1003.786816,1010.734986,1017.745291,1024.817689,1031.952426,1039.150134,1046.410132,1053.733035,1061.118574,1068.567394,1076.079328,1083.654729,1091.293260,1098.995754,1106.761788,1114.591558,1122.485457,1130.443301,1138.465597,1146.552180,1154.703323,1162.919179,1171.199996,1179.545575,1187.956201,1196.431934,1204.973051,1213.579575,1222.251563,1230.989189,1239.792601,1248.661952,1257.597200,1266.599208,1275.666925,1284.801094,1294.001745,1303.268994,1312.603121,1322.003897
1723.126883,1717.683870,1712.245160,1706.810957,1701.381028,1695.955239,1690.533909,1685.117113,1679.704709,1674.296643,1668.893348,1663.494575,1658.100231,1652.710985,1647.325948,1641.946185,1636.571108,1631.200893,1625.835430,1620.475077,1615.119763,1609.769429,1604.424174,1599.083821,1593.748956,1588.419314,1583.094830,1577.775641,1572.461981,1567.153444,1561.850722,1556.553437,1551.261613,1545.975642,1540.694855,1535.420186,1530.151246,1524.887970,1519.630694,1514.379573,1509.134441,1503.895306,1498.662115,1493.435266,1488.214617,1483.000015,1477.791538,1472.589816,1467.394585,1462.205580,1457.023029,1451.847054,1446.677575,1441.515024,1436.359394,1431.210490,1426.068468,1420.933236,1415.804726,1410.683730,1405.569647,1400.462885,1395.363051,1390.270393,1385.185106,1380.107514,1375.036967,1369.974155,1364.919114,1359.871353,1354.831537,1349.799493,1344.775217,1339.758887,1334.750462,1329.749786,1324.757369,1319.773224,1314.796664,1309.828640,1304.869145,1299.918136,1294.975189,1290.040970,1285.115329,1280.198438,1275.290342,1270.390947,1265.500345,1260.618712,1255.745968,1250.882206,1246.027912,1241.182860,1236.346616,1231.520031,1226.702515,1221.894814,1217.096432,1212.307872,1207.529138,1202.759974,1198.000401,1193.251209,1188.511863,1183.782758,1179.063249,1174.354247,1169.655423,1164.967112,1160.289388,1155.622163,1150.965350,1146.319401,1141.684044,1137.059361,1132.445731,1127.842866,1123.251304,1118.671035,1114.102000,1109.544201,1104.997533,1100.462534,1095.938858,1091.427068,1086.926770,1082.438239,1077.961651,1073.497062,1069.044623,1064.604306,1060.176108,1055.759943,1051.356371,1046.965323,1042.586822,1038.220811,1033.867534,1029.527203,1025.199875,1020.885250,1016.583654,1012.295069,1008.020086,1003.758492,999.510470,995.275969,991.055004,986.847808,982.654448,978.474713,974.309135,970.157683,966.020387,961.897436,957.788921,953.694862,949.615491,945.550738,941.500601,937.465331,933.444956,929.439820,925.449865,921.475168,917.515737,913.571958,909.643639,905.730878,901.834002,897.952629,894.087603,890.238405,886.405703,882.589305,878.789163,875.005541,871.238527,867.488114,863.754529,860.037809,856.338196,852.655886,848.990637,845.342163,841.711835,838.098956,834.504240,830.916803,827.367455,823.825700,820.302175,816.797140,813.309273,809.834795,806.392116,802.859269,799.551195,796.158621,792.785249,789.431117,786.096869,782.774485,779.485699,776.209434,772.953056,769.656763,766.500239,763.304086,760.127783,756.971983,753.834739,750.722838,747.638514,744.556831,741.504110,738.473824,735.465024,732.472978,729.506872,726.567366,723.641871,720.743131,717.862974,715.007383,712.172315,709.360246,706.569032,703.804119,701.058321,698.338404,695.627802,692.966505,690.316315,687.689470,685.085777,682.508213,679.949887,677.413747,674.912002,672.430108,669.966136,667.536032,665.126687,662.742627,660.383888,658.052263,655.738237,653.457758,651.200475,648.968865,646.762553,644.582150,642.429935,640.302493,638.201916,636.128256,634.081496,632.061436,630.067951,628.102387,626.164298,624.252836,622.369699,620.514678,618.687847,616.888284,615.117764,613.375208,611.660568,609.975888,608.319362,606.692260,605.094053,603.525566,601.987392,600.478539,598.999434,597.550496,596.131771,594.743328,593.385744,592.058399,590.761770,589.496131,588.262214,587.059114,585.887368,584.747393,583.639504,582.563585,581.519735,580.507723,579.528782,578.582606,577.669069,576.788732,575.941633,575.127402,574.346937,573.599969,572.887058,572.207763,571.562933,570.952481,570.376462,569.834892,569.328556,568.857202,568.421056,568.020551,567.655470,567.325976,567.032211,566.774657,566.553250,566.368403,566.220163,566.108589,566.033962,565.996684,565.996383,566.033849,566.108736,566.221514,566.372245,566.561522,566.789011,567.055264,567.360150,567.703626,568.086245,568.507962,568.969060,569.469808,570.010623,570.591123,571.211941,571.873157,572.574797,573.317260,574.100502,574.924699,575.790421,576.697636,577.646558,578.637174,579.669678,580.744330,581.861351,583.020767,584.222810,585.467970,586.755923,588.087206,589.462061,590.880675,592.342907,593.849313,595.399867,596.994711,598.634081,600.318131,602.047220,603.821175,605.640502,607.505205,609.415731,611.372044,613.374472,615.422958,617.517891,619.659310,621.847696,624.082806,626.365109,628.694867,631.071782,633.496435,635.969022,638.489736,641.058597,643.675805,646.341733,649.056378,651.819777,654.632447,657.494490,660.405878,663.367050,666.378075,669.439175,672.550489,675.712186,678.924392,682.187634,685.501719,688.866924,692.283442,695.751419,699.271181,702.843164,706.466699,710.142510,713.870752,717.651374,721.484916,725.371351,729.310974,733.303730,737.350134,741.450026,745.603615,749.811294,754.073024,758.389040,762.759614,767.184887,771.665122,776.200211,780.790623,785.436242,790.137531,794.894419,799.707106,804.575855,809.500600,814.482054,819.519966,824.614517,829.765879,834.974503,840.240436,845.563496,850.944157,856.382522,861.878722,867.433013,873.045634,878.716626,884.445936,890.233921,896.080795,901.986520,907.951675,913.975811,920.059645,926.203324,932.406499,938.669876,944.993114,951.376451,957.820355,964.324943,970.890113,977.516113,984.203202,990.951302,997.760920,1004.631755,1011.564106,1018.558279,1025.614230,1032.732207,1039.912841,1047.155453,1054.460656,1061.828184,1069.258682,1076.751984,1084.308441,1091.927720,1099.610653,1107.356817,1115.166410,1123.039824,1130.976808,1138.978077,1147.043257,1155.172694,1163.366539,1171.625043,1179.948006,1188.335714,1196.788347,1205.305825,1213.888530,1222.536399,1231.249608,1240.028305,1248.872644,1257.782584,1266.758989,1275.800808,1284.908786,1294.082951,1303.323423,1312.630481,1322.003897
1704.621606,1699.251423,1693.885893,1688.524567,1683.167558,1677.814554,1672.466136,1667.122091,1661.782294,1656.447180,1651.116584,1645.790475,1640.468776,1635.151740,1629.839634,1624.532391,1619.229796,1613.931872,1608.638971,1603.350985,1598.067932,1592.789954,1587.516658,1582.248756,1576.986097,1571.728426,1566.476030,1561.229029,1555.987364,1550.750814,1545.519871,1540.294336,1535.074589,1529.859921,1524.651346,1519.448468,1514.250810,1509.059166,1503.873652,1498.694027,1493.520342,1488.352544,1483.190896,1478.035212,1472.885811,1467.742454,1462.605078,1457.474447,1452.350187,1447.232240,1442.120291,1437.015459,1431.916797,1426.825186,1421.740173,1416.661878,1411.590325,1406.525518,1401.467785,1396.417079,1391.373497,1386.336758,1381.307186,1376.284879,1371.269817,1366.262015,1361.261631,1356.268883,1351.283580,1346.305736,1341.335597,1336.373211,1331.418455,1326.471765,1321.532771,1316.601484,1311.678547,1306.763144,1301.856056,1296.957390,1292.066970,1287.184674,1282.310939,1277.445261,1272.588682,1267.740405,1262.900980,1258.070152,1253.248034,1248.434793,1243.630153,1238.834850,1234.048668,1229.271463,1224.503378,1219.744487,1214.995021,1210.254872,1205.524499,1200.803548,1196.092229,1191.390284,1186.698352,1182.016318,1177.344277,1172.682039,1168.029549,1163.387450,1158.755420,1154.134074,1149.522641,1144.922092,1140.331829,1135.752232,1131.182966,1126.624492,1122.076880,1117.540079,1113.014558,1108.500106,1103.996727,1099.504518,1095.023341,1090.553733,1086.095347,1081.648543,1077.213536,1072.789989,1068.378285,1063.799846,1059.590704,1055.214864,1050.851157,1046.499298,1042.160073,1037.833160,1033.518683,1029.216510,1024.927114,1020.650473,1016.386662,1012.135298,1007.897163,1003.671881,999.460111,995.261576,991.076366,986.904514,982.746332,978.601664,974.470436,970.353242,966.249849,962.160457,958.084941,954.023870,949.977049,945.944568,941.926570,937.923099,933.934019,929.959872,926.000392,922.056038,918.126596,914.212323,910.313640,906.429875,902.561592,898.708842,894.871554,891.050117,887.244531,883.454797,879.681354,875.923995,872.182917,868.458038,864.749512,861.057692,857.382398,853.724219,850.082595,846.458405,842.850756,839.259787,835.679376,832.131664,828.594115,825.073852,821.570923,818.085872,814.544934,811.169713,807.738968,804.327605,800.934674,797.560425,794.204464,790.867378,787.549372,784.250660,780.970013,777.710568,774.469295,771.247447,768.044557,764.862887,761.700633,758.557521,755.435250,752.330447,749.251404,746.189852,743.148616,740.128604,737.129328,734.151741,731.194421,728.258117,725.342173,722.451592,719.580108,716.730414,713.902111,711.096183,708.282956,705.549597,702.810771,700.094138,697.399298,694.724245,692.080040,689.455934,686.854694,684.275487,681.720586,679.189315,676.682488,674.196580,671.739784,669.304993,666.885358,664.506170,662.144270,659.807294,657.494572,655.207740,652.945208,650.707072,648.496325,646.311060,644.149444,642.015037,639.905763,637.823431,635.768149,633.738815,631.735644,629.760598,627.809776,625.887163,623.992544,622.124194,620.283384,618.471123,616.686452,614.929374,613.200311,611.499060,609.825883,608.182102,606.566272,604.979868,603.422152,601.893875,600.395200,598.926248,597.486456,596.076625,594.696815,593.347206,592.028153,590.738789,589.480005,588.251994,587.055660,585.889588,584.754730,583.651660,582.580102,581.540328,580.532196,579.555980,578.612706,577.701267,576.822896,575.977308,575.164063,574.384208,573.637584,572.924168,572.244300,571.598269,570.986220,570.408154,569.864481,569.354915,568.880243,568.440381,568.035466,567.665800,567.331211,567.032046,566.768210,566.540548,566.348640,566.192998,566.073790,565.990873,565.944637,565.935382,565.962961,566.027917,566.129938,566.269799,566.447244,566.663005,566.916607,567.208703,567.538832,567.907635,568.315272,568.761542,569.247064,569.772055,570.336556,570.940525,571.584471,572.268617,572.992893,573.757663,574.562836,575.408872,576.296040,577.224428,578.194010,579.205218,580.257849,581.352456,582.489016,583.667684,584.888780,586.152471,587.458884,588.808355,590.201096,591.637030,593.116481,594.639671,596.206738,597.817808,599.473124,601.172904,602.917095,604.706107,606.540143,608.419164,610.343733,612.313786,614.329627,616.391215,618.498935,620.652826,622.853384,625.100371,627.394142,629.735106,632.122852,634.558107,637.040949,639.571635,642.150089,644.776694,647.451490,650.174759,652.946520,655.767201,658.636882,661.555691,664.523890,667.541666,670.609086,673.726568,676.893898,680.111649,683.380000,686.698875,690.068559,693.489227,696.960995,700.484249,704.059394,707.685779,711.364108,715.094534,718.877095,722.712122,726.599840,730.540293,734.533769,738.580266,742.680038,746.833259,751.040206,755.300878,759.615511,763.984377,768.407649,772.885494,777.417899,782.005303,786.647588,791.345217,796.098121,800.906500,805.770380,810.690402,815.666573,820.698878,825.787495,830.932751,836.134731,841.393681,846.709514,852.082626,857.513129,863.001173,868.546911,874.150678,879.812507,885.532333,891.310513,897.147259,903.042645,908.996923,915.009946,921.082467,927.214347,933.405474,939.656484,945.967037,952.337370,958.768119,965.258903,971.810117,978.421845,985.094443,991.827542,998.622001,1005.477241,1012.393744,1019.371755,1026.411230,1033.512486,1040.675952,1047.901151,1055.188638,1062.538124,1069.950276,1077.424923,1084.962417,1092.562423,1100.225776,1107.952053,1115.741450,1123.594364,1131.510540,1139.490698,1147.534392,1155.642180,1163.814002,1172.050180,1180.350549,1188.715296,1197.144700,1205.638650,1214.197528,1222.821271,1231.510056,1240.264065,1249.083356,1257.967983,1266.918781,1275.934699,1285.016482,1294.164160,1303.377853,1312.657841,1322.003897
1686.336643,1681.039006,1675.745387,1670.456183,1665.171162,1659.890371,1654.613830,1649.341581,1644.073943,1638.810737,1633.552015,1628.297760,1623.047573,1617.802463,1612.562219,1607.326544,1602.095587,1596.869440,1591.648125,1586.431659,1581.220144,1576.013266,1570.811776,1565.615242,1560.423840,1555.237435,1550.056455,1544.880678,1539.710151,1534.544738,1529.384770,1524.230506,1519.081286,1513.938056,1508.800426,1503.668018,1498.541391,1493.420826,1488.305975,1483.197041,1478.093939,1472.996842,1467.905697,1462.820510,1457.741399,1452.668273,1447.601571,1442.541167,1437.487143,1432.438866,1427.397587,1422.362748,1417.334293,1412.312643,1407.297504,1402.288947,1397.287378,1392.292285,1387.304199,1382.323219,1377.349105,1372.381848,1367.421792,1362.468986,1357.523010,1352.584639,1347.653603,1342.729996,1337.813699,1332.904899,1328.003669,1323.110265,1318.224311,1313.346466,1308.476036,1303.613528,1298.758885,1293.911889,1289.073577,1284.243290,1279.420989,1274.607111,1269.801230,1265.003880,1260.215272,1255.434913,1250.663342,1245.900421,1241.146014,1236.400217,1231.663334,1226.935375,1222.216464,1217.506521,1212.805799,1208.114179,1203.431594,1198.758797,1194.095266,1189.441089,1184.796419,1180.161458,1175.536102,1170.920604,1166.314867,1161.719088,1157.132716,1152.556776,1147.990991,1143.435287,1138.890120,1134.355345,1129.830863,1125.316778,1120.812910,1116.319925,1111.837723,1107.366326,1102.905934,1098.456591,1094.018097,1089.590611,1085.174452,1080.769576,1076.375717,1071.993394,1067.440401,1063.263265,1058.915944,1054.580233,1050.256433,1045.944459,1041.644302,1037.356288,1033.080553,1028.817092,1024.566030,1020.327067,1016.100755,1011.887145,1007.686128,1003.497646,999.321826,995.159432,991.010120,986.873859,982.750901,978.641147,974.544938,970.462125,966.392636,962.337110,958.295191,954.267088,950.252879,946.252937,942.267071,938.295524,934.338275,930.395433,926.466793,922.552990,918.653840,914.769517,910.900140,907.045721,903.206668,899.382485,895.573768,891.780218,888.002056,884.239814,880.492970,876.762126,873.047321,869.348479,865.665717,861.998909,858.348450,854.714654,851.097117,847.437925,843.912510,840.345164,836.794300,833.261179,829.745306,826.246705,822.760821,819.301724,815.854735,812.425706,809.008529,805.621312,802.247344,798.891254,795.553714,792.234487,788.934802,785.651543,782.388370,779.142897,775.918377,772.712372,769.524794,766.356506,763.208678,760.037892,756.970260,753.881122,750.811983,747.762322,744.729530,741.723901,738.735160,735.767458,732.820498,729.894012,726.988194,724.094747,721.240772,718.399076,715.578267,712.778288,709.999759,707.246456,704.521238,701.792608,699.111272,696.442712,693.798678,691.177120,688.578393,686.001343,683.446905,680.907429,678.412396,675.916088,673.468908,671.034563,668.623004,666.234286,663.869376,661.529550,659.214784,656.923904,654.659533,652.412832,650.198632,648.006808,645.839753,643.698261,641.582575,639.493225,637.429628,635.391685,633.379670,631.394678,629.435291,627.502476,625.594726,623.716090,621.863208,620.037906,618.239642,616.469375,614.725877,613.010701,611.322865,609.662564,608.030334,606.427215,604.851785,603.305568,601.787741,600.299375,598.840040,597.410399,596.009749,594.638694,593.297355,591.985856,590.704752,589.453053,588.231963,587.041511,585.881840,584.752496,583.654436,582.587646,581.552223,580.548112,579.575440,578.634631,577.726190,576.849626,576.005869,575.194402,574.415296,573.669131,572.955838,572.275837,571.628828,571.015528,570.436002,569.890063,569.377990,568.900306,568.457031,568.048171,567.674160,567.335201,567.030859,566.761434,566.527492,566.329300,566.166569,566.039936,565.949251,565.894682,565.876580,565.895022,565.950307,566.042427,566.171530,566.337927,566.541890,566.783707,567.063217,567.380746,567.736128,568.130087,568.562203,569.032842,569.542505,570.091312,570.679191,571.306482,571.973538,572.680202,573.426827,574.213671,575.040586,575.908186,576.816437,577.765650,578.756013,579.787301,580.859889,581.974289,583.130133,584.327868,585.567781,586.849939,588.174486,589.541817,590.952105,592.405301,593.901643,595.441582,597.024961,598.652023,600.323067,602.038245,603.797535,605.601338,607.449804,609.343084,611.281521,613.265205,615.294147,617.368720,619.488986,621.655084,623.867712,626.126367,628.431630,630.783397,633.181961,635.627621,638.120553,640.661023,643.248921,645.884664,648.568332,651.300063,654.080029,656.908554,659.785706,662.711790,665.686907,668.711269,671.784989,674.908336,678.081335,681.304431,684.577722,687.901257,691.275280,694.699966,698.175548,701.702054,705.280241,708.909363,712.590097,716.322626,720.106986,723.943392,727.832328,731.773461,735.767420,739.814096,743.913632,748.066349,752.272467,756.531987,760.845144,765.212305,769.633361,774.108812,778.638395,783.222705,787.861573,792.555542,797.304303,802.108295,806.967435,811.882437,816.853340,821.879894,826.962417,832.101442,837.296775,842.548757,847.857299,853.222798,858.645367,864.125155,869.662317,875.257185,880.909796,886.620083,892.388485,898.214970,904.099905,910.043255,916.045204,922.106360,928.226409,934.405585,940.644009,946.941770,953.299124,959.716512,966.193712,972.730840,979.328258,985.986233,992.704394,999.483601,1006.323275,1013.223898,1020.185717,1027.208687,1034.293127,1041.439592,1048.647227,1055.916965,1063.248368,1070.642177,1078.098147,1085.616656,1093.197584,1100.841123,1108.547494,1116.316679,1124.149007,1132.044429,1140.003461,1148.025725,1156.111779,1164.261566,1172.475408,1180.753139,1189.094948,1197.501114,1205.971527,1214.506569,1223.106179,1231.770534,1240.499817,1249.294086,1258.153396,1267.078583,1276.068597,1285.124183,1294.245372,1303.432285,1312.685202,1322.003897
1668.269927,1663.043594,1657.821570,1652.603399,1647.389545,1642.180058,1636.974573,1631.773656,1626.577143,1621.385036,1616.197382,1611.013742,1605.834862,1600.660795,1595.491344,1590.326532,1585.166449,1580.011245,1574.860678,1569.714980,1564.573835,1559.437954,1554.307089,1549.181090,1544.060022,1538.944356,1533.833851,1528.728453,1523.628254,1518.533106,1513.443650,1508.359159,1503.280602,1498.207582,1493.139841,1488.077542,1483.021272,1477.970591,1472.925685,1467.886588,1462.853397,1457.826103,1452.804714,1447.789300,1442.779459,1437.776268,1432.779173,1427.788228,1422.803333,1417.824848,1412.852792,1407.887344,1402.928123,1397.975621,1393.029574,1388.090196,1383.157656,1378.231406,1373.312471,1368.400149,1363.494791,1358.596335,1353.705034,1348.820659,1343.943379,1339.073646,1334.211043,1329.355812,1324.507697,1319.667242,1314.834275,1310.008777,1305.191125,1300.381148,1295.578801,1290.783884,1285.997050,1281.218090,1276.447435,1271.684483,1266.929993,1262.183303,1257.444905,1252.715011,1247.993580,1243.280557,1238.576119,1233.880237,1229.192713,1224.513892,1219.843417,1215.182288,1210.530020,1205.886815,1201.252644,1196.627158,1192.011375,1187.404869,1182.807328,1178.219294,1173.640736,1169.071641,1164.512340,1159.962497,1155.422582,1150.892207,1146.371487,1141.860930,1137.360409,1132.870249,1128.390226,1123.920432,1119.461007,1115.011445,1110.572605,1106.144499,1101.726952,1097.320237,1092.924298,1088.539274,1084.165085,1079.801770,1075.449684,1071.108783,1066.778799,1062.460260,1058.153306,1053.857234,1049.573554,1044.746905,1041.040697,1036.791841,1032.554731,1028.329764,1024.116888,1019.916181,1015.727442,1011.551345,1007.387465,1003.236116,999.097214,994.970997,990.857079,986.756656,982.669167,978.594486,974.533084,970.484772,966.449689,962.428063,958.419815,954.425243,950.444182,946.476658,942.523133,938.583594,934.658161,930.746858,926.849712,922.966597,919.098062,915.243987,911.404459,907.579490,903.769386,899.974347,896.194314,892.429145,888.679116,884.944168,881.224757,877.520774,873.832384,870.159671,866.502795,862.861767,859.026477,855.627412,852.034572,848.457719,844.897632,841.349750,837.827033,834.316120,830.822013,827.345277,823.885640,820.438631,817.018011,813.609639,810.218385,806.838971,803.486716,800.152044,796.832844,793.531863,790.248916,786.985713,783.738027,780.510449,777.227822,774.110518,770.938982,767.786214,764.651702,761.537557,758.442813,755.366772,752.310214,749.273696,746.256356,743.259474,740.280801,737.324840,734.388124,731.468037,728.574017,725.700500,722.827379,720.012681,717.200503,714.410139,711.640019,708.889195,706.159932,703.456813,700.770378,698.098174,695.468733,692.854602,690.254293,687.681949,685.132272,682.604714,680.098990,677.616706,675.158151,672.722134,670.307995,667.921280,665.542612,663.215336,660.897741,658.603327,656.334686,654.089245,651.868292,649.672180,647.500321,645.354615,643.232205,641.136554,639.064774,637.019825,635.000064,633.005435,631.036761,629.095019,627.178516,625.288600,623.424553,621.587945,619.777622,617.993307,616.237175,614.508592,612.806353,611.132153,609.485282,607.865678,606.274059,604.710920,603.175765,601.669149,600.191011,598.742006,597.321972,595.930943,594.568669,593.236059,591.932865,590.659407,589.415698,588.201445,587.017393,585.863930,584.740809,583.647912,582.586088,581.555160,580.555425,579.586457,578.648955,577.743387,576.869683,576.027607,575.217921,574.440299,573.694776,572.982149,572.301810,571.654714,571.040399,570.459468,569.911973,569.397895,568.917369,568.471092,568.058865,567.680777,567.337352,567.028285,566.754086,566.514363,566.309972,566.140665,566.007035,565.908956,565.846577,565.820036,565.829796,565.875710,565.958213,566.077215,566.233016,566.425850,566.656093,566.923541,567.228710,567.571422,567.951918,568.370369,568.826785,569.321691,569.855357,570.427615,571.038699,571.689078,572.378707,573.107796,573.876611,574.685139,575.533554,576.422412,577.351716,578.321628,579.332140,580.383532,581.475943,582.609655,583.784669,585.001236,586.259786,587.560089,588.902609,590.287682,591.715265,593.185443,594.698694,596.254903,597.854473,599.497376,601.183809,602.914292,604.688428,606.506831,608.369510,610.276844,612.228953,614.226006,616.267995,618.355311,620.488008,622.666309,624.890663,627.160815,629.477327,631.839938,634.249094,636.704967,639.207851,641.757870,644.355040,646.999794,649.692130,652.432082,655.220214,658.056457,660.941010,663.874178,666.856060,669.886870,672.966719,676.095878,679.274368,682.502637,685.780831,689.108850,692.487087,695.915648,699.394824,702.924741,706.505790,710.137518,713.820447,717.555018,721.340973,725.178797,729.068638,733.010505,737.004788,741.051454,745.150761,749.302932,753.508093,757.766344,762.077939,766.443204,770.862083,775.334965,779.861714,784.442825,789.078216,793.768341,798.513068,803.312519,808.166924,813.076733,818.042207,823.063010,828.139420,833.272093,838.460700,843.705659,849.006846,854.364670,859.779349,865.250715,870.779241,876.365179,882.008491,887.709183,893.467708,899.283889,905.158312,911.090805,917.081671,923.131211,929.239440,935.406480,941.632450,947.917415,954.261830,960.665697,967.129181,973.652279,980.235353,986.878670,993.581857,1000.345779,1007.169855,1014.054568,1021.000165,1028.006602,1035.074198,1042.203509,1049.393680,1056.645645,1063.958965,1071.334411,1078.771923,1086.271159,1093.832774,1101.456694,1109.143140,1116.892096,1124.703890,1132.578475,1140.516365,1148.517185,1156.581574,1164.709233,1172.900726,1181.155808,1189.474669,1197.857588,1206.304455,1214.815654,1223.391124,1232.031042,1240.735593,1249.504834,1258.338824,1267.238396,1276.202502,1285.231888,1294.326586,1303.486717,1312.712562,1322.003897
1650.418971,1645.263193,1640.111590,1634.963970,1629.820527,1624.681226,1619.546392,1614.415922,1609.289635,1604.167830,1599.050141,1593.936919,1588.828315,1583.724401,1578.624920,1573.530345,1568.440312,1563.355093,1558.274532,1553.198445,1548.127537,1543.061523,1538.000331,1532.944067,1527.892919,1522.846985,1517.806051,1512.770285,1507.739600,1502.714215,1497.693835,1492.679250,1487.670117,1482.666232,1477.667868,1472.675078,1467.688058,1462.706582,1457.730850,1452.760853,1447.796730,1442.838457,1437.885976,1432.939234,1427.998595,1423.064167,1418.135920,1413.213379,1408.297425,1403.387486,1398.484150,1393.586923,1388.696366,1383.812242,1378.934737,1374.063673,1369.199261,1364.341350,1359.490463,1354.646210,1349.808923,1344.978538,1340.154905,1335.338557,1330.529214,1325.727081,1320.932215,1316.144620,1311.364018,1306.591187,1301.825594,1297.067547,1292.317073,1287.574224,1282.838842,1278.111269,1273.391771,1268.679789,1263.975788,1259.279986,1254.591991,1249.912153,1245.240491,1240.577214,1235.922256,1231.275823,1226.637606,1222.008047,1217.386834,1212.774106,1208.169639,1203.574314,1198.988216,1194.410956,1189.842228,1185.282806,1180.732648,1176.191488,1171.659444,1167.136978,1162.623636,1158.119862,1153.625578,1149.140920,1144.665868,1140.200361,1135.744648,1131.298531,1126.863003,1122.437283,1118.021726,1113.616180,1109.220959,1104.835602,1100.461102,1096.097080,1091.743469,1087.400599,1083.068445,1078.747047,1074.436487,1070.136582,1065.847872,1061.570252,1057.303252,1053.048003,1048.804037,1044.570832,1040.349898,1036.034948,1031.942312,1027.755953,1023.581208,1019.418628,1015.267933,1011.129302,1007.002535,1002.888275,998.786180,994.696481,990.619034,986.554183,982.501732,978.462540,974.436103,970.422462,966.421936,962.434387,958.459953,954.498713,950.551012,946.616761,942.695828,938.788425,934.894846,931.015085,927.149430,923.297513,919.459948,915.636164,911.826818,908.031753,904.251151,900.485220,896.733828,892.811954,889.275678,885.568942,881.877033,878.200245,874.538716,870.892387,867.261865,863.646599,860.047090,856.463301,852.895365,849.342969,845.806823,842.286980,838.783361,835.296199,831.824891,828.370072,824.932587,821.511707,818.107718,814.720583,811.348047,807.996989,804.661313,801.341785,798.042373,794.759981,791.495392,788.248630,785.021282,781.810456,778.617129,775.442016,772.287111,769.151206,766.031928,762.931869,759.850767,756.789354,753.746595,750.723140,747.718907,744.734144,741.780044,738.821542,735.897888,732.991865,730.107203,727.205579,724.396580,721.571698,718.768076,715.965657,713.223054,710.480529,707.761388,705.061807,702.384104,699.709245,697.090756,694.478632,691.885406,689.316094,686.769062,684.244276,681.742414,679.254042,676.795758,674.367760,671.957665,669.568876,667.204692,664.862304,662.544010,660.247905,657.976900,655.729305,653.505641,651.308899,649.126726,646.977911,644.852035,642.750375,640.672817,638.620531,636.593116,634.591219,632.614559,630.664159,628.739264,626.839117,624.966166,623.117926,621.296784,619.502062,617.732813,615.991007,614.276369,612.588773,610.927686,609.294061,607.687373,606.108003,604.557062,603.033151,601.537786,600.070405,598.631575,597.221586,595.840271,594.487188,593.163366,591.868861,590.603130,589.367280,588.160637,586.983454,585.836150,584.719394,583.632144,582.575457,581.549687,580.554155,579.589686,578.655770,577.753138,576.882305,576.042672,575.234853,574.459079,573.714695,573.002464,572.322916,571.675415,571.060690,570.478794,569.929757,569.413958,568.931545,568.482247,568.066995,567.685436,567.337759,567.024613,566.745492,566.500779,566.290557,566.115240,565.974808,565.869742,565.799970,565.765621,565.766792,565.804139,565.877233,565.986692,566.132295,566.314464,566.533447,566.789566,567.082671,567.413025,567.780659,568.185862,568.628740,569.109300,569.628036,570.185218,570.780849,571.414940,572.088059,572.800095,573.551323,574.341990,575.172080,576.041820,576.951604,577.901596,578.891916,579.922539,580.993720,582.105702,583.258562,584.452451,585.687688,586.964598,588.282912,589.643166,591.045762,592.490382,593.977483,595.507204,597.079698,598.695075,600.353633,602.055549,603.800775,605.589757,607.422578,609.299318,611.220495,613.186128,615.196275,617.251136,619.351015,621.495948,623.686263,625.922225,628.203683,630.531211,632.904449,635.324000,637.790031,640.302746,642.862161,645.468474,648.122058,650.822881,653.571065,656.367038,659.210930,662.102711,665.042821,668.031368,671.068450,674.154328,677.289129,680.472979,683.706405,686.989211,690.321699,693.703987,697.136298,700.618927,704.152286,707.735787,711.370071,715.055320,718.791485,722.579103,726.418148,730.308889,734.251349,738.245881,742.292479,746.391470,750.542887,754.747040,759.003939,763.313861,767.677159,772.093882,776.563999,781.087929,785.665694,790.297622,794.983688,799.724192,804.519100,809.368647,814.273442,819.233240,824.248221,829.318489,834.444727,839.626707,844.864386,850.158153,855.508300,860.914773,866.377850,871.897681,877.474752,883.108588,888.799632,894.548197,900.354088,906.217911,912.139487,918.119171,924.157110,930.253473,936.408418,942.621806,948.893959,955.225248,961.615674,968.065404,974.574492,981.143241,987.771751,994.459932,1001.208535,1008.016981,1014.885754,1021.815098,1028.804974,1035.855697,1042.967829,1050.140509,1057.374676,1064.670154,1072.026923,1079.445715,1086.925924,1094.468206,1102.072489,1109.738993,1117.467701,1125.258945,1133.112676,1141.029410,1149.008772,1157.051402,1165.157001,1173.326134,1181.558557,1189.854459,1198.214122,1206.637435,1215.124782,1223.676105,1232.291580,1240.971393,1249.715602,1258.524266,1267.398219,1276.336414,1285.339598,1294.407803,1303.541151,1312.739923,1322.003897
1632.781328,1627.695334,1622.613531,1617.535765,1612.461577,1607.392114,1602.326869,1597.265956,1592.209209,1587.156610,1582.108575,1577.064868,1572.025661,1566.991124,1561.960959,1556.935549,1551.914876,1546.898782,1541.887210,1536.880607,1531.878816,1526.881766,1521.889523,1516.902456,1511.920336,1506.943167,1501.971117,1497.004125,1492.042287,1487.085368,1482.134199,1477.188301,1472.247570,1467.312286,1462.382736,1457.458476,1452.539918,1447.626811,1442.719525,1437.817867,1432.922039,1428.031949,1423.147460,1418.269154,1413.396559,1408.530266,1403.669698,1398.815496,1393.967332,1389.125348,1384.289811,1379.460302,1374.637330,1369.821037,1365.011138,1360.207577,1355.410717,1350.620152,1345.836609,1341.059749,1336.289867,1331.526310,1326.770142,1322.021010,1317.278739,1312.543569,1307.815566,1303.094677,1298.381128,1293.674981,1288.976157,1284.284608,1279.600714,1274.924235,1270.255302,1265.594386,1260.940942,1256.295191,1251.657465,1247.027689,1242.405995,1237.792205,1233.186396,1228.589009,1223.999852,1219.419037,1214.846474,1210.282464,1205.726557,1201.179244,1196.640214,1192.110285,1187.589290,1183.077032,1178.573721,1174.079312,1169.593831,1165.117424,1160.650411,1156.192523,1151.743867,1147.304480,1142.874749,1138.454332,1134.043514,1129.642338,1125.250756,1120.868660,1116.496958,1112.135167,1107.783243,1103.441370,1099.109795,1094.788007,1090.477005,1086.176329,1081.885937,1077.606213,1073.337127,1069.078696,1064.830909,1060.593891,1056.367868,1051.573189,1047.948343,1043.755491,1039.573430,1035.402847,1031.244024,1027.096539,1022.960365,1018.835613,1014.722769,1010.621743,1006.532570,1002.455301,998.389947,994.336883,990.295819,986.267095,982.250602,978.246433,974.254739,970.276159,966.310094,962.356797,958.416517,954.489060,950.574428,946.673270,942.785337,938.910792,935.049346,931.201341,927.366995,923.546499,919.739927,915.946955,912.168118,908.403136,904.652349,900.915789,897.193402,893.485613,889.792469,886.113881,882.450107,878.801071,875.166532,871.547415,867.942968,864.354138,860.780542,857.222066,853.679403,850.152271,846.640561,843.144791,839.664807,836.201109,832.753573,829.321745,825.906147,822.495682,819.124923,815.759458,812.393649,809.078439,805.762584,802.464279,799.181971,795.918576,792.673085,789.444835,786.234068,783.042470,779.867032,776.709218,773.576728,770.448790,767.346141,764.261760,761.195949,758.146490,755.120339,752.105667,749.120056,746.148409,743.196002,740.274074,737.346815,734.454491,731.579815,728.721921,725.856083,723.084170,720.276872,717.479851,714.751889,712.019840,709.304482,706.614948,703.943641,701.293502,698.663404,696.056416,693.469850,690.903943,688.361558,685.834748,683.340314,680.862719,678.406211,675.962936,673.565482,671.177636,668.809783,666.470479,664.148825,661.848941,659.582417,657.327358,655.107619,652.904068,650.725850,648.569869,646.439585,644.332913,642.250661,640.192578,638.160049,636.150460,634.167414,632.209607,630.275577,628.367102,626.485922,624.628353,622.797224,620.990535,619.211864,617.458169,615.730791,614.030126,612.356580,610.709887,609.089165,607.495706,605.929102,604.389319,602.878244,601.393528,599.937488,598.508990,597.108879,595.737293,594.394620,593.079329,591.793559,590.536398,589.308033,588.109570,586.939591,585.798902,584.688160,583.607582,582.556128,581.535088,580.544596,579.584500,578.654493,577.755626,576.887358,576.050804,575.244970,574.471011,573.728414,573.017368,572.338402,571.691194,571.076254,570.493716,569.943744,569.426473,568.942070,568.490886,568.072483,567.687778,567.336688,567.019300,566.735838,566.486355,566.270800,566.089631,565.943302,565.831410,565.754618,565.712939,565.706235,565.734958,565.799410,565.899610,566.035529,566.207351,566.415832,566.660656,566.942308,567.260758,567.616064,568.008347,568.438024,568.904927,569.409396,569.951797,570.532300,571.150960,571.807815,572.503426,573.237589,574.010708,574.822980,575.674309,576.565241,577.495780,578.466240,579.476778,580.527179,581.617901,582.749202,583.920971,585.133559,586.387230,587.682043,589.018261,590.396137,591.815892,593.277470,594.781157,596.327247,597.915744,599.546864,601.220852,602.937880,604.697926,606.501387,608.348462,610.239113,612.173948,614.152834,616.175979,618.243595,620.355797,622.512810,624.715066,626.962324,629.255079,631.593326,633.977047,636.406851,638.882808,641.405174,643.973868,646.589133,649.251484,651.960587,654.716858,657.520572,660.371840,663.270789,666.217700,669.212700,672.256024,675.347739,678.488072,681.677150,684.915490,688.202895,691.539656,694.925947,698.361881,701.847844,705.384242,708.970423,712.607090,716.294404,720.032378,723.821367,727.661588,731.553086,735.495997,739.490771,743.537249,747.635640,751.786336,755.989299,760.244764,764.553006,768.914162,773.328556,777.795905,782.316854,786.891229,791.519493,796.201576,800.937779,805.728067,810.572675,815.472213,820.426436,825.435523,830.499579,835.619287,840.794419,846.024932,851.311278,856.653562,862.051916,867.506556,873.017727,878.585636,884.210134,889.891485,895.629972,901.425528,907.278784,913.189310,919.157712,925.184254,931.268507,937.411227,943.612074,949.871374,956.189496,962.566443,969.002410,975.497363,982.051695,988.665475,995.338765,1002.071868,1008.864653,1015.717557,1022.630517,1029.603802,1036.637725,1043.732550,1050.887716,1058.104060,1065.381408,1072.719740,1080.119790,1087.580951,1095.103882,1102.688508,1110.335050,1118.043495,1125.814172,1133.647033,1141.542597,1149.500487,1157.521344,1165.604871,1173.751633,1181.961385,1190.234318,1198.570715,1206.970465,1215.433954,1223.961122,1232.552148,1241.207216,1249.926291,1258.709722,1267.558053,1276.470333,1285.447313,1294.489022,1303.595585,1312.767285,1322.003897
1615.355013,1610.337950,1605.325013,1600.315928,1595.310985,1590.310236,1585.313793,1580.321667,1575.333471,1570.349676,1565.370341,1560.395345,1555.424767,1550.458634,1545.497180,1540.540256,1535.587963,1530.640115,1525.697155,1520.759056,1515.825491,1510.896651,1505.972864,1501.053983,1496.140051,1491.230954,1486.326915,1481.428250,1476.533987,1471.645548,1466.762337,1461.884114,1457.011296,1452.144059,1447.282279,1442.425793,1437.574882,1432.729606,1427.889835,1423.055829,1418.227073,1413.404537,1408.587809,1403.776834,1398.971785,1394.172338,1389.379281,1384.592278,1379.811360,1375.036469,1370.267869,1365.505294,1360.749477,1356.000006,1351.256915,1346.520350,1341.789751,1337.066161,1332.349319,1327.639243,1322.935396,1318.238646,1313.548979,1308.866230,1304.190438,1299.521274,1294.859412,1290.204702,1285.557235,1280.917078,1276.284252,1271.658408,1267.040383,1262.429632,1257.826684,1253.231404,1248.643197,1244.063135,1239.490973,1234.926617,1230.370227,1225.821643,1221.281153,1216.748835,1212.224668,1207.708885,1203.201341,1198.702048,1194.210877,1189.727846,1185.253947,1180.788460,1176.331911,1171.884316,1167.445298,1163.015157,1158.593800,1154.181688,1149.778623,1145.384672,1140.999833,1136.624377,1132.258160,1127.901519,1123.554336,1119.216480,1114.888368,1110.569832,1106.261300,1101.962534,1097.673674,1093.394839,1089.126139,1084.867333,1080.619060,1076.380892,1072.153185,1067.935958,1063.729212,1059.533065,1055.347471,1051.172554,1047.008540,1042.855168,1038.712754,1034.581630,1030.461204,1026.352157,1022.254773,1018.168547,1014.093648,1010.029996,1005.978301,1001.938220,997.909904,993.893367,989.888654,985.896128,981.915497,977.946947,973.990679,970.046769,966.115105,962.196428,958.290158,954.396548,950.515843,946.647850,942.792459,938.950638,935.121855,931.306123,927.503666,923.714560,919.938836,916.176962,912.428802,908.694124,904.973448,901.266519,897.573770,893.894964,890.230371,886.580174,882.944408,879.323136,875.716685,872.124611,868.547209,864.984852,861.437074,857.904825,854.387514,850.885479,847.399045,843.927670,840.471879,837.031819,833.607922,830.199560,826.798786,823.430718,820.069937,816.726245,813.398805,810.087932,806.793458,803.514972,800.254110,796.895533,793.781638,790.572512,787.380566,784.204007,781.048627,777.909720,774.786901,771.681911,768.595929,765.527430,762.369335,759.445113,756.429178,753.436180,750.454312,747.519584,744.562480,741.642297,738.740998,735.858418,732.995508,730.151783,727.327564,724.495741,721.754739,718.960226,716.203707,713.505383,710.800350,708.110912,705.452762,702.807244,700.154631,697.584901,695.005206,692.444628,689.906204,687.385126,684.892139,682.398869,679.967897,677.538222,675.129173,672.735726,670.379300,668.038473,665.716638,663.422162,661.150837,658.900497,656.671307,654.469206,652.288681,650.130468,648.000033,645.882359,643.798233,641.736804,639.699005,637.683662,635.694941,633.728522,631.787638,629.872497,627.981844,626.116235,624.276296,622.461191,620.671410,618.907461,617.168915,615.456689,613.770739,612.110565,610.477921,608.870665,607.290372,605.736872,604.209603,602.709760,601.237496,599.792091,598.374707,596.985027,595.623184,594.289999,592.984585,591.707283,590.458900,589.238727,588.047493,586.885605,585.751933,584.647601,583.573012,582.527800,581.512159,580.526581,579.571069,578.645721,577.750335,576.885575,576.051726,575.248828,574.476759,573.736091,573.026430,572.348298,571.702014,571.087126,570.504207,569.953647,569.435242,568.949477,568.496136,568.075569,567.687914,567.333461,567.012408,566.724956,566.471010,566.250881,566.064287,565.911850,565.793890,565.710397,565.661612,565.647484,565.668213,565.724210,565.815471,565.942285,566.104648,566.302702,566.536920,566.807476,567.114241,567.457715,567.837593,568.254397,568.708338,569.199044,569.727088,570.292977,570.896418,571.537699,572.217184,572.934948,573.691111,574.485939,575.319488,576.191899,577.103628,578.054682,579.045401,580.075799,581.145846,582.255967,583.406263,584.596712,585.827865,587.099830,588.412430,589.766263,591.161539,592.598252,594.076540,595.596513,597.158817,598.763178,600.409848,602.098966,603.830964,605.605593,607.423383,609.284359,611.188895,613.137118,615.129178,617.165081,619.245211,621.369622,623.538460,625.752396,628.010949,630.314693,632.663557,635.057719,637.497592,639.983310,642.515139,645.092966,647.717207,650.387942,653.105307,655.869472,658.680760,661.539238,664.445209,667.398773,670.400143,673.449428,676.546899,679.692576,682.886907,686.130037,689.421866,692.762785,696.152900,699.592383,703.081560,706.620850,710.209624,713.848560,717.537819,721.277440,725.067751,728.909089,732.801167,736.744603,740.739338,744.785463,748.883317,753.033120,757.234874,761.488812,765.795304,770.154238,774.566066,779.030678,783.548515,788.119461,792.743980,797.422000,802.153724,806.939179,811.779007,816.673215,821.621789,826.624911,831.682902,836.795773,841.964013,847.187294,852.466093,857.800513,863.190687,868.636875,874.139314,879.698061,885.313030,890.984640,896.713018,902.498207,908.340761,914.240234,920.197345,926.212243,932.284559,938.414990,944.603254,950.849725,957.154573,963.518097,969.940137,976.420947,982.960826,989.559843,996.218058,1002.935778,1009.712869,1016.549770,1023.446420,1030.403085,1037.420303,1044.497673,1051.635298,1058.833794,1066.092989,1073.412930,1080.794149,1088.236212,1095.739799,1103.304750,1110.931313,1118.619476,1126.369570,1134.181546,1142.055924,1149.992329,1157.991400,1166.052842,1174.177221,1182.364292,1190.614247,1198.927369,1207.303548,1215.743169,1224.246175,1232.812745,1241.443064,1250.137096,1258.895192,1267.717897,1276.604260,1285.555032,1294.570244,1303.650021,1312.794646,1322.003897
1598.137613,1593.188684,1588.243662,1583.302955,1578.366190,1573.433448,1568.505003,1563.580590,1558.660549,1553.744774,1548.833344,1543.925928,1539.023326,1534.125165,1529.231460,1524.342307,1519.457398,1514.577555,1509.702237,1504.831633,1499.965547,1495.104432,1490.248142,1485.396681,1480.550078,1475.708402,1470.871859,1466.040034,1461.213528,1456.392324,1451.576070,1446.765088,1441.959551,1437.159389,1432.364605,1427.575093,1422.791206,1418.012826,1413.239920,1408.472355,1403.710763,1398.954960,1394.204857,1389.460591,1384.721819,1379.989180,1375.262621,1370.542164,1365.827517,1361.119066,1356.416653,1351.720513,1347.030908,1342.347470,1337.670621,1333.000016,1328.335380,1323.677854,1319.026960,1314.382476,1309.744613,1305.113683,1300.489703,1295.872584,1291.262308,1286.658610,1282.062327,1277.472874,1272.890805,1268.315998,1263.748091,1259.187672,1254.634654,1250.089110,1245.551029,1241.020557,1236.497299,1231.982144,1227.474762,1222.975039,1218.483287,1213.999285,1209.523376,1205.055209,1200.595569,1196.143943,1191.700618,1187.265376,1182.838116,1178.419311,1174.009211,1169.607699,1165.215065,1160.831184,1156.455610,1152.089063,1147.731370,1143.382548,1139.042951,1134.712138,1130.390485,1126.078050,1121.775089,1117.481401,1113.196840,1108.922040,1104.656583,1100.400833,1096.154593,1091.918241,1087.691805,1083.475408,1079.268889,1075.072374,1070.886084,1066.709872,1062.544043,1058.388601,1054.243552,1050.109008,1045.873643,1041.871449,1037.768771,1033.676645,1029.595383,1025.525092,1021.465834,1017.417685,1013.381076,1009.355531,1005.341009,1001.338029,997.346665,993.366885,989.398791,985.442375,981.497623,977.565008,973.644072,969.735293,965.838601,961.954220,958.081926,954.222387,950.375389,946.540771,942.718998,938.909639,935.113162,931.329948,927.559712,923.802310,920.058100,916.327079,912.609477,908.905551,905.215194,901.538113,897.875108,894.225638,890.590252,886.968543,883.360985,879.767922,876.189008,872.624683,869.074619,865.538845,862.017954,858.511475,855.020195,851.543836,848.017719,844.636083,841.205050,837.789127,834.388743,831.004016,827.634997,824.281502,820.943666,817.621416,814.315955,811.026541,807.753345,804.496383,801.255636,798.034715,794.823383,791.631949,788.458868,785.303117,782.162262,779.042469,775.937847,772.850811,769.780715,766.729104,763.694847,760.610448,757.679860,754.697128,751.737522,748.788427,745.868112,742.961522,740.073386,737.203870,734.353010,731.521739,728.708136,725.914474,723.112501,720.386303,717.637700,714.932979,712.240360,709.565099,706.910212,704.273946,701.658147,699.049744,696.501331,693.934909,691.403965,688.891830,686.404131,683.930225,681.482896,679.055795,676.651352,674.268226,671.897116,669.566745,667.248841,664.952655,662.680803,660.432953,658.198134,655.997361,653.816447,651.654940,649.518212,647.405695,645.314980,643.248553,641.206252,639.186515,637.192975,635.221570,633.274205,631.351277,629.454975,627.581322,625.732765,623.909906,622.110377,620.337661,618.589070,616.866497,615.169415,613.497432,611.851571,610.232177,608.639562,607.072043,605.531423,604.017435,602.529475,601.068935,599.634782,598.228321,596.849315,595.497703,594.173922,592.878528,591.610253,590.370571,589.158988,587.975718,586.821145,585.695391,584.597731,583.529250,582.490414,581.480355,580.500000,579.549554,578.628619,577.737497,576.876484,576.045735,575.245865,574.476274,573.737513,573.029849,572.353156,571.707336,571.093297,570.510263,569.959328,569.440166,568.953070,568.498182,568.075791,567.685598,567.328354,567.004069,566.712649,566.454752,566.229955,566.038787,565.880914,565.757080,565.667197,565.611723,565.590553,565.603793,565.651611,565.734550,565.852614,566.005601,566.193865,566.417857,566.677677,566.973415,567.305369,567.673402,568.077874,568.518940,568.996377,569.510737,570.062341,570.651264,571.277508,571.941348,572.643243,573.382742,574.160582,574.976833,575.831473,576.724730,577.656995,578.628394,579.639204,580.689125,581.778615,582.907801,584.076929,585.285976,586.535328,587.825283,589.155571,590.526749,591.939133,593.392622,594.887451,596.423838,598.001824,599.621800,601.283794,602.988030,604.734670,606.523760,608.355699,610.230472,612.148599,614.110089,616.115005,618.163545,620.256011,622.392455,624.573114,626.798389,629.068068,631.382698,633.742006,636.146439,638.596211,641.091662,643.632612,646.219400,648.852351,651.531460,654.256761,657.028815,659.847553,662.713171,665.625973,668.586098,671.593641,674.648866,677.751889,680.902847,684.102146,687.349934,690.646108,693.991060,697.384897,700.827908,704.320220,707.862280,711.453378,715.094470,718.785648,722.526782,726.318251,730.160484,734.053140,737.996870,741.991545,746.037311,750.134491,754.283306,758.483755,762.736081,767.040632,771.397316,775.806579,780.268310,784.782951,789.350386,793.971077,798.644954,803.372220,808.152871,812.987638,817.876512,822.819295,827.816378,832.868021,837.974307,843.135485,848.351469,853.622656,858.949161,864.331134,869.768731,875.262286,880.811838,886.417321,892.079094,897.797372,903.572123,909.403925,915.292333,921.238066,927.241276,933.301589,939.419788,945.595345,951.828878,958.120478,964.470464,970.878614,977.345333,983.870757,990.454853,997.098130,1003.800263,1010.561629,1017.382498,1024.262806,1031.202824,1038.203093,1045.263198,1052.383255,1059.563880,1066.804898,1074.106357,1081.468800,1088.891765,1096.375960,1103.921349,1111.527781,1119.195645,1126.925139,1134.716367,1142.569393,1150.484297,1158.461570,1166.501014,1174.602899,1182.767278,1190.994344,1199.284082,1207.636681,1216.052428,1224.531265,1233.073372,1241.678936,1250.347920,1259.080677,1267.877751,1276.738194,1285.662755,1294.651469,1303.704458,1312.822008,1322.003897
1581.126909,1576.245248,1571.367769,1566.494390,1561.624961,1556.759643,1551.898059,1547.041064,1542.188310,1537.339801,1532.495272,1527.655117,1522.819593,1517.988452,1513.161790,1508.339296,1503.521664,1498.708609,1493.900192,1489.096216,1484.297260,1479.502921,1474.713333,1469.928521,1465.148516,1460.373683,1455.603242,1450.838381,1446.078485,1441.323541,1436.573770,1431.829403,1427.090233,1422.356399,1417.627686,1412.904636,1408.186953,1403.474735,1398.767570,1394.066466,1389.370983,1384.681033,1379.996939,1375.318207,1370.645596,1365.978761,1361.318055,1356.663300,1352.014282,1347.371329,1342.734662,1338.104049,1333.479793,1328.861913,1324.250343,1319.645018,1315.045799,1310.453512,1305.867431,1301.288357,1296.715638,1292.149733,1287.590643,1283.038429,1278.492823,1273.954131,1269.422549,1264.897718,1260.380373,1255.869906,1251.366599,1246.870611,1242.382183,1237.900804,1233.426883,1228.960460,1224.501708,1220.050680,1215.607224,1211.171526,1206.743619,1202.323582,1197.911347,1193.506988,1189.110970,1184.722599,1180.342913,1175.970793,1171.607047,1167.251538,1162.904972,1158.566664,1154.237118,1149.916069,1145.603405,1141.299860,1137.004864,1132.718955,1128.441880,1124.173640,1119.914461,1115.664605,1111.423876,1107.192324,1102.970164,1098.757434,1094.554054,1090.360017,1086.175701,1082.001222,1077.836632,1073.681864,1069.536753,1065.401831,1061.276782,1057.161990,1053.057362,1048.963035,1044.879004,1040.805285,1036.742191,1032.689464,1028.647458,1024.615916,1020.595139,1016.585077,1012.586142,1008.598560,1004.621877,1000.656305,996.701588,992.758620,988.826991,984.906850,980.998221,977.101321,973.215911,969.342477,965.480587,961.630845,957.793056,953.967699,950.154133,946.353219,942.564738,938.788531,935.024930,931.273787,927.535494,923.810278,920.097857,916.398155,912.711704,909.038028,905.378060,901.731417,898.098231,894.277302,890.871972,887.279579,883.700838,880.135819,876.584752,873.047972,869.525284,866.017129,862.523059,859.043160,855.578025,852.127206,848.691355,845.206244,841.864066,838.472952,835.096625,831.735960,828.390061,825.060143,821.745364,818.446497,815.162619,811.889586,808.642978,805.407415,802.187775,798.984080,795.788874,792.625345,789.470149,786.331296,783.212844,780.109575,777.023282,773.953831,770.901529,767.866706,764.848934,761.848552,758.865726,755.900839,752.951121,750.024695,747.107977,744.220411,741.345869,738.490082,735.651983,732.832657,730.032822,727.249753,724.486331,721.714703,719.018582,716.315677,713.626303,710.960734,708.314284,705.688621,703.080180,700.494109,697.926674,695.380522,692.853369,690.346673,687.864862,685.396867,682.953067,680.530190,678.129149,675.744336,673.388107,671.039303,668.737969,666.444128,664.171198,661.923455,659.693714,657.488754,655.295910,653.142065,651.004481,648.888978,646.800500,644.734714,642.680876,640.660104,638.664239,636.687007,634.735168,632.806689,630.901674,629.022148,627.166940,625.335002,623.528211,621.746635,619.989012,618.257000,616.549203,614.867348,613.210875,611.579192,609.973533,608.394577,606.841365,605.313674,603.812351,602.336816,600.887645,599.465985,598.070198,596.702118,595.360925,594.047118,592.761199,591.502956,590.271644,589.068881,587.893976,586.746933,585.628710,584.538804,583.476833,582.444103,581.440338,580.465361,579.519799,578.603905,577.717232,576.860121,576.033138,575.235963,574.469404,573.733145,573.027277,572.352228,571.707756,571.094362,570.511917,569.960596,569.441236,568.953323,568.497070,568.072932,567.681026,567.320958,566.993774,566.699096,566.437123,566.208411,566.012612,565.849787,565.720388,565.624908,565.562916,565.535059,565.541283,565.581587,565.656285,565.765914,565.910202,566.089247,566.303285,566.552854,566.837886,567.158556,567.515412,567.907727,568.336455,568.801371,569.302511,569.840219,570.414850,571.026581,571.675457,572.361518,573.085436,573.846656,574.645995,575.483333,576.358757,577.272716,578.225271,579.216852,580.247336,581.316726,582.425410,583.573530,584.761126,585.988495,587.255899,588.563554,589.911246,591.299790,592.728947,594.199015,595.710141,597.262546,598.856307,600.491631,602.168763,603.887920,605.648906,607.452329,609.298215,611.186637,613.118114,615.092663,617.110336,619.171370,621.275958,623.424241,625.616478,627.853031,630.133802,632.458941,634.828524,637.242998,639.702594,642.207462,644.757578,647.353200,649.994679,652.681984,655.415232,658.194911,661.020969,663.893556,666.813050,669.779537,672.793210,675.854167,678.962648,682.118754,685.323007,688.575210,691.875665,695.224489,698.621903,702.068202,705.563797,709.108159,712.701751,716.344931,720.037592,723.780268,727.572935,731.415860,735.309055,739.252907,743.247393,747.292745,751.389154,755.536906,759.735935,763.986549,768.289075,772.643563,777.050082,781.508816,786.020155,790.583967,795.200856,799.870541,804.593194,809.369046,814.198547,819.081959,824.018949,829.009829,834.055148,839.154700,844.308831,849.517453,854.780966,860.099482,865.473153,870.902136,876.386763,881.927075,887.523004,893.174994,898.883013,904.647429,910.468274,916.345544,922.279948,928.271349,934.319639,940.425456,946.588462,952.808899,959.087238,965.423599,971.817883,978.270343,984.781242,991.350504,997.978640,1004.665355,1011.410951,1018.215738,1025.079676,1032.003018,1038.986305,1046.029123,1053.131869,1060.294317,1067.517134,1074.800088,1082.143725,1089.547579,1097.012362,1104.538038,1112.124454,1119.772002,1127.480880,1135.251225,1143.083003,1150.976494,1158.931855,1166.949249,1175.028668,1183.170344,1191.374412,1199.640855,1207.969866,1216.361730,1224.816391,1233.334029,1241.914831,1250.558763,1259.266176,1268.037616,1276.872135,1285.770483,1294.732696,1303.758896,1312.849371,1322.003897
1564.320540,1559.505783,1554.695012,1549.888129,1545.085261,1540.286307,1535.491530,1530.700884,1525.914577,1521.132342,1516.354442,1511.580551,1506.811327,1502.046508,1497.285787,1492.529851,1487.778418,1483.031373,1478.289046,1473.551355,1468.818464,1464.090115,1459.366464,1454.647541,1449.933441,1445.224216,1440.520145,1435.821101,1431.126750,1426.437586,1421.753726,1417.075025,1412.401482,1407.733175,1403.070071,1398.412489,1393.760312,1389.113154,1384.471848,1379.835980,1375.205734,1370.581103,1365.961904,1361.348596,1356.741112,1352.139568,1347.543748,1342.953939,1338.369739,1333.791850,1329.219589,1324.654014,1320.094689,1315.541440,1310.994391,1306.453812,1301.919242,1297.391101,1292.869890,1288.355161,1283.846694,1279.345123,1274.850335,1270.362197,1265.880806,1261.406158,1256.938438,1252.477813,1248.024110,1243.577614,1239.138149,1234.706019,1230.281147,1225.863240,1221.452985,1217.050027,1212.654887,1208.267146,1203.887114,1199.514720,1195.149917,1190.793004,1186.444039,1182.102480,1177.769178,1173.443995,1169.126665,1164.817621,1160.516050,1156.223749,1151.939733,1147.663851,1143.396335,1139.137755,1134.887523,1130.646253,1126.413242,1122.189364,1117.974143,1113.767798,1109.570680,1105.382313,1101.203378,1097.033424,1092.872813,1088.721373,1084.579478,1080.446631,1076.323565,1072.210346,1068.106791,1064.012780,1059.928635,1055.854564,1051.790269,1047.736099,1043.692042,1039.658133,1035.634465,1031.620989,1027.618128,1023.625506,1019.643318,1015.671901,1011.710962,1007.505944,1003.821369,999.893338,995.976046,992.069863,988.174509,984.290729,980.418129,976.557064,972.707317,968.869192,965.042510,961.227680,957.424296,953.632865,949.853456,946.085971,942.330801,938.587926,934.857221,931.138915,927.432951,923.739267,920.058599,916.390794,912.735568,909.092984,905.463491,901.846816,898.243676,894.653721,891.077020,887.513543,883.963680,880.427552,876.904649,873.395619,869.900712,866.419700,862.952660,859.500032,856.061193,852.636758,849.226639,845.831078,842.449968,839.083653,835.732236,832.395586,829.073759,825.767313,822.475752,819.199468,815.938860,812.693186,809.462770,806.248999,803.047953,799.868222,796.694787,793.550143,790.415604,787.296878,784.195382,781.110640,778.042658,774.991799,771.957144,768.939749,765.939107,762.955441,759.989659,757.040177,754.108445,751.191808,748.298145,745.414205,742.558716,739.716399,736.892373,734.085991,731.297808,728.528241,725.776692,723.044237,720.301709,717.636438,714.963076,712.301515,709.666225,707.048334,704.450646,701.871001,699.313024,696.773096,694.253872,691.733599,689.275809,686.816430,684.378207,681.959056,679.561944,677.185939,674.831616,672.497735,670.183769,667.892411,665.622207,663.374004,661.147341,658.943041,656.759512,654.599350,652.461177,650.343713,648.250643,646.178462,644.130172,642.104994,640.100863,638.121511,636.164963,634.231963,632.322034,630.437253,628.575038,626.737307,624.922927,623.133381,621.368311,619.627479,617.911066,616.219383,614.552519,612.910384,611.293712,609.702736,608.136828,606.597526,605.083479,603.594242,602.132120,600.695232,599.284470,597.901123,596.543326,595.213019,593.909424,592.633023,591.384758,590.162694,588.968364,587.802149,586.663269,585.552505,584.470114,583.415580,582.388913,581.391359,580.422496,579.482137,578.571149,577.689247,576.836583,576.013370,575.219855,574.456102,573.722414,573.018876,572.345608,571.702720,571.090435,570.508950,569.958062,569.438192,568.949836,568.492699,568.067133,567.673495,567.311649,566.981481,566.683871,566.418550,566.185944,565.985792,565.818694,565.684232,565.582940,565.515255,565.480947,565.480427,565.513709,565.580827,565.682173,565.818049,565.988345,566.193060,566.432763,566.707580,567.017615,567.363142,567.744250,568.160883,568.613387,569.101941,569.626419,570.187306,570.784861,571.419034,572.090170,572.798257,573.543759,574.326614,575.147140,576.005372,576.901450,577.835826,578.808472,579.819895,580.869796,581.958389,583.086025,584.252801,585.458692,586.704270,587.989586,589.314510,590.679626,592.085129,593.530981,595.017473,596.544571,598.112805,599.722125,601.372628,603.064686,604.798466,606.573812,608.391252,610.250858,612.152815,614.097517,616.084889,618.115132,620.188474,622.305017,624.464996,626.668812,628.916251,631.207796,633.543439,635.923163,638.347574,640.816737,643.330910,645.890009,648.494311,651.144220,653.839559,656.580565,659.367663,662.200868,665.080373,668.006416,670.979108,673.998760,677.065359,680.179156,683.340322,686.549243,689.805850,693.110390,696.463037,699.863902,703.313370,706.811847,710.358679,713.954570,717.599680,721.294021,725.037948,728.831677,732.675228,736.568811,740.512801,744.506942,748.551808,752.647427,756.793880,760.991404,765.240202,769.540625,773.892579,778.296465,782.752146,787.260159,791.820463,796.433155,801.098538,805.816576,810.587500,815.411935,820.289622,825.220747,830.205413,835.244307,840.337150,845.484047,850.685243,855.941012,861.251590,866.616792,872.037101,877.512768,883.043758,888.630079,894.272184,899.969937,905.723811,911.533741,917.399912,923.322935,929.302497,935.338836,941.432075,947.582369,953.789786,960.054961,966.377613,972.757858,979.196064,985.692402,992.246796,998.859757,1005.530990,1012.260798,1019.049490,1025.897029,1032.803666,1039.769950,1046.795468,1053.880577,1061.025104,1068.229696,1075.494245,1082.818932,1090.203655,1097.649122,1105.154949,1112.721332,1120.348536,1128.036792,1135.786206,1143.596753,1151.468716,1159.402253,1167.397525,1175.454526,1183.573489,1191.754548,1199.997688,1208.303101,1216.671102,1225.101553,1233.594716,1242.150751,1250.769624,1259.451689,1268.197491,1277.006083,1285.878216,1294.813925,1303.813335,1312.876733,1322.003897
1547.716856,1542.967993,1538.223089,1533.482061,1528.744744,1524.011718,1519.282814,1514.557899,1509.837150,1505.120732,1500.408364,1495.700176,1490.996560,1486.296973,1481.602097,1476.911652,1472.225522,1467.543907,1462.866981,1458.194712,1453.527044,1448.864059,1444.205595,1439.551876,1434.902953,1430.259129,1425.620243,1420.985788,1416.356662,1411.732752,1407.113878,1402.500066,1397.891450,1393.288015,1388.689729,1384.096926,1379.509112,1374.927031,1370.350382,1365.779068,1361.213457,1356.653041,1352.098585,1347.549716,1343.006721,1338.469519,1333.937969,1329.412303,1324.892494,1320.378768,1315.870770,1311.369059,1306.873769,1302.384459,1297.901407,1293.424490,1288.953725,1284.489843,1280.032274,1275.581098,1271.136434,1266.698411,1262.267044,1257.842489,1253.424467,1249.013130,1244.608791,1240.211235,1235.820855,1231.437409,1227.061303,1222.692068,1218.330004,1213.975145,1209.627813,1205.287696,1200.955262,1196.630328,1192.312949,1188.003111,1183.700732,1179.406348,1175.119624,1170.840229,1166.569150,1162.306113,1158.051106,1153.803901,1149.564659,1145.334286,1141.112041,1136.897748,1132.692224,1128.495060,1124.306637,1120.126659,1115.955382,1111.792655,1107.638690,1103.277948,1099.357491,1095.230462,1091.112479,1087.003436,1082.903542,1078.812779,1074.731497,1070.659454,1066.597063,1062.544296,1058.501114,1054.467265,1050.443465,1046.429525,1042.425280,1038.431073,1034.446899,1030.472786,1026.508708,1022.554982,1018.611663,1014.678496,1010.755675,1006.843533,1002.941404,999.050551,995.170311,991.301199,987.442685,983.595090,979.758562,975.933275,972.119207,968.316380,964.525020,960.744868,956.976411,953.219357,949.473933,945.740399,942.018703,938.308854,934.611087,930.925596,927.252159,923.591018,919.941854,916.305372,912.681573,909.070459,905.471811,901.885869,898.312749,894.752463,891.205492,887.671605,884.150845,880.643213,877.149181,873.668587,870.201313,866.747693,863.307993,859.882135,856.470283,853.072294,849.688517,846.318734,842.963204,839.622007,836.295145,832.983275,829.685825,826.403002,823.135222,819.873273,816.644233,813.421679,810.214000,807.021209,803.826577,800.683571,797.537951,794.407972,791.291113,788.194729,785.111830,782.046193,778.997069,775.964080,772.948219,769.948446,766.965513,763.999371,761.049491,758.117018,755.201666,752.303192,749.419421,746.558473,743.706867,740.883714,738.073510,735.280884,732.496312,729.726871,727.010400,724.290065,721.587410,718.869799,716.236944,713.592890,710.965617,708.357145,705.766777,703.198944,700.648174,698.117229,695.603057,693.113255,690.640347,688.188867,685.756210,683.343594,680.951547,678.576378,676.227447,673.898079,671.589656,669.300909,667.034112,664.787424,662.562280,660.357612,658.177223,656.013652,653.869774,651.760915,649.665338,647.589938,645.541439,643.516467,641.511075,639.523575,637.565948,635.632408,633.716724,631.826348,629.958358,628.113732,626.293788,624.498244,622.724814,620.975379,619.251893,617.551153,615.876326,614.224360,612.597614,610.996137,609.418597,607.867088,606.340646,604.840607,603.364649,601.914831,600.490615,599.091979,597.719630,596.373802,595.053730,593.760911,592.494487,591.255114,590.043364,588.857968,587.700147,586.570005,585.466905,584.391814,583.345016,582.325288,581.333807,580.370991,579.436414,578.530693,577.653787,576.805713,575.986540,575.196788,574.436299,573.705581,573.004682,572.333484,571.692402,571.081786,570.501054,569.951074,569.431172,568.942568,568.484972,568.058352,567.663235,567.299548,566.967335,566.666898,566.398471,566.162273,565.958652,565.787073,565.648249,565.541727,565.468257,565.428046,565.421200,565.447705,565.507665,565.601289,565.728972,565.890957,566.086809,566.317111,566.582105,566.881928,567.216733,567.586640,567.991869,568.432425,568.908802,569.420514,569.968106,570.551772,571.171980,571.828435,572.521563,573.251639,574.018448,574.822536,575.664008,576.542908,577.459401,578.413873,579.406361,580.437428,581.506555,582.614218,583.760494,584.945715,586.169828,587.433213,588.736122,590.078447,591.460528,592.882800,594.345134,595.847757,597.391009,598.974612,600.599234,602.264833,603.971652,605.719753,607.509252,609.340595,611.213682,613.129060,615.086735,617.086769,619.129358,621.214803,623.343153,625.514645,627.729676,629.988035,632.290203,634.636098,637.025994,639.460100,641.938825,644.461962,647.029851,649.642812,652.300844,655.004107,657.752771,660.547156,663.387327,666.273587,669.206072,672.184879,675.210232,678.282405,681.401395,684.567449,687.781003,691.041836,694.350347,697.706638,701.110879,704.563397,708.064753,711.613884,715.211902,718.858830,722.554682,726.299810,730.094542,733.938591,737.832423,741.776381,745.770256,749.814385,753.909038,758.054217,762.250156,766.497129,770.795275,775.144917,779.545771,783.998483,788.502880,793.059424,797.668046,802.329047,807.042392,811.808317,816.627434,821.499495,826.424683,831.403103,836.435438,841.521413,846.661129,851.854834,857.102870,862.405268,867.762048,873.173623,878.640247,884.161884,889.738541,895.370673,901.058104,906.801425,912.600452,918.455452,924.366915,930.334648,936.358850,942.439643,948.577157,954.771658,961.023344,967.332319,973.698581,980.122496,986.604334,993.143728,999.741541,1006.397198,1013.111187,1019.883755,1026.714864,1033.604768,1040.554103,1047.562194,1054.629660,1061.756241,1068.942586,1076.188535,1083.494447,1090.859993,1098.286008,1105.772083,1113.318414,1120.925268,1128.592875,1136.321342,1144.110645,1151.961066,1159.872764,1167.845996,1175.880569,1183.976713,1192.134780,1200.354581,1208.636388,1216.980490,1225.386751,1233.855432,1242.386694,1250.980505,1259.637657,1268.357377,1277.140038,1285.985953,1294.895157,1303.867776,1312.904096,1322.003897
1531.313493,1526.629784,1521.950024,1517.273726,1512.601764,1507.933855,1503.270081,1498.610089,1493.954288,1489.302807,1484.655322,1480.012135,1475.372955,1470.738510,1466.108424,1461.482583,1456.861183,1452.244398,1447.632069,1443.024395,1438.421326,1433.822834,1429.228881,1424.639647,1420.055432,1415.475801,1410.901161,1406.331250,1401.766651,1397.207027,1392.652357,1388.102787,1383.558360,1379.019060,1374.484872,1369.955756,1365.432298,1360.914243,1356.401465,1351.894109,1347.392041,1342.895767,1338.405003,1333.919952,1329.440668,1324.967029,1320.498955,1316.036776,1311.580587,1307.130455,1302.685778,1298.247540,1293.815353,1289.389432,1284.969728,1280.555643,1276.148454,1271.747586,1267.353042,1262.964795,1258.583126,1254.207877,1249.839454,1245.477484,1241.122189,1236.773727,1232.431704,1228.096871,1223.769055,1219.448164,1215.134181,1210.827436,1206.527368,1202.235049,1197.949922,1193.671837,1189.401633,1185.138718,1180.883270,1176.635119,1172.394746,1168.161980,1163.936815,1159.718989,1155.509481,1151.308147,1147.114215,1142.928787,1138.750950,1134.581635,1130.420478,1126.267561,1122.122996,1117.986923,1113.859249,1109.740124,1105.629600,1101.527531,1097.434342,1093.349670,1089.274180,1085.207521,1081.149770,1077.100888,1073.061205,1069.030616,1065.009440,1060.997668,1056.994887,1053.001917,1049.018348,1045.044244,1041.080004,1037.125413,1033.180651,1029.245839,1025.320879,1021.405899,1017.500889,1013.340298,1009.721681,1005.847226,1001.983273,998.129580,994.286223,990.453805,986.631939,982.821031,979.020735,975.231203,971.452787,967.685418,963.929176,960.184083,956.450335,952.727751,949.016740,945.317039,941.628870,937.952476,934.287853,930.634916,926.994052,923.365338,919.748537,916.143907,912.551237,908.971102,905.403599,901.848567,898.305784,894.775840,891.258618,887.754055,884.262684,880.784192,877.318907,873.866545,870.427701,867.002029,863.589629,860.190981,856.805983,853.434713,850.077484,846.733720,843.404175,840.088267,836.786722,833.499351,830.226523,826.807180,823.724168,820.494918,817.280082,814.080471,810.895457,807.725764,804.570654,801.430695,798.306568,795.197814,792.104168,789.026141,785.963276,782.938139,779.885947,776.872160,773.874454,770.893134,767.928187,764.979566,762.047530,759.131764,756.232678,753.350721,750.398557,747.634397,744.806188,741.986751,739.156288,736.417193,733.656461,730.912846,728.187659,725.479518,722.789434,720.117227,717.429387,714.826372,712.209230,709.610181,707.034340,704.474093,701.932725,699.410463,696.905565,694.422021,691.955469,689.512745,687.084666,684.680413,682.293182,679.929019,677.582805,675.255465,672.951280,670.666300,668.403583,666.159576,663.937197,661.735734,659.554956,657.393169,655.258572,653.141642,651.040232,648.974402,646.922423,644.894413,642.887125,640.902056,638.939568,636.997514,635.080511,633.185376,631.313789,629.464239,627.639900,625.837048,624.057671,622.303027,620.570632,618.862830,617.178674,615.519077,613.883908,612.271592,610.684808,609.122743,607.584984,606.071892,604.584901,603.123023,601.685887,600.274098,598.887842,597.527115,596.192799,594.883813,593.601377,592.345611,591.116010,589.913291,588.737704,587.588628,586.466825,585.372108,584.304701,583.265083,582.253045,581.268090,580.311244,579.382922,578.482533,577.610769,576.767493,575.952840,575.167031,574.410253,573.682536,572.984535,572.316049,571.676798,571.067946,570.488599,569.939352,569.420386,568.931518,568.473792,568.046407,567.650130,567.284982,566.950995,566.648178,566.377193,566.137813,565.930228,565.755061,565.611781,565.500812,565.422074,565.376443,565.363366,565.383509,565.436696,565.523123,565.642986,565.796750,565.984408,566.205688,566.461227,566.751197,567.075678,567.434858,567.829217,568.258186,568.722529,569.221992,569.756859,570.327329,570.933740,571.576110,572.254715,572.969585,573.721281,574.509286,575.334415,576.196546,577.095845,578.032514,579.006856,580.019216,581.069458,582.157515,583.284047,584.448825,585.652141,586.894254,588.175334,589.495595,590.854996,592.254037,593.692692,595.171383,596.689897,598.248757,599.847822,601.487585,603.168022,604.889396,606.651722,608.455210,610.300200,612.186671,614.115140,616.085622,618.098168,620.153013,622.250347,624.390331,626.573164,628.799295,631.068507,633.381049,635.737031,638.136769,640.580465,643.068480,645.600570,648.177132,650.798469,653.464577,656.175488,658.931757,661.733319,664.580365,667.473199,670.411957,673.396735,676.427794,679.505249,682.629235,685.800159,689.018166,692.283152,695.595509,698.955342,702.362940,705.818427,709.322252,712.873702,716.473733,720.122415,723.819620,727.565841,731.361360,735.205888,739.100042,743.043764,747.037143,751.080519,755.174111,759.317920,763.512187,767.757260,772.053049,776.399997,780.797995,785.247484,789.748349,794.301051,798.905522,803.562063,808.270639,813.031484,817.845212,822.711575,827.630755,832.602926,837.628542,842.707652,847.840074,853.026287,858.266395,863.560533,868.908917,874.311700,879.769419,885.281498,890.848447,896.470499,902.147589,907.880266,913.668353,919.512207,925.411977,931.367835,937.379855,943.448158,949.572811,955.754274,961.992550,968.287809,974.640049,981.049638,987.516844,994.041298,1000.623869,1007.263980,1013.962117,1020.718530,1027.533181,1034.406391,1041.338595,1048.329319,1055.379116,1062.487727,1069.655801,1076.883179,1084.170218,1091.516591,1098.923137,1106.389439,1113.915701,1121.502323,1129.149129,1136.856633,1144.624677,1152.453543,1160.343390,1168.294475,1176.306607,1184.380016,1192.515054,1200.711534,1208.969727,1217.289922,1225.671985,1234.116178,1242.622661,1251.191404,1259.823199,1268.517273,1277.274001,1286.093695,1294.976392,1303.922217,1312.931459,1322.003897
1515.108455,1510.489109,1505.873394,1501.261813,1496.654199,1492.050611,1487.450992,1482.855409,1478.263847,1473.676485,1469.093134,1464.513927,1459.939193,1455.368845,1450.802671,1446.240846,1441.683607,1437.130730,1432.582305,1428.038542,1423.499281,1418.964484,1414.434460,1409.909248,1405.388546,1400.872756,1396.361809,1391.855701,1387.354619,1382.858547,1378.367428,1373.881384,1369.400417,1364.924433,1360.453370,1355.987975,1351.527834,1347.072973,1342.623502,1338.179118,1333.740345,1329.307172,1324.879474,1320.457519,1316.041175,1311.630353,1307.225342,1302.825889,1298.432635,1294.044859,1289.663281,1285.287499,1280.918100,1276.554847,1272.197326,1267.846030,1263.501345,1259.162886,1254.830595,1250.504627,1246.185163,1241.872148,1237.565865,1233.265924,1228.972798,1224.685917,1220.406000,1216.133174,1211.867286,1207.607902,1203.355913,1199.110432,1194.872327,1190.641515,1186.417607,1182.201298,1177.992487,1173.790872,1169.596622,1165.409663,1161.230378,1157.058649,1152.894214,1148.737697,1144.588983,1140.448353,1136.315533,1132.190549,1128.073429,1123.964604,1119.864223,1115.771615,1111.687462,1107.611671,1103.544294,1099.485134,1095.434829,1091.392829,1087.359348,1083.334946,1079.319243,1075.312368,1071.314125,1067.324900,1063.344582,1059.373744,1055.411918,1051.459447,1047.515890,1043.582067,1039.657359,1035.742460,1031.837132,1027.941373,1024.055369,1020.179230,1016.312862,1012.456267,1008.609802,1004.773446,1000.947106,997.130931,993.325064,989.528987,985.743948,981.969362,978.205240,974.451989,970.709062,966.977188,963.256170,959.546044,955.846965,952.159085,948.482355,944.816637,941.162278,937.519395,933.887932,930.268169,926.660050,923.063390,919.478786,915.906219,912.345466,908.796523,905.259943,901.735570,897.947988,894.723965,891.236861,887.762197,884.300275,880.850795,877.414410,873.990779,870.580263,867.182659,863.798305,860.427172,857.069122,853.724625,850.393768,847.007776,843.773022,840.483265,837.207131,833.945018,830.696673,827.462709,824.243076,821.037762,817.846705,814.670225,811.508082,808.361064,805.223281,802.110783,799.007749,795.920463,792.848134,789.795215,786.748886,783.721992,780.710712,777.715417,774.736814,771.774124,768.827442,765.907351,762.982495,760.084325,757.202262,754.336893,751.487948,748.655762,745.839619,743.041645,740.254397,737.495499,734.748941,732.019015,729.306605,726.612619,723.935342,721.275547,718.633769,716.010858,713.405204,710.809905,708.243798,705.697875,703.167171,700.653098,698.158716,695.682805,693.225575,690.787997,688.371439,685.971595,683.591348,681.232103,678.891650,676.557912,674.269207,671.988887,669.725752,667.490716,665.257167,663.071713,660.893942,658.737262,656.600029,654.485850,652.393021,650.313749,648.267132,646.231494,644.228512,642.243691,640.280073,638.336961,636.412232,634.516455,632.643814,630.789539,628.959114,627.151610,625.366109,623.604529,621.867801,620.153089,618.461263,616.793191,615.149442,613.530450,611.933216,610.361201,608.813469,607.289993,605.791751,604.317445,602.869261,601.445574,600.046107,598.672578,597.323892,596.000249,594.703462,593.431349,592.185928,590.966698,589.773531,588.607683,587.467423,586.354245,585.267995,584.208694,583.176356,582.171636,581.194261,580.243667,579.321298,578.426713,577.560309,576.722045,575.912319,575.130751,574.377869,573.653821,572.958682,572.292724,571.656243,571.048766,570.471347,569.923497,569.405321,568.916875,568.458821,568.031405,567.634199,567.267671,566.932310,566.627838,566.354107,566.111999,565.901353,565.722320,565.575191,565.460010,565.376532,565.325357,565.306924,565.320835,565.367689,565.447406,565.559966,565.705783,565.885565,566.098357,566.344804,566.625346,566.939967,567.288963,567.672263,568.090413,568.543102,569.030830,569.553419,570.111147,570.704195,571.332998,571.997416,572.697885,573.434161,574.207004,575.016180,575.862041,576.744617,577.664031,578.620782,579.614672,580.646571,581.715831,582.822863,583.967759,585.150873,586.372101,587.631977,588.930620,590.267787,591.644157,593.059865,594.514947,596.009617,597.543899,599.118211,600.732534,602.387154,604.082223,605.817968,607.594237,609.411635,611.270067,613.169736,615.111172,617.094221,619.119099,621.186013,623.295072,625.446527,627.640518,629.877494,632.157309,634.480156,636.846019,639.255499,641.708681,644.205763,646.746716,649.331799,651.961390,654.635366,657.353935,660.117563,662.926159,665.779910,668.679178,671.624050,674.614717,677.651276,680.733963,683.862880,687.038548,690.260769,693.529842,696.845911,700.209114,703.619828,707.078429,710.584405,714.138119,717.740034,721.390351,725.088887,728.836129,732.632231,736.477126,740.371372,744.314848,748.307675,752.350200,756.442635,760.584980,764.777476,769.020472,773.314018,777.658131,782.053128,786.499310,790.996559,795.545339,800.145578,804.797482,809.501045,814.256999,819.065335,823.925855,828.838953,833.804888,838.823733,843.895768,849.020878,854.199472,859.431663,864.717555,870.057396,875.451421,880.899926,886.402503,891.959678,897.571650,903.238352,908.960417,914.737419,920.569965,926.458320,932.402057,938.401937,944.457620,950.569434,956.737752,962.962579,969.244083,975.582322,981.977602,988.430026,994.939508,1001.506802,1008.131333,1014.813588,1021.553816,1028.351979,1035.208399,1042.123638,1049.096843,1056.128955,1063.219563,1070.369343,1077.578126,1084.846271,1092.173451,1099.560506,1107.007018,1114.513192,1122.079430,1129.705553,1137.392080,1145.138850,1152.946146,1160.814129,1168.743056,1176.732735,1184.783398,1192.895397,1201.068546,1209.303223,1217.599398,1225.957256,1234.376953,1242.858653,1251.402321,1260.008755,1268.677180,1277.407971,1286.201442,1295.057629,1303.976660,1312.958822,1322.003897
1499.099444,1494.543569,1489.991873,1485.443947,1480.900053,1476.359836,1471.823917,1467.291901,1462.763995,1458.239993,1453.719793,1449.204345,1444.693009,1440.185901,1435.683060,1431.184733,1426.690699,1422.201044,1417.715978,1413.235214,1408.759099,1404.287426,1399.820746,1395.358372,1390.900836,1386.448064,1382.000180,1377.557008,1373.118777,1368.685551,1364.257330,1359.834079,1355.415869,1351.002239,1346.594229,1342.191461,1337.793878,1333.401501,1329.014400,1324.632755,1320.256441,1315.885748,1311.520478,1307.160577,1302.806553,1298.458140,1294.115335,1289.778036,1285.446800,1281.121047,1276.801541,1272.487856,1268.180127,1263.878667,1259.583092,1255.293856,1251.010911,1246.734098,1242.463316,1238.199017,1233.941184,1229.689745,1225.444789,1221.206385,1216.974346,1212.748708,1208.530355,1204.318747,1200.113599,1195.915727,1191.724492,1187.540258,1183.363026,1179.193114,1175.030066,1170.874533,1166.726334,1162.585380,1158.451792,1154.325229,1150.206372,1146.094824,1141.991035,1137.894595,1133.806297,1129.725975,1125.653139,1121.588020,1117.531012,1113.482264,1109.441642,1105.409094,1101.384344,1097.368081,1093.360333,1089.360814,1085.370019,1081.387167,1077.413250,1073.448026,1069.491491,1065.543615,1061.604325,1057.674086,1053.752797,1049.840746,1045.937771,1042.043914,1038.159048,1034.283518,1030.417336,1026.560801,1022.819167,1018.876188,1015.048301,1011.230201,1007.421791,1003.623076,999.834406,996.055764,992.286861,988.528453,984.780028,981.041334,977.313591,973.596212,969.889133,966.192946,962.506920,958.832005,955.167756,951.514308,947.871819,944.240411,940.620110,937.010705,933.412568,929.825810,926.250363,922.686551,919.134226,915.593356,912.064416,908.547375,905.042015,901.548349,898.067146,894.597976,891.141050,887.696282,884.263947,880.844124,877.436821,874.041866,870.659805,867.290537,863.934272,860.590566,857.260306,853.942838,850.638864,847.347925,844.001965,840.806877,837.552655,834.320093,831.096892,827.887772,824.692368,821.511184,818.344225,815.181634,812.052752,808.915065,805.818439,802.723175,799.642596,796.576142,793.525410,790.489483,787.460699,784.418254,781.471024,778.495608,775.534761,772.591379,769.663304,766.751248,763.854671,760.974564,758.110297,755.261747,752.429688,749.614074,746.814541,744.030923,741.265722,738.531654,735.783275,733.068158,730.369889,727.688192,725.020857,722.377076,719.749186,717.137769,714.500402,711.968118,709.405112,706.869185,704.347999,701.845840,699.359846,696.894761,694.447129,692.017238,689.569762,687.228005,684.841451,682.475687,680.158004,677.840945,675.546386,673.261763,671.012739,668.778344,666.564285,664.369088,662.194371,660.037306,657.905865,655.791849,653.700084,651.627430,649.569267,647.535989,645.535907,643.552057,641.587268,639.643291,637.720772,635.820760,633.940177,632.084134,630.249857,628.438055,626.649257,624.884646,623.139644,621.417961,619.721854,618.046808,616.394733,614.768058,613.163194,611.583421,610.025490,608.492808,606.983942,605.498945,604.039336,602.603318,601.193253,599.807338,598.445302,597.109197,595.797685,594.511383,593.251435,592.016013,590.807242,589.624019,588.466949,587.337017,586.232445,585.154474,584.103675,583.079135,582.081638,581.111577,580.168236,579.251863,578.363414,577.502465,576.669595,575.864583,575.087622,574.338923,573.618683,572.926849,572.263934,571.630047,571.024981,570.449185,569.902950,569.385891,568.898419,568.440539,568.012945,567.615300,567.248070,566.911176,566.605154,566.329844,566.084944,565.871274,565.689046,565.538525,565.418976,565.331441,565.275361,565.251374,565.259746,565.300473,565.373662,565.479452,565.618062,565.789645,565.994758,566.232530,566.504087,566.809308,567.148388,567.521486,567.928836,568.370598,568.846665,569.357504,569.902871,570.483161,571.098510,571.749441,572.435651,573.157688,573.915455,574.709119,575.539052,576.405405,577.308259,578.247611,579.224010,580.237432,581.288323,582.376499,583.502184,584.665349,585.866473,587.105584,588.382922,589.698751,591.052918,592.446083,593.878123,595.349324,596.859792,598.409620,599.999218,601.628634,603.297996,605.007459,606.757300,608.547437,610.378383,612.250032,614.162836,616.117084,618.112498,620.149524,622.228305,624.348941,626.511690,628.716877,630.964515,633.254593,635.587600,637.963266,640.382288,642.844810,645.350759,647.900347,650.493825,653.131512,655.813257,658.539329,661.310050,664.125534,666.985938,669.891501,672.842370,675.838736,678.880704,681.968483,685.102244,688.282421,691.508793,694.781767,698.101417,701.467939,704.881650,708.342975,711.851258,715.407202,719.010967,722.662564,726.362346,730.110465,733.907132,737.752366,741.646521,745.589607,749.581843,753.623420,757.714625,761.855389,766.046022,770.286849,774.577921,778.919305,783.311186,787.753993,792.247477,796.792359,801.388318,806.035527,810.734133,815.484856,820.287656,825.142333,830.049184,835.008758,840.020849,845.085804,850.203538,855.374448,860.598649,865.876294,871.207539,876.592720,882.031876,887.524942,893.072306,898.674107,904.330389,910.041709,915.807622,921.628849,927.505542,933.437332,939.424920,945.468026,951.566959,957.722091,963.933428,970.201169,976.525280,982.906160,989.343880,995.838503,1002.390340,1008.999259,1015.665599,1022.389611,1029.171258,1036.010859,1042.908980,1049.864767,1056.879159,1063.951748,1071.083210,1078.273376,1085.522606,1092.830572,1100.198116,1107.624819,1115.110888,1122.656723,1130.262149,1137.927682,1145.653163,1153.438876,1161.284982,1169.191738,1177.158953,1185.186859,1193.275810,1201.425618,1209.636664,1217.908916,1226.242562,1234.637759,1243.094668,1251.613258,1260.194325,1268.837097,1277.541948,1286.309193,1295.138869,1304.031104,1312.986186,1322.003897
1483.284519,1478.791977,1474.303125,1469.818142,1465.337025,1460.859895,1456.386791,1451.917681,1447.452524,1442.990992,1438.533873,1434.081049,1429.632479,1425.187920,1420.747900,1416.312104,1411.880617,1407.453648,1403.030910,1398.612620,1394.198830,1389.789958,1385.385321,1380.985575,1376.590388,1372.200014,1367.814234,1363.433376,1359.057379,1354.686354,1350.320290,1345.959136,1341.602623,1337.251387,1332.905308,1328.564482,1324.228728,1319.898117,1315.573054,1311.253228,1306.938716,1302.629742,1298.325945,1294.027892,1289.735463,1285.448517,1281.167081,1276.891393,1272.621537,1268.357232,1264.099169,1259.846518,1255.600196,1251.359998,1247.125582,1242.897569,1238.675582,1234.459743,1230.250088,1226.046609,1221.849722,1217.659082,1213.474692,1209.297000,1205.125653,1200.960840,1196.803132,1192.651798,1188.507199,1184.369660,1180.239038,1176.114928,1171.998137,1167.888232,1163.785592,1159.690064,1155.602009,1151.521021,1147.446960,1143.380489,1139.321288,1135.269709,1131.225385,1127.188889,1123.160190,1119.139232,1115.125808,1111.120097,1107.122488,1103.132998,1099.151658,1095.178024,1091.212509,1087.255145,1083.306388,1079.365587,1075.306717,1071.509623,1067.594416,1063.687763,1059.789683,1055.900113,1052.019331,1048.147451,1044.284626,1040.430660,1036.585781,1032.749906,1028.923026,1025.105280,1021.296988,1017.498174,1013.708639,1009.928773,1006.158476,1002.397687,998.646605,994.905146,991.173648,987.452098,983.740206,980.038731,976.346868,972.665190,968.994149,965.333362,961.682791,958.042752,954.413317,950.794516,947.186516,943.589097,940.002689,936.427171,932.862610,929.308739,925.766299,922.235131,918.715201,915.206687,911.709630,908.223917,904.750025,901.287936,897.837172,894.398503,890.971820,887.557312,884.154783,880.764481,877.386354,874.020737,870.667472,867.326442,863.998182,860.682673,857.380155,854.089846,850.812977,847.548874,844.297900,841.060242,837.836002,834.624827,831.427563,828.243322,825.072938,821.916202,818.773058,815.644098,812.529124,809.428180,806.341171,803.268626,800.210360,797.147456,794.134523,791.122182,788.115408,785.137508,782.167000,779.211364,776.270828,773.345626,770.434442,767.536966,764.665203,761.803964,758.946891,756.125881,753.310680,750.511813,747.729126,744.962403,742.211162,739.478145,736.754670,734.059418,731.375943,728.708948,726.058344,723.421325,720.808166,718.210784,715.629117,713.020788,710.519020,707.990061,705.478625,702.984857,700.510551,698.053777,695.616563,693.194646,690.794768,688.410494,686.046122,683.699708,681.373397,679.065271,676.776132,674.507598,672.255896,670.024618,667.814457,665.623337,663.453673,661.302101,659.171355,657.060236,654.969581,652.899463,650.849344,648.819013,646.813674,644.827102,642.862477,640.917069,638.993613,637.092261,635.211527,633.348106,631.512963,629.700939,627.906538,626.135092,624.387770,622.660008,620.957088,619.277423,617.619990,615.984381,614.372355,612.785072,611.220230,609.678590,608.159425,606.665857,605.195712,603.748938,602.326691,600.929377,599.556677,598.207801,596.883491,595.584285,594.309663,593.060764,591.836330,590.637439,589.464742,588.317383,587.196009,586.101278,585.032243,583.989465,582.973376,581.983383,581.020423,580.084644,579.174779,578.292245,577.437579,576.610028,575.810070,575.038056,574.293789,573.577505,572.889493,572.229639,571.598631,570.996226,570.422249,569.877985,569.362394,568.875877,568.418729,567.991128,567.593511,567.225593,566.887917,566.580431,566.303238,566.056413,565.840367,565.655021,565.500792,565.378167,565.286330,565.225950,565.196938,565.199983,565.234979,565.302133,565.401439,565.533043,565.697180,565.894300,566.124340,566.387132,566.683438,567.012991,567.376241,567.773213,568.204196,568.669311,569.168497,569.702138,570.270177,570.872809,571.510417,572.183003,572.890835,573.633922,574.412934,575.227361,576.077893,576.964431,577.887197,578.846343,579.842163,580.874875,581.944840,583.051437,584.195467,585.376857,586.595704,587.852412,589.147089,590.479880,591.850866,593.260428,594.708624,596.195873,597.721896,599.287354,600.891749,602.535999,604.219873,605.943644,607.707371,609.511231,611.355532,613.240296,615.166023,617.132728,619.140456,621.189444,623.279879,625.411919,627.585762,629.801856,632.059983,634.360323,636.703180,639.088675,641.517071,643.988730,646.503404,649.061490,651.663288,654.308795,656.998170,659.731579,662.509341,665.331520,668.198428,671.110166,674.066863,677.068731,680.116041,683.208789,686.347222,689.531774,692.762221,696.038962,699.362100,702.731800,706.148390,709.612431,713.122856,716.680777,720.286218,723.939191,727.640046,731.389001,735.186099,739.031475,742.925581,746.868102,750.859691,754.900301,758.990038,763.129138,767.317874,771.556384,775.844786,780.183409,784.572118,789.011449,793.501360,798.041948,802.633516,807.276030,811.969720,816.715210,821.512242,826.361002,831.261632,836.214706,841.220072,846.277758,851.388048,856.551227,861.767360,867.036648,872.359230,877.735443,883.165326,888.648815,894.186352,899.777910,905.423747,911.124224,916.879036,922.688857,928.553842,934.473619,940.448972,946.479376,952.565451,958.707291,964.905215,971.159006,977.469070,983.835424,990.258404,996.737987,1003.274480,1009.867755,1016.518253,1023.225916,1029.991016,1036.813871,1043.694747,1050.633088,1057.629737,1064.684258,1071.797402,1078.968929,1086.199222,1093.487954,1100.835966,1108.242842,1115.708787,1123.234203,1130.818914,1138.463438,1146.167616,1153.931733,1161.755948,1169.640521,1177.585261,1185.590399,1193.656291,1201.782750,1209.970155,1218.218478,1226.527905,1234.898594,1243.330707,1251.824213,1260.379910,1268.997024,1277.675932,1286.416948,1295.220111,1304.085548,1313.013550,1322.003897
1467.662027,1463.231774,1458.805187,1454.382321,1449.963521,1445.548701,1441.137648,1436.730684,1432.327343,1427.928227,1423.533054,1419.142176,1414.755636,1410.373322,1405.995072,1401.621156,1397.251489,1392.886383,1388.525455,1384.168956,1379.817175,1375.469815,1371.127015,1366.788959,1362.455511,1358.126749,1353.802501,1349.483229,1345.168755,1340.859209,1336.554475,1332.254469,1327.959709,1323.669756,1319.385036,1315.105325,1310.830732,1306.561465,1302.297571,1298.038914,1293.785542,1289.537253,1285.294747,1281.057649,1276.826014,1272.600069,1268.379375,1264.164432,1259.955389,1255.751880,1251.554234,1247.362391,1243.176747,1238.997060,1234.823125,1230.655500,1226.493813,1222.338484,1218.189070,1214.045821,1209.909113,1205.778520,1201.654281,1197.536550,1193.425432,1189.320684,1185.222630,1181.131284,1177.046565,1172.968830,1168.897707,1164.833424,1160.776299,1156.725879,1152.682720,1148.646753,1144.617836,1140.596077,1136.581491,1132.574012,1128.574183,1124.581431,1120.596520,1116.619018,1112.649166,1108.686725,1104.732099,1100.785462,1096.846660,1092.915615,1088.992776,1085.077684,1081.170569,1077.271708,1073.380860,1069.498682,1065.624729,1061.759032,1057.901637,1054.052859,1050.212639,1046.381007,1042.558130,1038.743931,1034.938642,1031.142288,1027.354874,1023.576392,1019.702121,1016.046207,1012.295214,1008.553370,1004.820980,1001.098063,997.384634,993.680636,989.986148,986.301442,982.626498,978.961423,975.219865,971.660766,968.024964,964.399610,960.784634,957.179594,953.585304,950.000836,946.427229,942.864069,939.311623,935.769672,932.238617,928.718412,925.209052,921.710294,918.222872,914.746617,911.281446,907.827720,904.385020,900.954219,897.534766,894.126852,890.730546,887.346047,883.973492,880.612791,877.264228,873.927763,870.603281,867.291223,863.991242,860.703671,857.428727,854.166422,850.916823,847.679545,844.455496,841.244131,838.045770,834.860729,831.688834,828.530248,825.211390,822.252654,819.134213,816.029156,812.938005,809.860723,806.797091,803.747495,800.711663,797.690406,794.683300,791.690081,788.711286,785.747461,782.796274,779.863407,776.943378,774.035736,771.147174,768.272372,765.413263,762.430238,759.741079,756.911498,754.131335,751.349700,748.583722,745.833839,743.099790,740.380687,737.679778,734.988193,732.324601,729.672456,727.050731,724.417094,721.830992,719.227326,716.632481,714.108637,711.570405,709.077695,706.561900,704.075387,701.610109,699.163760,696.735290,694.325196,691.931585,689.558420,687.185588,684.864393,682.545450,680.241990,677.962275,675.698610,673.455367,671.231643,669.024327,666.836976,664.670916,662.524356,660.380066,658.292457,656.201935,654.134067,652.086410,650.060289,648.056514,646.067118,644.100984,642.156303,640.229378,638.329072,636.449411,634.588233,632.749152,630.930086,629.134325,627.359970,625.608169,623.878847,622.171331,620.484357,618.821080,617.181411,615.562632,613.966333,612.393671,610.843933,609.319738,607.815366,606.335699,604.879763,603.447597,602.039423,600.654541,599.294867,597.959527,596.647154,595.360203,594.097568,592.858971,591.646569,590.458226,589.295508,588.158468,587.046596,585.961002,584.900937,583.866694,582.858783,581.876722,580.921345,579.992466,579.090282,578.213903,577.365199,576.543241,575.748724,574.981740,574.242156,573.530241,572.846054,572.189936,571.561665,570.962275,570.390984,569.848034,569.334469,568.849556,568.393445,567.966132,567.568540,567.200530,566.862054,566.553419,566.275028,566.026596,565.808146,565.620318,565.463221,565.336727,565.241326,565.176921,565.143489,565.141414,565.171143,565.232397,565.325583,565.450769,565.607935,565.797431,566.019899,566.274559,566.562056,566.882594,567.236345,567.623513,568.044002,568.498523,568.986602,569.508788,570.064845,570.655200,571.279896,571.939378,572.633522,573.362762,574.126882,574.926713,575.761684,576.632494,577.539107,578.481562,579.460276,580.475236,581.527190,582.615627,583.740826,584.902823,586.102103,587.338509,588.612572,589.924376,591.273932,592.661345,594.087254,595.551506,597.054397,598.595873,600.176364,601.795794,603.454613,605.152816,606.890639,608.668084,610.485516,612.343002,614.240697,616.179213,618.158146,620.177959,622.238775,624.340699,626.483971,628.668762,630.895484,633.164005,635.474512,637.827059,640.222037,642.659735,645.140330,647.663649,650.230091,652.839985,655.493208,658.189965,660.930707,663.715354,666.544139,669.417347,672.335095,675.297571,678.304872,681.357233,684.454754,687.597840,690.786636,694.021052,697.301431,700.627925,704.000804,707.420192,710.886538,714.399126,717.958911,721.565974,725.220155,728.921975,732.671707,736.469059,740.314650,744.208420,748.150457,752.141101,756.180570,760.268864,764.406226,768.593002,772.829068,777.114964,781.450488,785.836108,790.271710,794.757757,799.294179,803.881277,808.519016,813.207633,817.947738,822.739086,827.581858,832.476159,837.422675,842.421129,847.471624,852.574407,857.729755,862.937900,868.198662,873.512522,878.879734,884.300262,889.774117,895.301718,900.883035,906.518437,912.207958,917.951596,923.750061,929.603252,935.510959,941.473927,947.491785,953.564777,959.693349,965.877704,972.117623,978.413514,984.765517,991.173600,997.638106,1004.159223,1010.736821,1017.371343,1024.062730,1030.811255,1037.617235,1044.480938,1051.401808,1058.380686,1065.417140,1072.511947,1079.665052,1086.876119,1094.145810,1101.474058,1108.861087,1116.306890,1123.811870,1131.375851,1138.999350,1146.682210,1154.424716,1162.227028,1170.089405,1178.011658,1185.994018,1194.036842,1202.139942,1210.303698,1218.528084,1226.813284,1235.159458,1243.566769,1252.035187,1260.565509,1269.156961,1277.809923,1286.524708,1295.301356,1304.139994,1313.040914,1322.003897
1452.229808,1447.861160,1443.496011,1439.134811,1434.777534,1430.424187,1426.074569,1421.728805,1417.387294,1413.049424,1408.715491,1404.386130,1400.060928,1395.739821,1391.422790,1387.110037,1382.801774,1378.497622,1374.197829,1369.902682,1365.611760,1361.325454,1357.043820,1352.766851,1348.494365,1344.226475,1339.963175,1335.704777,1331.451157,1327.202327,1322.958117,1318.719145,1314.484875,1310.255789,1306.031432,1301.812353,1297.598465,1293.389799,1289.186327,1284.988110,1280.795020,1276.607258,1272.425085,1268.248215,1264.076875,1259.911042,1255.750465,1251.595708,1247.446525,1243.303020,1239.165655,1235.033950,1230.908111,1226.787946,1222.674117,1218.566224,1214.464378,1210.368543,1206.278740,1202.195286,1198.117900,1194.046905,1189.982105,1185.923972,1181.872130,1177.826504,1173.787751,1169.755575,1165.730133,1161.711514,1157.699527,1153.694315,1149.696129,1145.704534,1141.473419,1137.743069,1133.772662,1129.809623,1125.853456,1121.904851,1117.963250,1114.029348,1110.102748,1106.183510,1102.271700,1098.367767,1094.471336,1090.582882,1086.701994,1082.829045,1078.964011,1075.106763,1071.257548,1067.416081,1063.583187,1059.758628,1055.942197,1052.133848,1048.333831,1044.542430,1040.759454,1036.985116,1033.219250,1029.462325,1025.713960,1021.974520,1018.243949,1014.522238,1010.809187,1007.105383,1003.410943,999.725579,996.049594,992.383043,988.725830,985.078007,981.439623,977.723676,974.191940,970.582537,966.983019,963.393351,959.813370,956.243585,952.684072,949.134412,945.595149,942.066144,938.571768,935.039512,931.541984,928.055003,924.578731,921.113164,917.658047,914.214077,910.781152,907.359322,903.948460,900.548818,897.160193,893.783360,890.417782,887.063542,883.721014,880.390123,877.071012,873.763759,870.468401,867.185008,863.913858,860.654791,857.407615,854.172880,850.950658,847.741067,844.543664,841.358833,838.187210,835.027996,831.881729,828.748647,825.628386,822.521606,819.427661,816.347215,813.280248,810.216521,807.186595,804.146583,801.147469,798.148643,795.163693,792.193010,789.236277,786.293091,783.365032,780.451456,777.551877,774.666963,771.795898,768.940601,766.098961,763.182478,760.465375,757.670633,754.883710,752.127671,749.378996,746.646013,743.919349,741.227046,738.540385,735.871203,733.167763,730.579855,727.958289,725.353249,722.764736,720.188113,717.635691,715.098457,712.576796,710.067904,707.605227,705.118094,702.660365,700.222157,697.805561,695.404885,693.022587,690.657378,688.310422,685.978365,683.667170,681.377347,679.101600,676.845821,674.608963,672.390202,670.191131,668.009607,665.847177,663.700207,661.575890,659.479076,657.386397,655.329573,653.286162,651.260607,649.256858,647.271450,645.307577,643.363750,641.438087,639.536307,637.655702,635.793162,633.952549,632.132782,630.335553,628.556841,626.805196,625.069351,623.356630,621.668142,619.998467,618.352573,616.728679,615.127238,613.547992,611.991242,610.458293,608.947813,607.460372,605.994249,604.553262,603.134978,601.740150,600.369569,599.022274,597.699858,596.400929,595.125302,593.874894,592.648399,591.446635,590.269371,589.116933,587.990136,586.888144,585.811446,584.760861,583.735486,582.735781,581.762221,580.814166,579.892612,578.997494,578.128604,577.285442,576.469837,575.680847,574.918923,574.184321,573.476859,572.797004,572.144554,571.519787,570.923258,570.354568,569.814178,569.302283,568.819199,568.364238,567.937807,567.540497,567.172493,566.833715,566.524509,566.244694,565.994842,565.774907,565.584606,565.424641,565.295237,565.196494,565.128150,565.090824,565.084046,565.108501,565.164561,565.251801,565.370790,565.521474,565.704022,565.918693,566.165910,566.445094,566.757018,567.101731,567.479264,567.889851,568.333941,568.811596,569.322383,569.867294,570.445662,571.058019,571.704534,572.385619,573.101146,573.851341,574.636542,575.456612,576.311996,577.202844,578.129223,579.091165,580.089144,581.123235,582.193812,583.300695,584.444113,585.624033,586.840935,588.094785,589.385991,590.714646,592.080655,593.484662,594.926529,596.406632,597.924918,599.481625,601.077080,602.711372,604.384548,606.096852,607.848516,609.639464,611.470244,613.340680,615.251194,617.202180,619.193307,621.225057,623.297462,625.410729,627.565098,629.760630,631.998004,634.276578,636.597003,638.959127,641.363527,643.810401,646.299668,648.831451,651.406123,654.023955,656.684794,659.388874,662.136677,664.928095,667.763315,670.642696,673.566325,676.534389,679.546999,682.604349,685.706621,688.854194,692.046996,695.285283,698.569198,701.898876,705.274693,708.696719,712.165417,715.680054,719.241590,722.850180,726.505507,730.208214,733.958414,737.756020,741.601579,745.495020,749.436411,753.426117,757.464350,761.551106,765.686630,769.871268,774.105070,778.388053,782.720533,787.102810,791.534769,796.016870,800.549044,805.131594,809.764482,814.447944,819.182666,823.968184,828.804893,833.692835,838.632687,843.624222,848.667399,853.762610,858.910150,864.110052,869.362334,874.667412,880.025590,885.436682,890.900848,896.418493,901.989480,907.614287,913.292848,919.025409,924.812404,930.653702,936.549481,942.499867,948.505018,954.565122,960.680457,966.851103,973.077061,979.358700,985.696192,992.089464,998.539031,1005.044568,1011.606458,1018.224972,1024.900052,1031.631972,1038.421271,1045.267553,1052.170925,1059.132009,1066.150635,1073.226789,1080.361210,1087.553297,1094.803713,1102.112389,1109.479554,1116.905197,1124.389724,1131.932888,1139.535417,1147.196945,1154.917826,1162.698221,1170.538391,1178.438145,1186.397716,1194.417466,1202.497193,1210.637292,1218.837732,1227.098699,1235.420353,1243.802856,1252.246180,1260.751122,1269.316910,1277.943921,1286.632473,1295.382603,1304.194441,1313.068278,1322.003897
1436.985939,1432.678030,1428.373923,1424.073585,1419.777122,1415.484553,1411.195634,1406.910793,1402.629837,1398.352541,1394.079725,1389.810909,1385.546283,1381.285742,1377.029316,1372.777220,1368.529028,1364.285596,1360.046506,1355.811574,1351.581095,1347.355272,1343.134080,1338.917299,1334.705172,1330.497595,1326.294520,1322.096313,1317.902494,1313.713852,1309.530011,1305.351069,1301.176880,1297.007479,1292.843321,1288.684158,1284.530239,1280.381404,1276.237703,1272.099139,1267.965958,1263.837883,1259.715248,1255.598122,1251.486271,1247.379699,1243.278922,1239.183841,1235.093608,1231.009863,1226.931802,1222.859403,1218.792751,1214.731823,1210.677148,1206.628425,1202.585594,1198.548735,1194.518047,1190.493356,1186.474900,1182.462678,1178.456842,1174.457256,1170.464064,1166.477148,1162.497179,1158.523580,1154.556715,1150.596575,1146.642871,1142.696158,1138.755967,1134.822936,1130.896775,1126.977552,1123.065178,1119.160183,1115.262301,1111.371312,1107.487858,1103.611837,1099.742821,1095.881298,1092.027291,1088.180597,1084.342037,1080.510925,1076.687472,1072.871660,1069.063869,1065.264196,1061.471891,1057.687774,1053.911851,1050.144171,1046.384561,1042.633075,1038.889864,1035.155296,1031.429015,1027.711250,1024.001890,1020.301352,1016.609405,1012.926263,1009.251919,1005.586366,1001.929278,998.281614,994.642990,991.013618,987.393431,983.782602,980.181035,976.588665,973.005894,969.432628,965.868969,962.314831,958.770498,955.235767,951.710986,948.196165,944.691423,941.196575,937.711967,934.237680,930.773685,927.320035,923.876874,920.444150,917.022096,913.610637,910.209545,906.819509,903.440414,900.072353,896.715103,893.369093,890.033970,886.710508,883.398044,880.097197,876.807780,873.529965,870.263610,867.009273,863.766663,860.535950,857.317285,854.110633,850.915755,847.733239,844.563224,841.405530,838.259990,835.127192,832.007056,828.899491,825.804945,822.722962,819.654240,816.598529,813.555935,810.526363,807.510217,804.507338,801.518026,798.541951,795.579857,792.631294,789.693856,786.775933,783.868971,780.967184,778.097454,775.233171,772.383037,769.547049,766.726107,763.918304,761.141560,758.352281,755.591483,752.844862,749.984820,747.399210,744.699049,742.004843,739.344759,736.690095,734.053015,731.424309,728.824298,726.234021,723.648690,721.101821,718.555594,716.036542,713.525727,711.033853,708.558381,706.100156,703.643923,701.233582,698.824134,696.435492,694.061105,691.705930,689.370743,687.049094,684.747327,682.460739,680.174509,677.949753,675.719447,673.505366,671.318641,669.125722,666.981419,664.843808,662.725699,660.627350,658.548601,656.487976,654.446010,652.410470,650.417095,648.440950,646.477335,644.532904,642.613001,640.710205,638.819993,636.964996,635.123168,633.306454,631.512645,629.729302,627.968908,626.232421,624.516886,622.823251,621.152217,619.502747,617.872544,616.265602,614.681802,613.119714,611.578010,610.059245,608.565238,607.093153,605.643010,604.215004,602.811691,601.431215,600.073330,598.739515,597.429544,596.144242,594.881036,593.642029,592.427599,591.236926,590.071210,588.929304,587.812332,586.720590,585.653513,584.611653,583.595972,582.604529,581.639022,580.699380,579.785136,578.897135,578.035391,577.199140,576.389244,575.606108,574.849614,574.120203,573.417534,572.742060,572.093728,571.472815,570.879306,570.313749,569.775874,569.265908,568.784600,568.331380,567.906194,567.509404,567.141708,566.802887,566.493161,566.212764,565.961402,565.739975,565.547917,565.385664,565.253360,565.151283,565.079809,565.038339,565.027585,565.047286,565.098107,565.180026,565.293205,565.437626,565.613553,565.821181,566.060878,566.332486,566.635849,566.971923,567.340333,567.741608,568.175592,568.642855,569.143174,569.676592,570.243759,570.844274,571.478463,572.146651,572.848987,573.585567,574.356481,575.162392,576.002760,576.878288,577.788890,578.734732,579.716018,580.733022,581.785918,582.875185,584.000219,585.161443,586.359195,587.593432,588.864552,590.172743,591.517920,592.900383,594.320439,595.778141,597.273908,598.807467,600.379494,601.989356,603.638146,605.325582,607.051923,608.817147,610.621574,612.465350,614.348620,616.271805,618.235022,620.238158,622.281640,624.365495,626.489933,628.655248,630.861536,633.109036,635.397665,637.727883,640.099520,642.513082,644.968892,647.466667,650.006836,652.589560,655.215158,657.883476,660.594780,663.349391,666.147422,668.989026,671.874480,674.803815,677.777333,680.795105,683.857326,686.964178,690.116088,693.312834,696.554822,699.842126,703.174937,706.553574,709.978605,713.448937,716.965626,720.528927,724.138612,727.795109,731.498573,735.249221,739.047042,742.892419,746.785405,750.726060,754.714731,758.751630,762.836756,766.970349,771.152757,775.384031,779.664185,783.993538,788.372388,792.800592,797.278693,801.806569,806.384362,811.012390,815.690653,820.419845,825.199532,830.030105,834.911836,839.844714,844.829238,849.865079,854.952717,860.092267,865.283832,870.527661,875.823897,881.173079,886.574630,892.029061,897.536603,903.097206,908.711404,914.379016,920.100301,925.875775,931.705223,937.588853,943.526789,949.519189,955.566244,961.668229,967.825226,974.037235,980.304626,986.627571,993.005997,999.440419,1005.930546,1012.476681,1019.079138,1025.737882,1032.453168,1039.225541,1046.054592,1052.940439,1059.883703,1066.884213,1073.941956,1081.057671,1088.230756,1095.461875,1102.750962,1110.098242,1117.503708,1124.967696,1132.490165,1140.071639,1147.711819,1155.411062,1163.169527,1170.987477,1178.864722,1186.801493,1194.798154,1202.854504,1210.970937,1219.147424,1227.384150,1235.681276,1244.038966,1252.457191,1260.936749,1269.476868,1278.077927,1286.740260,1295.463853,1304.248890,1313.095643,1322.003897
1421.928349,1417.680825,1413.436927,1409.196873,1404.960413,1400.727801,1396.499247,1392.274394,1388.053418,1383.836335,1379.623536,1375.414671,1371.209943,1367.009269,1362.812951,1358.620285,1354.432404,1350.248799,1346.069285,1341.894155,1337.723612,1333.557499,1329.395944,1325.238801,1321.086352,1316.938203,1312.794849,1308.655812,1304.521848,1300.392668,1296.268203,1292.148655,1288.033567,1283.923752,1279.818884,1275.719063,1271.624352,1267.108580,1263.449996,1259.370708,1255.296398,1251.227450,1247.163847,1243.105687,1239.052713,1235.005093,1230.963247,1226.926634,1222.895549,1218.870507,1214.851132,1210.837313,1206.829318,1202.826851,1198.830719,1194.840492,1190.856026,1186.877578,1182.905081,1178.938717,1174.978636,1171.024720,1167.076783,1163.135405,1159.200175,1155.271519,1151.349476,1147.433843,1143.524868,1139.622455,1135.726629,1131.837564,1127.955037,1124.079568,1120.210931,1115.567017,1112.494369,1108.646591,1104.806030,1100.972598,1097.009508,1093.327352,1089.515581,1085.711289,1081.914092,1078.124562,1074.342779,1070.568514,1066.801754,1063.042868,1059.291624,1055.548435,1051.812795,1048.085211,1044.365654,1040.654256,1036.950900,1033.255710,1029.568803,1025.890229,1022.220006,1018.558239,1014.904792,1011.260080,1007.623891,1003.996437,1000.377712,996.767519,993.166104,989.573848,985.990562,982.416449,978.851498,975.295751,971.749179,968.211831,964.683956,961.165511,957.656403,954.157127,950.667170,947.187145,943.716635,940.256357,936.805890,933.364970,929.934727,926.514416,923.104386,919.704564,916.315283,912.936256,909.567758,906.209658,902.862083,899.525470,896.199727,892.884907,889.580686,886.287678,883.005466,879.734823,876.474982,873.226847,869.989916,866.764591,863.550642,860.348474,857.158065,853.979489,850.812786,847.657914,844.514908,841.384070,838.265668,835.159324,832.065114,828.983710,825.914769,822.858274,819.814515,816.783501,813.765461,810.760357,807.768368,804.789222,801.823389,798.870893,795.931244,793.005495,790.093026,787.194454,784.309381,781.430848,778.580173,775.736972,772.907552,770.092212,767.290836,764.503855,761.730254,758.974105,756.231667,753.504259,750.791722,748.093873,745.410847,742.644180,740.090855,737.453446,734.830649,732.225186,729.634575,727.059217,724.499927,721.956390,719.429011,716.912880,714.433149,711.942854,709.480244,707.034298,704.605163,702.177654,699.796447,697.414775,695.055073,692.708361,690.380198,688.072104,685.782282,683.502814,681.246398,679.007357,676.782732,674.580221,672.393200,670.225202,668.075477,665.937266,663.829686,661.736834,659.662313,657.606058,655.567920,653.550596,651.552665,649.572560,647.611665,645.672861,643.755392,641.841998,639.969219,638.104771,636.267131,634.447479,632.647208,630.867019,629.107933,627.369463,625.650219,623.956646,622.279109,620.624423,618.993024,617.380202,615.790838,614.222749,612.677795,611.153723,609.649611,608.171631,606.713854,605.280878,603.866851,602.476933,601.110461,599.767447,598.447185,597.149473,595.876271,594.626379,593.399848,592.196814,591.018139,589.862886,588.732586,587.625879,586.543855,585.486903,584.454302,583.447246,582.465108,581.508033,580.576321,579.670119,578.789510,577.934541,577.105806,576.301942,575.525005,574.774155,574.049779,573.352315,572.681447,572.037404,571.420282,570.830400,570.267846,569.732888,569.225516,568.745789,568.294660,567.871024,567.475419,567.108042,566.769413,566.459616,566.178590,565.926483,565.703754,565.510220,565.345773,565.211128,565.106178,565.031373,564.986523,564.971894,564.987418,565.033333,565.110089,565.217747,565.356355,565.525972,565.726925,565.959228,566.223508,566.519235,566.846891,567.206704,567.598736,568.023243,568.480267,568.970459,569.493309,570.049164,570.638253,571.260669,571.916446,572.606036,573.329451,574.086796,574.878540,575.704524,576.564997,577.460348,578.390541,579.355669,580.356045,581.391879,582.463454,583.570840,584.713945,585.892864,587.108010,588.359535,589.647635,590.972507,592.334137,593.732807,595.168739,596.642106,598.153225,599.701900,601.288573,602.913206,604.576292,606.277730,608.017792,609.796530,611.614150,613.470875,615.366803,617.302549,619.277700,621.292721,623.347734,625.442839,627.578292,629.754215,631.971097,634.228705,636.527215,638.866930,641.247966,643.670587,646.135152,648.641406,651.189751,653.780511,656.413591,659.089240,661.807604,664.568960,667.373410,670.221250,673.112582,676.047538,679.026307,682.049180,685.116145,688.227447,691.383517,694.584147,697.829688,701.120288,704.456092,707.837430,711.264862,714.737318,718.255909,721.820715,725.431576,729.089012,732.793184,736.544106,740.341991,744.187213,748.079498,752.019393,756.007008,760.042426,764.125803,768.257373,772.437462,776.666119,780.943408,785.269517,789.644873,794.069227,798.543298,803.066767,807.639806,812.262561,816.935753,821.659341,826.433124,831.257494,836.132723,841.058871,846.036222,851.064661,856.144613,861.276146,866.459410,871.694653,876.982067,882.321956,887.714008,893.158639,898.656087,904.206285,909.809785,915.466410,921.176519,926.940463,932.757816,938.629250,944.554692,950.534208,956.568261,962.656856,968.800164,974.998186,981.251291,987.559749,993.923198,1000.342503,1006.817092,1013.347454,1019.933842,1026.576219,1033.274842,1040.030263,1046.842053,1053.710631,1060.635769,1067.618139,1074.657514,1081.754443,1088.908495,1096.120297,1103.389774,1110.717151,1118.102422,1125.545922,1133.047612,1140.608015,1148.226763,1155.904424,1163.640947,1171.436665,1179.291388,1187.205413,1195.178911,1203.211874,1211.304634,1219.457159,1227.669638,1235.942230,1244.275101,1252.668221,1261.122391,1269.636837,1278.211940,1286.848034,1295.545105,1304.303339,1313.123008,1322.003897
1407.055490,1402.867511,1398.683162,1394.502305,1390.325483,1386.152542,1381.983287,1377.817908,1373.656306,1369.498720,1365.345261,1361.195730,1357.050114,1352.908691,1348.771389,1344.638396,1340.509485,1336.384944,1332.264701,1328.148873,1324.037409,1319.930304,1315.827671,1311.729663,1307.636046,1303.546959,1299.462152,1295.382342,1291.307229,1287.236813,1283.171151,1279.109894,1275.053906,1271.002761,1266.956616,1262.915385,1258.879205,1254.847935,1250.821926,1246.800941,1242.785222,1238.774583,1234.769276,1230.769336,1226.774875,1222.785503,1218.801554,1214.823143,1210.850460,1206.883490,1202.922103,1198.966275,1195.016014,1191.071695,1187.133440,1183.200988,1179.274188,1175.353391,1171.438695,1167.530218,1163.627771,1159.731165,1155.840829,1151.956771,1148.079285,1144.207968,1140.343148,1136.484979,1132.633255,1128.787761,1124.949275,1121.117370,1117.291601,1113.473230,1109.661380,1105.856602,1102.058423,1098.267739,1094.484029,1090.707275,1086.937425,1083.175051,1079.419685,1075.671872,1071.931180,1068.197983,1064.472494,1060.754418,1057.043815,1053.340862,1049.645908,1045.958769,1042.279046,1038.607214,1034.943283,1031.287604,1027.640136,1024.000693,1020.369334,1016.746245,1013.131442,1009.524892,1005.926956,1002.337380,998.756344,995.183976,991.620270,988.064906,984.518494,980.981047,977.452500,973.933057,970.422703,966.921480,963.429244,959.946391,956.403251,953.008604,949.553691,946.108353,942.672332,939.246403,935.829742,932.423159,929.026410,925.639054,922.262442,918.895582,915.538922,912.192387,908.856287,905.530405,902.214944,898.909799,895.615094,892.331249,889.058279,885.795952,882.544214,879.303416,876.073864,872.855272,869.647783,866.451739,863.266810,860.093092,856.931184,853.780736,850.641963,847.514873,844.324477,841.295979,838.204041,835.124541,832.057088,829.001718,825.958374,822.927751,819.909245,816.903299,813.909856,810.929289,807.961593,805.006673,802.064447,799.121172,796.219301,793.316038,790.426436,787.549654,784.686851,781.837383,779.001452,776.176547,773.370307,770.575197,767.793249,765.028230,762.272994,759.537773,756.812601,754.103669,751.409453,748.729934,746.064963,743.414450,740.779099,738.159067,735.551581,732.962467,730.388526,727.829153,725.285194,722.756374,720.243661,717.746654,715.260521,712.798555,710.350297,707.916923,705.499807,703.100135,700.715997,698.348644,695.997403,693.663432,691.346119,689.043958,686.762637,684.502074,682.249415,680.017414,677.803744,675.606145,673.429495,671.246555,669.124935,666.994913,664.895448,662.781383,660.734621,658.684206,656.652026,654.620380,652.647911,650.667587,648.710331,646.772397,644.854881,642.956176,641.076536,639.216434,637.376366,635.554055,633.755699,631.975244,630.215925,628.481496,626.758429,625.057737,623.378492,621.721665,620.085993,618.471983,616.878597,615.305531,613.753996,612.225200,610.717654,609.230723,607.766030,606.324858,604.905490,603.508877,602.132447,600.780394,599.450277,598.143777,596.860318,595.598812,594.362004,593.147617,591.956573,590.789432,589.645815,588.526154,587.430151,586.358625,585.311424,584.288633,583.290484,582.317436,581.369110,580.445780,579.547512,578.674350,577.826814,577.004861,576.208439,575.436983,574.692393,573.973430,573.281038,572.614971,571.975611,571.362739,570.776631,570.217296,569.685349,569.180824,568.703617,568.253791,567.832409,567.438184,567.071552,566.733458,566.423652,566.142438,565.889874,565.665873,565.471084,565.305260,565.168289,565.060952,564.983042,564.935153,564.916753,564.928375,564.969882,565.041869,565.144469,565.277386,565.441202,565.635808,565.861425,566.118241,566.406898,566.726491,567.077939,567.461167,567.876615,568.324058,568.804103,569.316934,569.861811,570.440061,571.050772,571.694682,572.371754,573.082482,573.826704,574.604713,575.416808,576.262943,577.143300,578.058224,579.007703,579.991936,581.011115,582.065464,583.155611,584.280914,585.441698,586.638190,587.870672,589.139143,590.444076,591.785375,593.163102,594.577873,596.029532,597.518485,599.044617,600.608158,602.209468,603.848694,605.525788,607.241009,608.994589,610.786567,612.617267,614.486665,616.395142,618.343094,620.330182,622.356891,624.423247,626.529457,628.675760,630.862214,633.089496,635.356963,637.665199,640.014313,642.404479,644.836164,647.309218,649.823763,652.380167,654.978680,657.619201,660.301934,663.027327,665.795299,668.606081,671.459955,674.357038,677.297514,680.281480,683.309167,686.380719,689.496410,692.656512,695.860888,699.109935,702.403648,705.742326,709.126407,712.555973,716.030429,719.550728,723.116952,726.728937,730.387203,734.092023,737.843105,741.640914,745.485792,749.377406,753.316454,757.302844,761.336694,765.418247,769.547848,773.725374,777.951218,782.225611,786.548420,790.920180,795.340826,799.810521,804.329502,808.897756,813.515513,818.183413,822.901149,827.668956,832.486960,837.355735,842.275128,847.245168,852.266140,857.338327,862.461796,867.636747,872.863322,878.141856,883.472391,888.854861,894.289654,899.776932,905.316726,910.909511,916.555004,922.253768,928.006067,933.811496,939.670758,945.583574,951.550254,957.571173,963.646337,969.775947,975.959912,982.198694,988.492535,994.841066,1001.245158,1007.704238,1014.218795,1020.789082,1027.415062,1034.096993,1040.835428,1047.629956,1054.480938,1061.388206,1068.352412,1075.373329,1082.451506,1089.586484,1096.778979,1104.028961,1111.336282,1118.701339,1126.124335,1133.605229,1141.144546,1148.741918,1156.397912,1164.112480,1171.885953,1179.718143,1187.609348,1195.559737,1203.569304,1211.638381,1219.766937,1227.955161,1236.203213,1244.511259,1252.879270,1261.308046,1269.796816,1278.345960,1286.955812,1295.626360,1304.357789,1313.150373,1322.003897
1392.365366,1388.236196,1384.110519,1379.988832,1375.870967,1371.756570,1367.646090,1363.539558,1359.436707,1355.337794,1351.243029,1347.152097,1343.065101,1338.982285,1334.903806,1330.829251,1326.758907,1322.692888,1318.631219,1314.573846,1310.520760,1306.472089,1302.427839,1298.388172,1294.352865,1290.321710,1286.295509,1282.273933,1278.256930,1274.244590,1270.236902,1266.233956,1262.236066,1258.243015,1254.254848,1250.271421,1246.293167,1242.319948,1238.351674,1234.388632,1230.430607,1226.477784,1222.530139,1218.587972,1214.650659,1210.719026,1206.793014,1202.872103,1198.956895,1195.047316,1191.143289,1187.244891,1183.351929,1179.464926,1175.583823,1171.708457,1167.838854,1163.975136,1160.117760,1156.266299,1152.420455,1148.580925,1144.747550,1140.920493,1137.099708,1133.285213,1129.477157,1125.675662,1121.880391,1118.091640,1114.309546,1110.533599,1106.764843,1103.002539,1099.247203,1095.498488,1091.756757,1088.022327,1084.294660,1080.573658,1076.860087,1073.153670,1069.454281,1065.762185,1062.077230,1058.399819,1054.729958,1051.197778,1047.412355,1043.765147,1040.125611,1036.493831,1032.869396,1029.252720,1025.644031,1022.043532,1018.451215,1014.866792,1011.290369,1007.722108,1004.162161,1000.610386,997.067069,993.532188,990.005709,986.487831,982.978447,979.477542,975.985417,972.502066,969.027790,965.562464,962.106079,958.658789,955.220421,951.791360,948.371507,944.960744,941.559595,938.167542,934.785133,931.412519,928.049181,924.695789,921.351733,918.018018,914.694107,911.380140,908.076238,904.782514,901.499046,898.225659,894.962500,891.709813,888.467464,885.235934,882.015034,878.804726,875.605035,872.416109,869.238301,866.071262,862.915561,859.771069,856.637480,853.515130,850.404390,847.305127,844.217336,841.141338,838.076808,835.024045,831.982826,828.953865,825.936845,822.931850,819.938821,816.958323,813.989978,811.034002,808.090462,805.159621,802.241607,799.336319,796.443577,793.563970,790.696874,787.842941,785.002179,782.174644,779.313492,776.565146,773.772081,770.998198,768.237415,765.491388,762.758930,760.039774,757.334350,754.644427,751.971748,749.307400,746.573985,744.028554,741.410598,738.807251,736.219027,733.643677,731.086070,728.497144,726.015226,723.502166,721.004346,718.521746,716.055011,713.599044,711.166735,708.748148,706.343996,703.955937,701.584851,699.229624,696.888001,694.567673,692.261299,689.971878,687.697215,685.438732,683.209293,680.983715,678.778034,676.590529,674.419920,672.266314,670.135951,668.014585,665.914354,663.832673,661.768833,659.722396,657.694492,655.683977,653.681039,651.714956,649.768012,647.837486,645.925908,644.026903,642.148684,640.287824,638.451628,636.631954,634.834429,633.043482,631.293901,629.553295,627.833110,626.134284,624.453925,622.793075,621.154977,619.537212,617.939608,616.364586,614.808136,613.274997,611.760934,610.271141,608.801131,607.350747,605.925291,604.520964,603.139871,601.778256,600.439482,599.123679,597.830993,596.560040,595.312419,594.087312,592.886224,591.707543,590.551587,589.419845,588.311226,587.226300,586.165043,585.127810,584.114943,583.126032,582.161906,581.222661,580.307545,579.417473,578.552222,577.712014,576.897045,576.107614,575.343084,574.604043,573.891084,573.203768,572.543180,571.908300,571.299877,570.717859,570.162446,569.633824,569.131977,568.657234,568.209809,567.790144,567.397735,567.032396,566.694784,566.385406,566.104138,565.851310,565.626849,565.430666,565.263529,565.125114,565.015323,564.934728,564.883909,564.862268,564.870266,564.907898,564.975295,565.072932,565.200732,565.358954,565.547550,565.766847,566.016955,566.298185,566.610521,566.953846,567.328898,567.735481,568.173919,568.644192,569.146922,569.681836,570.249024,570.848856,571.481240,572.146393,572.844679,573.576196,574.340915,575.139310,575.971506,576.837379,577.737455,578.671697,579.640250,580.643285,581.681239,582.753955,583.862126,585.005282,586.183580,587.397429,588.646914,589.932282,591.253753,592.611258,594.005210,595.435557,596.902679,598.406950,599.948018,601.526290,603.142010,604.795413,606.486430,608.215406,609.982278,611.787368,613.630857,615.512775,617.433655,619.393574,621.392416,623.430605,625.508169,627.625313,629.782350,631.979115,634.216507,636.493816,638.811704,641.169922,643.569201,646.009569,648.491064,651.013772,653.578060,656.184198,658.832031,661.521824,664.253955,667.028356,669.845359,672.705179,675.607846,678.553660,681.542691,684.575133,687.651165,690.771216,693.935060,697.143102,700.395416,703.692191,707.033745,710.420166,713.851914,717.328257,720.850151,724.417732,728.030680,731.689670,735.394923,739.146138,742.943952,746.788294,750.679231,754.617127,758.602192,762.634424,766.714065,770.841460,775.016517,779.239678,783.510837,787.830429,792.198340,796.615032,801.080434,805.594849,810.158238,814.770836,819.433264,824.145264,828.907023,833.718681,838.580815,843.493270,848.456073,853.469512,858.533849,863.649212,868.815740,874.033593,879.303109,884.624329,889.997186,895.422126,900.899120,906.428430,912.010415,917.644772,923.332177,929.072785,934.866225,940.713200,946.613434,952.567235,958.574978,964.636670,970.752512,976.922472,983.146950,989.426020,995.759599,1002.148445,1008.591983,1015.090703,1021.644857,1028.254412,1034.919622,1041.641130,1048.418262,1055.251642,1062.141014,1069.087031,1076.089588,1083.148871,1090.264783,1097.437921,1104.668253,1111.955634,1119.300460,1126.702934,1134.163016,1141.681232,1149.257212,1156.891607,1164.584126,1172.335343,1180.144988,1188.013361,1195.940632,1203.926793,1211.972179,1220.076759,1228.240721,1236.464226,1244.747441,1253.090338,1261.493716,1269.956765,1278.479987,1287.063595,1295.707618,1304.412241,1313.177739,1322.003897
1377.856172,1373.784946,1369.717814,1365.654229,1361.594505,1357.538251,1353.486074,1349.437583,1345.392736,1341.352058,1337.315127,1333.282209,1329.253197,1325.228582,1321.207827,1317.191312,1313.178870,1309.170806,1305.166973,1301.167362,1297.172099,1293.181190,1289.194666,1285.212639,1281.234549,1277.261546,1273.292903,1269.328892,1265.369355,1261.414468,1257.464354,1253.518940,1249.578466,1245.642807,1241.711854,1237.785950,1233.864982,1229.948898,1226.037966,1222.131935,1218.231096,1214.335453,1210.444966,1206.559600,1202.679480,1198.804910,1194.935501,1191.071723,1187.213369,1183.360561,1179.513409,1175.671686,1171.835365,1168.005110,1164.180437,1160.361576,1156.548518,1152.741576,1148.940503,1145.145322,1141.355914,1137.572770,1133.795675,1130.024825,1126.260332,1122.501873,1118.750029,1115.004472,1111.265287,1107.532370,1103.806043,1100.085892,1096.372882,1092.666585,1088.966736,1085.273892,1081.587881,1077.908688,1074.236513,1070.571279,1066.913015,1063.262019,1059.617652,1056.114999,1052.351022,1048.728837,1045.114186,1041.506639,1037.906468,1034.314259,1030.729501,1027.152296,1023.582609,1020.020514,1016.466574,1012.920746,1009.382904,1005.852895,1002.330737,998.816853,995.310996,991.813605,988.324300,984.843452,981.370940,977.906964,974.451209,971.004282,967.565857,964.136137,960.715427,957.303595,953.900634,950.506585,947.121616,943.745883,940.379052,937.021358,933.673199,930.333903,927.004510,923.684667,920.373951,917.073130,913.781643,910.500492,906.900575,903.967330,900.715636,897.474037,894.242660,891.021180,887.810009,884.608957,881.418538,878.238726,875.069329,871.910519,868.762246,865.624617,862.497789,859.382125,856.277494,853.183807,850.101147,847.029690,843.969599,840.921023,837.883705,834.858014,831.843863,828.841358,825.850398,822.871349,819.904175,816.949020,814.005840,811.074823,808.156061,805.249442,802.344634,799.473816,796.605169,793.748717,790.899298,788.074091,785.255732,782.450462,779.658109,776.871811,774.104536,771.360396,768.620761,765.894546,763.182312,760.484027,757.798905,755.129143,752.471326,749.827299,747.188908,744.585021,741.985189,739.399491,736.828250,734.271712,731.729958,729.202004,726.690479,724.193207,721.710926,719.243671,716.791285,714.354847,711.928612,709.526176,707.136775,704.762220,702.402734,700.060212,697.733633,695.390215,693.127993,690.849823,688.588802,686.340627,684.109198,681.900344,679.707454,677.525188,675.366788,673.222418,671.076766,668.984409,666.892761,664.817416,662.760837,660.719571,658.697801,656.689006,654.709677,652.743771,650.794832,648.862190,646.953018,645.059872,643.179993,641.330532,639.494935,637.667528,635.874458,634.095999,632.339404,630.599764,628.878964,627.177632,625.499596,623.839553,622.197325,620.574966,618.975951,617.396106,615.839253,614.301961,612.784339,611.287089,609.813605,608.359799,606.926601,605.514928,604.126900,602.759100,601.414173,600.089161,598.786797,597.507732,596.251196,595.016515,593.803782,592.614858,591.448988,590.305181,589.184523,588.087414,587.013383,585.962836,584.935902,583.932642,582.953604,581.998537,581.068151,580.162084,579.280134,578.422788,577.590382,576.782774,576.000106,575.242683,574.509862,573.803061,573.121332,572.465557,571.835776,571.232053,570.654252,570.102657,569.577584,569.078967,568.607131,568.162176,567.744022,567.353815,566.990172,566.653597,566.344817,566.063919,565.810871,565.586048,565.389135,565.220669,565.080856,564.969382,564.886612,564.832687,564.808451,564.813042,564.846907,564.910423,565.003262,565.126186,565.279143,565.462219,565.675363,565.919114,566.193339,566.498542,566.834613,567.201428,567.599654,568.029276,568.490320,568.983282,569.508436,570.065173,570.654224,571.275618,571.929391,572.615630,573.334788,574.086866,574.871910,575.690540,576.542520,577.427991,578.347508,579.300804,580.288273,581.309894,582.366179,583.457285,584.583319,585.743963,586.939515,588.170465,589.436795,590.738787,592.076541,593.450139,594.859921,596.305804,597.788366,599.307509,600.863381,602.456404,604.086127,605.753504,607.458307,609.200639,610.980730,612.798741,614.654845,616.549186,618.482318,620.453950,622.464369,624.513865,626.602464,628.730387,630.897881,633.105139,635.352220,637.639199,639.966482,642.333873,644.742051,647.190944,649.680598,652.211380,654.783432,657.396993,660.052001,662.748703,665.487374,668.268168,671.091222,673.956792,676.865000,679.815983,682.809935,685.847013,688.927397,692.051515,695.219140,698.430678,701.686202,704.985900,708.330090,711.719340,715.152671,718.630786,722.154164,725.722963,729.336858,732.996494,736.701980,740.453231,744.250808,748.094565,751.984688,755.921455,759.905099,763.935619,768.013254,772.138352,776.310963,780.531099,784.799079,789.115201,793.479348,797.891982,802.353032,806.862800,811.421219,816.028613,820.685579,825.391682,830.147312,834.952672,839.807984,844.713420,849.668934,854.674774,859.731218,864.838499,869.996434,875.205506,880.466022,885.777793,891.140981,896.555957,902.022690,907.541443,913.112575,918.735760,924.411818,930.140614,935.922018,941.756745,947.644270,953.585149,959.579676,965.627855,971.729890,977.885835,984.095828,990.360206,996.678867,1003.052363,1009.480326,1015.963177,1022.501168,1029.094266,1035.742794,1042.447193,1049.206989,1056.022741,1062.894193,1069.821997,1076.806049,1083.846537,1090.943361,1098.097238,1105.307785,1112.575206,1119.899783,1127.281719,1134.720973,1142.218071,1149.772647,1157.385348,1165.055885,1172.784833,1180.571923,1188.417453,1196.321497,1204.284342,1212.306028,1220.386623,1228.526316,1236.725269,1244.983647,1253.301424,1261.679401,1270.116765,1278.614021,1287.171382,1295.788878,1304.466694,1313.205105,1322.003897
1363.525811,1359.512500,1355.502853,1351.496801,1347.494593,1343.496135,1339.501259,1335.510092,1331.522730,1327.539480,1323.560017,1319.584421,1315.613066,1311.645446,1307.682116,1303.722889,1299.767883,1295.816950,1291.870260,1287.927870,1283.989760,1280.055969,1276.126479,1272.201150,1268.280518,1264.364339,1260.452851,1256.545486,1252.642951,1248.106650,1244.851730,1240.963310,1237.079588,1233.200570,1229.326499,1225.457288,1221.592862,1217.733523,1213.879094,1210.029572,1206.185333,1202.346244,1198.511877,1194.683208,1190.859527,1187.041311,1183.228146,1179.420691,1175.618601,1171.821954,1168.030895,1164.244928,1160.465169,1156.690637,1152.922072,1149.159135,1145.402140,1141.650831,1137.905724,1134.166073,1130.432704,1126.705285,1122.983826,1119.268676,1115.559785,1111.856829,1108.160393,1104.470230,1100.786260,1097.108786,1093.437370,1089.772908,1086.114989,1082.463726,1078.819297,1075.181425,1071.550327,1067.926086,1064.308911,1060.698481,1057.095090,1053.498710,1049.909091,1046.326550,1042.751729,1039.183952,1035.623653,1032.070507,1028.524879,1024.986961,1021.456340,1017.933281,1014.417788,1010.909893,1007.409959,1003.917946,1000.434052,996.957935,993.489528,990.029302,986.577142,983.133258,979.697535,976.270136,972.851008,969.440250,966.037853,962.644113,959.258687,955.882143,952.514457,949.155504,945.805389,942.464122,939.131862,935.808767,932.494313,929.189303,925.893360,922.606605,919.329512,916.061871,912.803305,909.554331,906.314995,903.085688,899.866002,896.656055,893.456143,890.266133,887.086209,883.916073,880.756241,877.606512,874.467375,871.338622,868.220292,865.112414,862.014992,858.928092,855.851985,852.786915,849.732836,846.689397,843.657178,840.635889,837.626061,834.627528,831.640164,828.664313,825.699937,822.747194,819.805705,816.876240,813.958535,811.052572,808.158560,805.276822,802.406793,799.549377,796.704098,793.871708,791.051306,788.243486,785.304704,782.665210,779.820745,777.137895,774.424082,771.660758,768.944353,766.239008,763.546860,760.867943,758.100386,755.552768,752.913524,750.289762,747.679977,744.934273,742.502864,739.935266,737.381738,734.842516,732.317593,729.804733,727.310579,724.830082,722.363606,719.911918,717.475044,715.053233,712.601175,710.254564,707.846062,705.516986,703.137396,700.840989,698.526954,696.204728,693.946075,691.674834,689.428762,687.195164,684.975895,682.775380,680.587684,678.420289,676.265203,674.131140,672.003777,669.897164,667.827482,665.761011,663.707087,661.678386,659.660495,657.664464,655.684413,653.723637,651.780166,649.852971,647.947070,646.058030,644.187490,642.334384,640.501465,638.683513,636.890497,635.113072,633.354168,631.617508,629.894874,628.194579,626.514532,624.852879,623.212729,621.590656,619.987265,618.405991,616.844660,615.303049,613.783860,612.283981,610.804359,609.344591,607.909225,606.492352,605.096017,603.721316,602.369823,601.039268,599.730229,598.441522,597.175729,595.931903,594.710775,593.512179,592.334676,591.181224,590.049524,588.940520,587.854857,586.792060,585.752222,584.735724,583.742797,582.773370,581.827802,580.906159,580.008779,579.135596,578.286551,577.461796,576.661750,575.886257,575.135601,574.409805,573.708550,573.032995,572.382571,571.758026,571.158964,570.585839,570.038524,569.517024,569.021798,568.552913,568.110688,567.695204,567.306334,566.944974,566.609895,566.301870,566.021504,565.768640,565.543675,565.346433,565.176953,565.035982,564.923088,564.838222,564.782127,564.754704,564.756526,564.786983,564.846699,564.935454,565.053750,565.201815,565.379417,565.587076,565.824662,566.092452,566.390679,566.719491,567.078854,567.469054,567.890190,568.342575,568.826093,569.341429,569.888667,570.467051,571.077927,571.720380,572.395146,573.102326,573.842135,574.614442,575.419663,576.258153,577.129741,578.034691,578.973276,579.945443,580.951571,581.991667,583.066014,584.175122,585.318740,586.496684,587.709422,588.957259,590.240222,591.558583,592.912470,594.301934,595.727221,597.188585,598.686220,600.220236,601.790652,603.397811,605.041875,606.723021,608.441240,610.196851,611.989933,613.820680,615.689193,617.595815,619.540921,621.524189,623.546094,625.606661,627.706095,629.844623,632.022332,634.239897,636.496597,638.793082,641.129455,643.505934,645.922844,648.380129,650.877918,653.416560,655.996158,658.617036,661.279100,663.982553,666.727696,669.514630,672.343648,675.214851,678.128370,681.084428,684.083200,687.124788,690.209395,693.337454,696.508751,699.723675,702.982259,706.284760,709.631468,713.022943,716.458112,719.938083,723.462939,727.032515,730.647331,734.307546,738.013174,741.764426,745.561675,749.404699,753.293887,757.229428,761.211556,765.240269,769.315807,773.438517,777.608448,781.825613,786.090329,790.402936,794.763169,799.171770,803.628337,808.133349,812.686749,817.288831,821.940192,826.640396,831.389833,836.188778,841.037216,845.935649,850.883745,855.881986,860.930477,866.029438,871.178827,876.379059,881.630439,886.932780,892.286243,897.691235,903.147619,908.655872,914.215992,919.828039,925.492636,931.209588,936.978900,942.801227,948.676199,954.604062,960.585263,966.620008,972.708078,978.849882,985.045441,991.295091,997.598811,1003.956911,1010.369266,1016.836216,1023.358014,1029.934626,1036.566375,1043.253829,1049.996138,1056.794244,1063.647741,1070.557309,1077.522784,1084.544529,1091.622219,1098.756697,1105.947556,1113.195000,1120.499309,1127.860689,1135.279251,1142.755065,1150.288221,1157.879214,1165.527757,1173.234424,1180.998980,1188.821624,1196.702546,1204.641951,1212.639929,1220.696531,1228.811948,1236.986341,1245.219877,1253.512529,1261.865099,1270.276775,1278.748062,1287.279174,1295.870141,1304.521148,1313.232471,1322.003897
1349.373134,1345.416729,1341.463891,1337.514950,1333.569649,1329.628019,1325.689955,1321.755560,1317.825207,1313.898307,1309.975830,1306.057206,1302.142358,1298.231466,1294.324906,1290.422415,1286.524029,1282.629634,1278.739570,1274.853722,1270.972127,1267.094479,1263.221508,1259.352903,1255.488629,1251.628876,1247.773439,1243.922632,1240.076381,1236.234867,1232.397713,1228.565453,1224.737754,1220.915052,1217.096965,1213.283824,1209.475466,1205.671992,1201.873625,1198.080107,1194.291806,1190.508296,1186.730135,1182.957007,1179.189319,1175.426840,1171.669284,1167.917448,1164.171010,1160.429941,1156.694364,1152.964020,1149.239479,1145.520420,1141.807342,1138.099847,1134.397900,1130.702111,1127.011868,1123.327722,1119.649445,1115.976974,1112.310775,1108.650642,1104.996638,1101.348608,1097.707100,1094.071497,1090.442418,1086.819534,1083.202941,1079.592985,1075.989857,1072.393248,1068.803231,1065.219591,1061.643055,1058.073157,1054.390881,1050.954035,1047.404926,1043.862563,1040.327025,1036.798786,1033.277713,1029.763986,1026.257581,1022.758237,1019.266388,1015.782056,1012.304970,1008.835721,1005.373669,1001.919435,998.472970,995.034318,991.603726,988.180764,984.765585,981.358387,977.959507,974.568533,971.185773,967.811216,964.444895,961.086679,957.737165,954.396038,951.063159,947.739097,944.423826,941.117218,937.819269,934.530326,931.250206,927.979183,924.716731,921.463650,918.219401,914.984602,911.759313,908.542965,905.336105,902.138651,898.950831,895.772811,892.604469,889.445692,886.296870,883.157861,880.028870,876.909692,873.800575,870.701647,867.613209,864.534942,861.159837,858.409527,855.362154,852.325547,849.299825,846.284823,843.280662,840.287047,837.304485,834.333089,831.372942,828.423924,825.485904,822.559493,819.644373,816.740620,813.848285,810.967759,808.099024,805.241582,802.396446,799.551978,796.741908,793.932867,791.135936,788.351687,785.579421,782.797379,780.069382,777.336818,774.614493,771.910772,769.208225,766.524482,763.853285,761.193212,758.549685,755.936071,753.301272,750.695862,748.104227,745.528404,742.964257,740.414954,737.879394,735.357791,732.850511,730.356955,727.875390,725.363067,722.962835,720.526862,718.105643,715.698999,713.307253,710.930446,708.568025,706.219916,703.889172,701.572655,699.270858,696.985195,694.704293,692.424609,690.216243,687.998630,685.792683,683.600629,681.426080,679.265961,677.124862,674.995937,672.886206,670.796709,668.721294,666.661596,664.619003,662.593977,660.567540,658.594313,656.621831,654.664142,652.726083,650.796441,648.903556,647.024067,645.152385,643.303148,641.473919,639.661689,637.868533,636.090572,634.337293,632.599214,630.880858,629.177534,627.500914,625.840171,624.197349,622.573730,620.969301,619.389462,617.824449,616.279298,614.757451,613.255679,611.773232,610.310623,608.867522,607.446851,606.046801,604.666993,603.306771,601.970895,600.653813,599.360937,598.086508,596.834045,595.603963,594.396468,593.210116,592.046119,590.904186,589.785723,588.688792,587.613764,586.562533,585.533781,584.527930,583.544991,582.585431,581.649337,580.737179,579.848626,578.983826,578.143251,577.326625,576.534198,575.765905,575.022521,574.303300,573.608898,572.938839,572.294448,571.674983,571.080978,570.512541,569.969589,569.452139,568.960660,568.495103,568.055650,567.642734,567.256161,566.896368,566.563619,566.256732,565.976946,565.724659,565.499596,565.302276,565.132260,564.990102,564.875962,564.789902,564.731497,564.701559,564.700621,564.727985,564.784173,564.869118,564.983206,565.126545,565.299253,565.501476,565.733415,565.995130,566.286771,566.608591,566.960926,567.343394,567.756440,568.200461,568.674971,569.181122,569.718491,570.287246,570.887330,571.519463,572.183077,572.878583,573.606352,574.366431,575.158861,575.984266,576.842170,577.733173,578.657304,579.614692,580.605564,581.629993,582.688442,583.780712,584.907652,586.068463,587.263581,588.493326,589.757781,591.057188,592.391768,593.761470,595.166589,596.607282,598.083826,599.596424,601.144988,602.729742,604.351048,606.009061,607.703792,609.435403,611.204007,613.009906,614.853162,616.733964,618.652749,620.609477,622.604238,624.637371,626.708899,628.819027,630.968064,633.155844,635.383266,637.649615,639.955551,642.300894,644.686123,647.111618,649.577160,652.082933,654.629284,657.216482,659.844369,662.513174,665.223363,667.974836,670.767823,673.602643,676.479295,679.398077,682.359046,685.362475,688.408482,691.497307,694.629015,697.803891,701.022033,704.283571,707.588755,710.938019,714.331457,717.768456,721.249974,724.776153,728.346644,731.962150,735.622879,739.328540,743.079595,746.876386,750.718597,754.606818,758.541168,762.521576,766.548373,770.621881,774.741946,778.909109,783.123266,787.384603,791.693549,796.049851,800.454230,804.906364,809.406426,813.954561,818.551663,823.197170,827.891402,832.634575,837.426963,842.268624,847.159842,852.100503,857.091033,862.131497,867.222047,872.362930,877.554246,882.796433,888.089336,893.433028,898.827888,904.273866,909.771497,915.320600,920.921434,926.574518,932.279636,938.036997,943.846726,949.708984,955.623960,961.591768,967.612985,973.687118,979.814701,985.995910,992.230674,998.519337,1004.862089,1011.258803,1017.709924,1024.215394,1030.775489,1037.390531,1044.060788,1050.785707,1057.566133,1064.401660,1071.292967,1078.239892,1085.242796,1092.301356,1099.416417,1106.587566,1113.815013,1121.099027,1128.439846,1135.837580,1143.292214,1150.803934,1158.373207,1165.999743,1173.684116,1181.426093,1189.225873,1197.083647,1204.999619,1212.973880,1221.006482,1229.097615,1237.247442,1245.456130,1253.723653,1262.050812,1270.436796,1278.882111,1287.386971,1295.951406,1304.575602,1313.259837,1322.003897
1335.396056,1331.495851,1327.599494,1323.706853,1319.817794,1315.932350,1312.050390,1308.172115,1304.297857,1300.427657,1296.561231,1292.698399,1288.839791,1284.985275,1281.134644,1277.288131,1273.445728,1269.607362,1265.773243,1261.943315,1258.117271,1254.295837,1250.478721,1246.665708,1242.857424,1239.053134,1235.253662,1231.458567,1227.668051,1223.882160,1220.100485,1216.323783,1212.551789,1208.784431,1205.021992,1201.264231,1197.511247,1193.763211,1190.020137,1186.281864,1182.548763,1178.820880,1175.097923,1171.379962,1167.667373,1163.050043,1160.257555,1156.560738,1152.869367,1149.183150,1145.502232,1141.826865,1138.157256,1134.493384,1130.834834,1127.181850,1123.534773,1119.893566,1116.258172,1112.628501,1109.004811,1105.386834,1101.775161,1098.169330,1094.569496,1090.976044,1087.388552,1083.807281,1080.232279,1076.663489,1073.101025,1069.545421,1065.996304,1062.453493,1058.917222,1055.387750,1051.864936,1048.348831,1044.839591,1041.337112,1037.841513,1034.352585,1030.870519,1027.395753,1023.928325,1020.467910,1017.014745,1013.568575,1010.129898,1006.698721,1003.274772,999.858589,996.449495,993.048108,989.654538,986.268680,982.890802,979.520495,976.158013,972.803283,969.379592,966.118339,962.787940,959.465682,956.151499,952.845559,949.548154,946.258952,942.978175,939.706067,936.442605,933.187776,929.941545,926.704250,923.475708,920.256006,917.045182,913.843140,910.650411,907.433212,904.292776,901.127522,897.971538,894.825193,891.688183,888.561028,885.443248,882.335265,879.237006,876.148484,873.069764,870.000907,866.942180,863.893439,860.855050,857.826843,854.808852,851.801205,848.723969,845.816679,842.840558,839.875132,836.920236,833.976060,831.042774,828.120580,825.209488,822.309312,819.420259,816.542697,813.676468,810.821145,807.977439,805.145357,802.324717,799.515786,796.718747,793.933463,791.160452,788.399140,785.650231,782.913507,780.188742,777.476362,774.776057,772.081078,769.403913,766.750840,764.101022,761.464001,758.839278,756.227191,753.629905,751.045244,748.476839,745.913927,743.223523,740.838797,738.321729,735.818061,733.308666,730.841996,728.390354,725.942119,723.507301,721.088548,718.683656,716.292538,713.916003,711.554128,709.207062,706.874314,704.556617,702.253494,699.965996,697.692851,695.435550,693.192146,690.966757,688.750013,686.560299,684.381613,682.216623,680.068635,677.940725,675.820661,673.719456,671.633781,669.571400,667.518404,665.485568,663.468077,661.467219,659.468248,657.531250,655.567427,653.633996,651.719451,649.822477,647.943222,646.081867,644.235823,642.410604,640.596223,638.809478,637.031038,635.286194,633.551668,631.835102,630.136440,628.455618,626.795105,625.154862,623.532013,621.934375,620.346913,618.781070,617.234000,615.708353,614.203798,612.717815,611.252569,609.807172,608.381673,606.976705,605.592896,604.228449,602.885261,601.561537,600.261118,598.981435,597.722493,596.483825,595.267535,594.072747,592.900437,591.749082,590.619196,589.512370,588.428007,587.365306,586.324661,585.307309,584.312258,583.339631,582.390371,581.463741,580.560839,579.681429,578.825486,577.993606,577.184876,576.400094,575.639579,574.903271,574.190956,573.503163,572.839586,572.201079,571.587039,570.997979,570.434466,569.896170,569.383031,568.895334,568.433480,567.997236,567.587050,567.202957,566.845175,566.514191,566.209030,565.930377,565.678718,565.454054,565.256634,565.086553,564.943556,564.828321,564.740932,564.681182,564.648965,564.645068,564.669927,564.722876,564.804423,564.914610,565.053528,565.221512,565.418763,565.645296,565.901091,566.186654,566.502045,566.847194,567.222571,567.627863,568.063674,568.530090,569.027025,569.555018,570.114363,570.704429,571.325950,571.978945,572.663440,573.379534,574.127740,574.907791,575.720113,576.565078,577.442503,578.352547,579.295711,580.271773,581.281111,582.323699,583.400048,584.510310,585.654625,586.832465,588.044544,589.290997,590.571910,591.887518,593.238067,594.623457,596.044117,597.499913,598.991516,600.518762,602.081732,603.680942,605.316004,606.987580,608.695708,610.440451,612.221979,614.040471,615.896135,617.788996,619.719726,621.687987,623.694104,625.738254,627.820571,629.941238,632.100498,634.298499,636.535433,638.811231,641.126359,643.480603,645.874646,648.308413,650.781984,653.295616,655.849558,658.444011,661.078912,663.754505,666.471124,669.228741,672.027671,674.868110,677.750176,680.674006,683.639793,686.647690,689.697879,692.790784,695.926178,699.104465,702.325717,705.590120,708.897991,712.249563,715.644857,719.083574,722.566526,726.093847,729.665214,733.281302,736.942330,740.647996,744.398936,748.195077,752.036486,755.923525,759.856403,763.835117,767.859908,771.931122,776.048630,780.212830,784.423947,788.681894,792.987070,797.339545,801.739435,806.186977,810.682155,815.225117,819.816756,824.456509,829.144695,833.881440,838.667320,843.502169,848.386045,853.319205,858.301942,863.334322,868.416545,873.548710,878.731160,883.964147,889.247360,894.581217,899.965954,905.401505,910.888424,916.426532,922.016059,927.657753,933.350790,939.095978,944.893241,950.742741,956.644668,962.599299,968.606717,974.666925,980.780291,986.946991,993.166955,999.440527,1005.767896,1012.148936,1018.584092,1025.073307,1031.616857,1038.215062,1044.868194,1051.575696,1058.338416,1065.155948,1072.028970,1078.957321,1085.941363,1092.980772,1100.076394,1107.227816,1114.435247,1121.698959,1129.019187,1136.396046,1143.829516,1151.319788,1158.867325,1166.471841,1174.133909,1181.853295,1189.630201,1197.464918,1205.357346,1213.307882,1221.316476,1229.383319,1237.508573,1245.692408,1253.934795,1262.236539,1270.596827,1279.016167,1287.494772,1296.032674,1304.630059,1313.287204,1322.003897
1321.592747,1317.748440,1313.907802,1310.070676,1306.237311,1302.407435,1298.581087,1294.758374,1290.242745,1287.125044,1283.314047,1279.506938,1275.703896,1271.904827,1268.109583,1264.318510,1260.531501,1256.748584,1252.969701,1249.194737,1245.424316,1241.658087,1237.896181,1234.138287,1230.384838,1226.636052,1222.891775,1219.151813,1215.416354,1211.685159,1207.958825,1204.237047,1200.519916,1196.807586,1193.099936,1189.396973,1185.698872,1182.005712,1178.317135,1174.633776,1170.955442,1167.282181,1163.613550,1159.950402,1156.292318,1152.639222,1148.832645,1145.349096,1141.712132,1138.080153,1134.453523,1130.832642,1127.217409,1123.607612,1120.003124,1116.404352,1112.811449,1109.224280,1105.642795,1102.067283,1098.497513,1094.933525,1091.375641,1087.823708,1084.277500,1080.737643,1077.203677,1073.676044,1070.154940,1066.639426,1063.130849,1059.628723,1056.132843,1052.643415,1049.160529,1045.684324,1042.214742,1038.751761,1035.295616,1031.846114,1028.403497,1024.967699,1021.538456,1018.116806,1014.702134,1011.294480,1007.893865,1004.500380,1001.114334,997.735735,994.364423,991.000466,987.643890,984.294910,980.953608,977.619963,974.294153,970.975989,967.665452,964.362920,961.068289,957.781664,954.503061,951.232538,947.969830,944.715701,941.469843,938.232124,935.002768,931.782123,928.569841,925.366124,922.171163,918.984958,915.807250,912.638694,909.478756,906.327512,903.185555,900.052781,896.929135,893.814414,890.708858,887.612792,884.526474,881.449396,878.381810,875.323901,872.275629,869.236967,866.208106,863.189108,860.179990,857.181134,854.192233,851.213507,848.244911,845.286580,842.337931,839.400427,836.473430,833.556890,830.650944,827.755510,824.870934,821.997512,819.134968,816.283173,813.442561,810.613334,807.795181,804.987915,802.192293,799.408122,796.623625,793.874255,791.124631,788.387268,785.661485,782.947925,780.246243,777.556425,774.878905,772.213183,769.559854,766.917048,764.290613,761.674583,759.071237,756.479983,753.734102,751.337047,748.785628,746.247591,743.719700,741.196245,738.708837,736.207210,733.751693,731.293330,728.848953,726.418057,724.000917,721.596846,719.208475,716.833889,714.460510,712.126498,709.794365,707.476834,705.173481,702.885061,700.610624,698.351805,696.107354,693.878319,691.667069,689.465277,687.276252,685.113756,682.960657,680.823929,678.703003,676.601683,674.507780,672.432364,670.376137,668.335658,666.307913,664.300511,662.307915,660.331852,658.372167,656.422318,654.477904,652.594384,650.702763,648.825942,646.973052,645.134174,643.311324,641.491434,639.721589,637.952004,636.203221,634.471022,632.747099,631.060105,629.381907,627.725069,626.078797,624.454656,622.856563,621.272498,619.707310,618.161805,616.633966,615.124404,613.636881,612.169371,610.722095,609.293914,607.885301,606.495475,605.127742,603.779880,602.452938,601.143721,599.858313,598.592597,597.349205,596.125450,594.922286,593.740754,592.581076,591.443445,590.327029,589.231396,588.159190,587.108005,586.079193,585.072640,584.088499,583.126831,582.187469,581.271218,580.377287,579.507448,578.660039,577.836527,577.036865,576.260123,575.506939,574.778062,574.072987,573.391695,572.735069,572.102122,571.494187,570.910442,570.351721,569.818294,569.309595,568.826193,568.367837,567.935102,567.527816,567.146534,566.791195,566.461774,566.159062,565.881776,565.630934,565.406985,565.209719,565.039623,564.896385,564.780129,564.691573,564.630509,564.596692,564.590598,564.612508,564.662935,564.741137,564.847580,564.982630,565.146229,565.338610,565.560063,565.810563,566.090228,566.399179,566.737840,567.106266,567.504338,567.932362,568.390666,568.879066,569.398110,569.947937,570.528689,571.140087,571.782723,572.456400,573.161474,573.898039,574.666230,575.466155,576.298118,577.162484,578.059044,578.988150,579.949847,580.944360,581.971912,583.032637,584.126564,585.254413,586.415855,587.610744,588.839534,590.102454,591.399615,592.731259,594.097514,595.498534,596.934247,598.405143,599.911449,601.453237,603.030438,604.643626,606.292445,607.977571,609.698828,611.456530,613.250754,615.081693,616.949445,618.854350,620.796783,622.776416,624.793725,626.848732,628.941639,631.072672,633.241915,635.450042,637.696328,639.981424,642.305532,644.668557,647.071136,649.513103,651.994589,654.515938,657.077291,659.678857,662.320653,665.002841,667.725723,670.489449,673.294153,676.140092,679.027384,681.956163,684.926623,687.938917,690.993225,694.089972,697.228946,700.410531,703.634761,706.901890,710.212208,713.566282,716.963128,720.403449,723.887783,727.416087,730.988275,734.604868,738.265995,741.971571,745.722136,749.517595,753.358082,757.243891,761.175254,765.152168,769.174872,773.243713,777.358739,781.519960,785.727700,789.982250,794.283495,798.631896,803.027379,807.470249,811.960466,816.498262,821.084261,825.718201,830.400266,835.130608,839.909791,844.737663,849.614253,854.539846,859.514705,864.538958,869.612743,874.736223,879.909732,885.133313,890.406900,895.730865,901.105419,906.530545,912.006734,917.533704,923.112017,928.741941,934.423069,940.156017,945.940770,951.777442,957.666303,963.607551,969.601296,975.647539,981.746650,987.898805,994.103932,1000.362548,1006.674363,1013.039665,1019.458824,1025.931753,1032.458727,1039.040290,1045.676046,1052.366105,1059.111094,1065.910581,1072.765319,1079.675073,1086.640230,1093.660467,1100.736629,1107.868304,1115.055702,1122.299229,1129.598715,1136.954680,1144.366973,1151.835881,1159.361569,1166.944150,1174.583802,1182.280587,1190.034608,1197.846156,1205.715133,1213.641935,1221.626513,1229.669058,1237.769734,1245.928709,1254.145956,1262.422280,1270.756869,1279.150230,1287.602578,1296.113944,1304.684516,1313.314571,1322.003897
1307.961879,1304.172586,1300.386997,1296.605055,1292.826544,1289.051665,1285.280310,1281.512800,1277.749083,1273.989269,1270.233192,1266.481150,1262.732927,1258.988602,1255.248226,1251.511957,1247.779718,1244.051494,1240.010286,1236.607123,1232.891328,1229.179790,1225.472211,1221.768997,1218.070259,1214.376093,1210.686177,1207.000792,1203.319635,1199.643057,1195.971118,1192.303591,1188.640915,1184.982803,1181.329382,1177.680732,1174.036961,1170.397534,1166.763467,1163.134280,1159.510041,1155.890772,1152.276316,1148.666957,1145.062620,1141.463682,1137.869813,1134.281375,1130.697945,1127.119852,1123.547009,1119.979927,1116.418137,1112.861937,1109.310927,1105.765959,1102.226605,1098.692951,1095.164917,1091.642809,1088.126262,1084.615647,1080.738630,1077.612138,1074.119200,1070.632342,1067.151511,1063.677010,1060.208806,1056.746576,1053.290930,1049.841513,1046.398477,1042.961794,1039.531749,1036.108314,1032.691207,1029.280885,1025.877199,1022.480387,1019.089987,1015.706359,1012.329920,1008.960525,1005.598080,1002.242387,998.893943,995.552705,992.218808,988.892189,985.572806,982.260717,978.955959,975.578148,972.369129,969.087143,965.812913,962.546276,959.287232,956.036049,952.792841,949.557512,946.330146,943.110616,939.899209,936.696133,933.501146,930.314475,927.136023,923.966139,920.804590,917.651549,914.507193,911.371527,908.244294,905.126142,902.016173,898.915575,895.823820,892.741178,889.667550,886.602612,883.547258,880.501022,877.464481,874.437041,871.419134,868.410803,865.412014,862.422686,859.443234,856.473481,853.513620,850.563755,847.623930,844.694162,841.774414,838.864589,835.964915,833.075999,830.197571,827.329414,824.471829,821.624619,818.788492,815.963153,813.148540,810.344754,807.552037,804.770663,802.000070,799.240260,796.492303,793.755448,791.030129,788.316291,785.613959,782.923533,780.244817,777.500213,774.922978,772.279957,769.648804,767.035859,764.422790,761.828329,759.245899,756.674076,754.118025,751.572626,749.041137,746.521241,744.015778,741.521614,739.031940,736.574534,734.121098,731.680766,729.253642,726.840459,724.438594,722.054332,719.680883,717.315267,714.978271,712.647197,710.300571,708.028403,705.740281,703.466054,701.206665,698.961231,696.730729,694.514600,692.297538,690.127493,687.956374,685.797804,683.659339,681.533345,679.423652,677.329269,675.254561,673.184617,671.137372,669.106783,667.092004,665.088708,663.107012,661.138989,659.193809,657.252457,655.334508,653.430476,651.546016,649.678813,647.818977,645.993827,644.175843,642.378571,640.596464,638.831881,637.085325,635.355221,633.645011,631.951808,630.275764,628.617977,626.979545,625.357416,623.756473,622.172608,620.605209,619.060883,617.534961,616.025698,614.534801,613.064262,611.614485,610.183327,608.771612,607.379585,606.007610,604.655346,603.323386,602.011058,600.719514,599.446661,598.196791,596.966614,595.757971,594.568661,593.400395,592.253854,591.129335,590.025612,588.943089,587.881752,586.843627,585.826352,584.830342,583.857631,582.906635,581.977519,581.071364,580.187308,579.326275,578.488477,577.673617,576.881828,576.113780,575.368560,574.647046,573.949088,573.275099,572.624547,571.998319,571.395909,570.818243,570.264728,569.735997,569.232133,568.752993,568.298579,567.869597,567.465640,567.087011,566.734345,566.407361,566.106124,565.831089,565.581392,565.358140,565.161438,564.991395,564.848183,564.731453,564.641966,564.579764,564.544686,564.536521,564.556016,564.603746,564.679015,564.782324,564.913570,565.073132,565.261169,565.477769,565.723092,565.997281,566.300454,566.632761,566.994406,567.385696,567.806300,568.256714,568.737272,569.247431,569.788246,570.359837,570.961633,571.594011,572.257522,572.951775,573.677007,574.433713,575.221695,576.041252,576.892956,577.776272,578.691797,579.639575,580.619729,581.632484,582.677993,583.756432,584.867944,586.013299,587.191465,588.403113,589.648487,590.927664,592.240879,593.588376,594.970070,596.386251,597.837124,599.322965,600.843815,602.399786,603.990977,605.617849,607.280464,608.978851,610.713206,612.483561,614.290350,616.133511,618.013270,619.930065,621.883850,623.874714,625.902994,627.968711,630.072084,632.213373,634.392455,636.610212,638.865928,641.160196,643.493027,645.864705,648.275672,650.725707,653.214993,655.743904,658.312474,660.921015,663.569438,666.258207,668.987270,671.756905,674.567285,677.418549,680.310890,683.244492,686.219526,689.236133,692.294441,695.394854,698.537267,701.722015,704.949130,708.218867,711.531509,714.887631,718.286140,721.728069,725.213741,728.742749,732.315688,735.932720,739.593865,743.299304,747.049437,750.844033,754.683477,758.567959,762.497712,766.472730,770.493256,774.559633,778.671911,782.830100,787.034518,791.285502,795.582788,799.927037,804.318086,808.756173,813.241321,817.773824,822.354276,826.982243,831.658114,836.382093,841.154398,845.975203,850.844461,855.762421,860.729360,865.745431,870.810688,875.925378,881.089859,886.304022,891.567951,896.882067,902.246266,907.660886,913.126259,918.642122,924.209040,929.827279,935.496430,941.217201,946.989312,952.813075,958.688865,964.616689,970.596750,976.628959,982.713777,988.851446,995.041605,1001.285122,1007.581425,1013.931006,1020.334119,1026.790732,1033.301100,1039.865770,1046.484344,1053.156934,1059.884165,1066.665870,1073.502040,1080.393414,1087.339397,1094.340654,1101.397122,1108.509031,1115.676376,1122.899565,1130.178427,1137.513484,1144.904583,1152.352013,1159.855939,1167.416473,1175.033796,1182.707968,1190.439093,1198.227463,1206.072979,1213.976039,1221.936593,1229.954834,1238.030925,1246.165034,1254.357136,1262.608035,1270.916921,1279.284300,1287.710388,1296.195217,1304.738974,1313.341938,1322.003897
1294.501571,1290.766664,1287.035489,1283.308000,1279.583677,1275.863365,1272.146562,1268.433346,1264.724010,1261.018620,1257.317030,1253.619181,1249.925147,1246.235136,1242.549094,1238.866900,1235.188494,1231.514470,1227.844431,1224.178555,1220.516875,1216.859093,1213.205613,1209.556545,1205.911853,1202.271608,1198.635569,1195.003954,1191.376662,1187.753941,1184.135803,1180.522076,1176.913004,1173.308668,1169.709021,1166.114095,1162.523622,1158.938153,1155.357625,1151.781952,1148.211147,1144.645291,1141.084272,1137.528342,1133.977369,1130.431702,1126.891242,1123.355812,1119.825630,1116.300567,1112.781334,1109.267051,1105.758411,1102.255170,1098.757405,1095.265356,1091.940209,1088.298108,1084.822993,1081.353568,1077.761810,1074.432090,1070.979947,1067.533752,1064.093278,1060.659089,1057.230677,1053.808845,1050.392890,1046.983336,1043.579758,1040.182785,1036.792081,1033.407610,1030.029691,1026.658300,1023.293359,1019.934925,1016.583448,1013.238297,1009.899946,1006.568062,1003.243562,999.925797,996.614940,993.310895,990.014208,986.724513,983.441996,980.166769,976.898757,973.638007,970.384582,967.138562,963.941824,960.669114,957.445964,954.230210,951.022304,947.821894,944.629487,941.444888,938.268217,935.099132,931.938469,928.785775,925.641348,922.505056,919.376921,916.257288,913.145818,910.043013,906.948717,903.862859,900.785745,897.717455,894.657264,891.606418,888.564324,885.531206,882.506733,879.491678,876.485652,873.488748,870.501415,867.523236,864.554426,861.595066,858.645071,855.704685,852.774092,849.853160,846.857900,844.040668,841.149335,838.267903,835.396452,832.534696,829.683533,826.842782,824.012276,821.192088,818.382288,815.582970,812.794514,810.016769,807.249507,804.493290,801.747994,799.013765,796.290336,793.565713,790.876629,788.186714,785.508378,782.840990,780.185619,777.541654,774.909395,772.288810,769.680218,767.083415,764.498109,761.925256,759.364133,756.815206,754.164968,751.753938,749.239324,746.745249,744.255273,741.781841,739.319848,736.870139,734.419503,732.014621,729.605732,727.209847,724.827753,722.456611,720.102932,717.760054,715.432282,713.117571,710.816228,708.525745,706.256704,703.997811,701.752600,699.522104,697.268951,695.103085,692.915277,690.742574,688.584186,686.440269,684.280205,682.197887,680.098968,678.015907,675.947979,673.895310,671.855642,669.835803,667.829219,665.838769,663.863435,661.901723,659.959231,658.034879,656.124575,654.230187,652.349129,650.490086,648.639262,646.816976,645.005594,643.210827,641.435606,639.676092,637.931892,636.207483,634.500643,632.810580,631.137105,629.475844,627.845940,626.223392,624.623960,623.041738,621.477464,619.932268,618.405183,616.896345,615.406971,613.935346,612.484098,611.048320,609.633674,608.240032,606.865472,605.509780,604.172478,602.856902,601.561083,600.284484,599.026804,597.790820,596.576473,595.381335,594.207270,593.052353,591.919168,590.807007,589.716723,588.646760,587.597451,586.570759,585.565279,584.581774,583.619098,582.679232,581.760946,580.864585,579.990819,579.138991,578.310426,577.504310,576.721216,575.961477,575.224192,574.510212,573.819829,573.152917,572.509155,571.889262,571.293382,570.721321,570.173176,569.649163,569.150374,568.675841,568.225827,567.800369,567.400404,567.024907,566.674820,566.350079,566.051036,565.778015,565.530004,565.307896,565.111900,564.942193,564.798892,564.682322,564.592080,564.528597,564.492400,564.483134,564.500448,564.545391,564.618448,564.718520,564.846522,565.002413,565.186154,565.398223,565.638760,565.907748,566.205252,566.531607,566.887111,567.271555,567.685335,568.128163,568.600880,569.103043,569.635263,570.197628,570.790265,571.412955,572.066159,572.750223,573.464797,574.210248,574.986691,575.794277,576.633247,577.504148,578.406383,579.340619,580.306841,581.305176,582.335989,583.399247,584.495208,585.624298,586.786378,587.981316,589.209518,590.471259,591.766509,593.095554,594.458635,595.855771,597.287030,598.752633,600.253105,601.788374,603.358392,604.963727,606.604001,608.279962,609.991350,611.738552,613.521582,615.340626,617.195871,619.087416,621.015876,622.980925,624.982885,627.021927,629.098184,631.211836,633.363146,635.552199,637.779243,640.044190,642.347501,644.689030,647.069252,649.488314,651.946171,654.443131,656.979424,659.555251,662.170544,664.825549,667.520579,670.255622,673.031034,675.846937,678.703476,681.600785,684.539057,687.518488,690.539235,693.601522,696.705410,699.851185,703.038924,706.268808,709.541033,712.856047,716.213945,719.614111,723.057500,726.544253,730.074022,733.647504,737.264909,740.925943,744.631068,748.380632,752.174342,756.012661,759.895795,763.823766,767.796804,771.815145,775.878874,779.988314,784.143381,788.344392,792.591686,796.884997,801.225065,805.611568,810.044745,814.524775,819.051874,823.626638,828.248629,832.918238,837.635738,842.401114,847.214819,852.076666,856.986945,861.945881,866.953757,872.010374,877.116215,882.271585,887.476296,892.730512,898.034601,903.388534,908.792574,914.247079,919.751785,925.307331,930.913764,936.570894,942.279353,948.038864,953.849739,959.712352,965.626711,971.593018,977.611184,983.681672,989.804724,995.979973,1002.208294,1008.489113,1014.822923,1021.209977,1027.650241,1034.143975,1040.691733,1047.293088,1053.948181,1060.657629,1067.421265,1074.239077,1081.111809,1088.038863,1095.020905,1102.057873,1109.149996,1116.297270,1123.500103,1130.758325,1138.072457,1145.442347,1152.868284,1160.350435,1167.888970,1175.483891,1183.135438,1190.843656,1198.608838,1206.430885,1214.310194,1222.246717,1230.240646,1238.292145,1246.401382,1254.568334,1262.793805,1271.076983,1279.418377,1287.818203,1296.276492,1304.793434,1313.369306,1322.003897
1281.210086,1277.529216,1273.851696,1270.177847,1266.507780,1262.841188,1259.178071,1255.518779,1251.863257,1248.211599,1244.563675,1240.919502,1237.279189,1233.642822,1230.010401,1226.381470,1222.756977,1219.136521,1215.519945,1211.907616,1208.299125,1204.695027,1201.094989,1197.499383,1193.908048,1190.320831,1186.738283,1183.160113,1179.585974,1176.016608,1172.451594,1168.890999,1165.335149,1161.783937,1158.237166,1154.695257,1151.158199,1147.625702,1144.098136,1140.575354,1137.057417,1133.544269,1130.036299,1126.533151,1123.034932,1119.541897,1116.054070,1112.571404,1109.094101,1105.621637,1102.154615,1098.693092,1095.236862,1091.786193,1088.340847,1084.901236,1081.467166,1078.038697,1074.615822,1071.198656,1067.787185,1064.381355,1060.981107,1057.587008,1054.198867,1050.816295,1047.440314,1044.070400,1040.706168,1037.348347,1033.996779,1030.651457,1027.312418,1023.979576,1020.653320,1017.333251,1014.019956,1010.713122,1007.412830,1004.119185,1000.831940,997.551575,994.278218,991.011556,987.751804,984.498980,981.253192,978.014630,974.783026,971.558658,968.341453,965.131458,961.928734,958.733372,955.545486,952.364991,949.192354,946.027041,942.869438,939.719403,936.577249,933.442844,930.316128,927.197304,924.086657,920.983921,917.889389,914.802973,911.724570,908.654535,905.592827,902.539605,899.494792,896.458430,893.430705,890.411375,887.400859,884.399071,881.406128,878.422094,875.446564,872.480515,869.523356,866.575237,863.636617,860.707059,857.786840,854.875903,851.974411,849.082297,846.200065,843.327401,840.464212,837.611028,834.767690,831.934140,829.110274,826.296491,823.493011,820.699801,817.916746,815.144003,812.381459,809.629602,806.888316,804.157580,801.437393,798.728145,796.029620,793.342081,790.665211,787.999302,785.344747,782.545747,780.068950,777.448260,774.838888,772.241092,769.654772,767.080235,764.517239,761.965793,759.426443,756.898634,754.383059,751.879346,749.387974,746.908020,744.441378,741.988171,739.444882,737.115257,734.698435,732.295118,729.904735,727.527131,725.162178,722.810833,720.470000,718.147254,715.834880,713.537041,711.238770,708.980245,706.747797,704.479785,702.249883,700.033578,697.831749,695.643540,693.469899,691.309706,689.164685,687.031815,684.918082,682.810656,680.721557,678.657824,676.601065,674.559447,672.533183,670.519462,668.525422,666.544796,664.579222,662.628792,660.691767,658.774233,656.874472,654.981898,653.117927,651.262533,649.425592,647.602860,645.798275,644.009366,642.237799,640.489831,638.746576,637.025569,635.326750,633.631958,631.956490,630.316783,628.681218,627.055112,625.465101,623.888438,622.317841,620.773294,619.249387,617.740144,616.248132,614.774618,613.326220,611.890136,610.474692,609.079724,607.701854,606.342878,605.002016,603.683835,602.383349,601.102919,599.841103,598.599849,597.378091,596.177436,594.996546,593.837401,592.696735,591.576562,590.477031,589.399251,588.342521,587.306500,586.290604,585.297388,584.324994,583.373640,582.444722,581.536985,580.651249,579.787214,578.945425,578.125639,577.329002,576.554382,575.802877,575.074449,574.368093,573.684951,573.025297,572.388997,571.775344,571.185580,570.619603,570.077557,569.558906,569.064603,568.594883,568.149244,567.727987,567.331378,566.959416,566.612317,566.290444,565.993849,565.722484,565.476660,565.255875,565.060897,564.891881,564.748970,564.632414,564.541826,564.477747,564.440283,564.429774,564.445691,564.488423,564.558590,564.656322,564.781240,564.933443,565.113606,565.321473,565.557329,565.821483,566.113853,566.434545,566.783860,567.162020,567.569016,568.005116,568.470036,568.964556,569.488331,570.042059,570.625775,571.239326,571.882825,572.556718,573.260817,573.995471,574.760855,575.556811,576.383822,577.242177,578.131670,579.052677,580.005421,580.989864,582.006256,583.054818,584.135642,585.248929,586.395275,587.574048,588.785556,590.030080,591.307814,592.618992,593.963656,595.342088,596.754355,598.200426,599.680874,601.195643,602.745053,604.328949,605.947974,607.601667,609.290842,611.015211,612.774911,614.570382,616.401535,618.268621,620.172009,622.111781,624.087977,626.100815,628.150512,630.237111,632.360888,634.522021,636.720858,638.957065,641.231091,643.543169,645.893205,648.281830,650.708880,653.174517,655.678975,658.222502,660.805297,663.427293,666.088733,668.789946,671.530905,674.311919,677.133184,679.994817,682.896949,685.839775,688.823443,691.848134,694.914270,698.021637,701.170591,704.361249,707.593778,710.868494,714.185658,717.545202,720.946910,724.391566,727.879311,731.409792,734.983802,738.601272,742.262179,745.967061,749.715845,753.508493,757.345624,761.227294,765.153431,769.124364,773.140415,777.201426,781.307940,785.459848,789.657337,793.900835,798.190272,802.525813,806.907691,811.335890,815.810558,820.332586,824.901412,829.517354,834.180628,838.891536,843.650052,848.456542,853.310864,858.213443,863.164344,868.163806,873.211815,878.308731,883.454905,888.650134,893.894637,899.188646,904.532198,909.925716,915.369193,920.862692,926.406836,932.001430,937.646480,943.342641,949.089426,954.887369,960.736764,966.637637,972.590130,978.594361,984.650447,990.758729,996.919035,1003.132126,1009.397428,1015.715433,1022.086395,1028.510282,1034.987352,1041.518160,1048.102297,1054.740128,1061.431486,1068.177027,1074.976459,1081.830525,1088.738628,1095.701434,1102.718881,1109.791199,1116.918384,1124.100844,1131.338408,1138.631599,1145.980265,1153.384695,1160.845056,1168.361612,1175.934086,1183.562997,1191.248298,1198.990282,1206.788850,1214.644400,1222.556883,1230.526493,1238.553394,1246.637755,1254.779551,1262.979588,1271.237056,1279.552461,1287.926022,1296.357770,1304.847894,1313.396673,1322.003897
1268.085834,1264.458243,1260.834012,1257.213648,1253.596562,1249.983032,1246.373368,1242.767439,1239.165079,1235.566514,1231.971745,1228.380682,1224.793445,1221.210132,1217.630412,1214.054826,1210.483274,1206.915762,1203.352139,1199.792429,1196.237056,1192.685747,1188.964324,1185.595920,1182.057225,1178.522962,1174.993146,1171.467572,1167.946231,1164.429435,1160.916999,1157.409073,1153.905864,1150.406873,1146.912891,1143.423556,1139.938839,1136.458788,1132.983614,1129.513154,1126.047638,1122.586734,1119.130975,1115.679864,1112.233918,1108.793147,1105.357517,1101.927048,1098.501259,1095.081200,1091.533157,1088.256695,1084.852429,1081.453595,1078.060220,1074.672397,1071.290027,1067.913297,1064.542147,1061.176559,1057.816649,1054.462367,1051.113859,1047.771174,1044.434291,1041.103557,1037.778970,1034.459943,1031.147281,1027.840753,1024.435264,1021.246387,1017.958279,1014.676617,1011.401240,1008.132421,1004.869755,1001.613922,998.364660,995.121706,991.885319,988.655529,985.432769,982.216858,979.007715,975.805521,972.610163,969.421925,966.240770,963.066604,959.899688,956.739858,953.587351,950.442137,947.304211,944.173791,941.050958,937.935680,934.827876,931.727607,928.635162,925.550409,922.473179,919.404002,916.305751,913.289514,910.244381,907.207220,904.178053,901.157194,898.144598,895.140426,892.144413,889.157162,886.178092,883.207742,880.245978,877.292854,874.348510,871.412705,868.485930,865.568222,862.659256,859.759716,856.869124,853.987732,851.115508,848.165969,845.398868,842.554725,839.717120,836.895060,834.079718,831.274083,828.478188,825.691886,822.915457,820.148925,817.392662,814.646364,811.910388,809.184392,806.468931,803.763790,801.069075,798.384986,795.711342,793.048554,790.396224,787.754846,785.124300,782.346390,779.896059,777.298544,774.712089,772.137057,769.573170,767.021079,764.472490,761.941040,759.433277,756.927144,754.432580,751.948540,749.479409,747.019616,744.577721,742.138518,739.715808,737.306434,734.896716,732.522763,730.151015,727.791834,725.445285,723.100051,720.790520,718.482612,716.187569,713.905410,711.637428,709.382302,707.107942,704.861411,702.697857,700.497089,698.309406,696.136084,693.976318,691.859884,689.694174,687.570316,685.478475,683.389883,681.309436,679.255086,677.210263,675.179662,673.164266,671.164276,669.177465,667.208007,665.252783,663.312338,661.387759,659.476453,657.583419,655.706221,653.837772,651.997881,650.168434,648.353252,646.552682,644.770787,642.995554,641.236218,639.524484,637.805766,636.106553,634.427704,632.757307,631.114605,629.481554,627.871121,626.265976,624.695134,623.137018,621.587252,620.065913,618.556528,617.068085,615.596240,614.144446,612.708452,611.291429,609.891995,608.512818,607.152951,605.809944,604.489916,603.185095,601.899598,600.635246,599.390901,598.163849,596.958195,595.769973,594.605148,593.458541,592.332945,591.225977,590.139858,589.074511,588.031025,587.007389,586.004295,585.021798,584.061562,583.121978,582.202984,581.306585,580.431446,579.577078,578.745478,577.935246,577.147413,576.381733,575.638865,574.918208,574.220505,573.544986,572.892556,572.263289,571.656796,571.073236,570.513810,569.977235,569.464387,568.975053,568.510111,568.069159,567.652210,567.259447,566.891287,566.547407,566.228237,565.934141,565.665146,565.421420,565.202455,565.008554,564.840497,564.698108,564.581564,564.491249,564.426536,564.388318,564.376777,564.391515,564.432292,564.500193,564.595461,564.717520,564.866790,565.043315,565.247330,565.478914,565.738417,566.025799,566.341313,566.684891,567.057106,567.457548,567.886862,568.344855,568.831830,569.347864,569.893027,570.467892,571.072594,571.706868,572.370876,573.065139,573.789218,574.543627,575.328708,576.144022,576.990177,577.867510,578.775692,579.715263,580.686157,581.688623,582.722822,583.788977,584.887055,586.017407,587.180621,588.375985,589.603807,590.864573,592.158146,593.484990,594.845167,596.238771,597.665887,599.126604,600.621549,602.150609,603.713879,605.311441,606.943802,608.610900,610.313032,612.050127,613.822302,615.629991,617.473128,619.351937,621.266853,623.217831,625.204991,627.228555,629.288656,631.385473,633.519265,635.689905,637.898274,640.143649,642.426634,644.747216,647.105759,649.502520,651.937443,654.410655,656.922530,659.473111,662.062701,664.691282,667.359015,670.066196,672.812975,675.599522,678.425976,681.292568,684.199431,687.146639,690.134503,693.163084,696.232781,699.343490,702.495542,705.688969,708.924023,712.200991,715.520441,718.881384,722.284523,725.730394,729.218951,732.750109,736.324385,739.941907,743.602588,747.306972,751.054950,754.846667,758.682409,762.562410,766.486664,770.455410,774.468992,778.527459,782.630674,786.779392,790.973348,795.212941,799.498237,803.829354,808.206526,812.629737,817.099132,821.615606,826.178593,830.788409,835.445190,840.149499,844.901175,849.700272,854.547050,859.441801,864.384589,869.375565,874.414977,879.502924,884.639843,889.825580,895.060208,900.344104,905.677258,911.060091,916.492535,921.974812,927.507441,933.090206,938.723140,944.406900,950.141114,955.926151,961.762097,967.649614,973.588082,979.578194,985.619874,991.713463,997.858859,1004.056616,1010.306367,1016.608535,1022.963375,1029.370853,1035.831229,1042.345058,1048.911931,1055.532212,1062.205736,1068.933157,1075.714252,1082.549573,1089.438692,1096.382241,1103.380147,1110.432640,1117.539717,1124.701786,1131.918675,1139.190910,1146.518336,1153.901245,1161.339802,1168.834274,1176.384476,1183.990645,1191.653118,1199.371795,1207.146874,1214.978656,1222.867093,1230.812377,1238.814673,1246.874151,1254.990787,1263.165386,1271.397139,1279.686586,1288.033846,1296.439050,1304.902356,1313.424041,1322.003897
1255.127290,1251.552463,1247.981092,1244.413200,1240.848889,1237.288006,1233.731046,1230.177714,1226.627877,1223.081917,1219.539691,1216.001234,1212.466349,1208.935212,1205.408293,1201.885091,1198.365987,1194.850571,1191.339391,1187.832158,1184.329174,1180.830134,1177.335360,1173.844656,1170.358321,1166.876128,1163.398472,1159.924872,1156.455826,1152.991060,1149.530745,1146.074911,1142.623338,1139.176720,1135.734645,1132.297219,1128.864325,1125.436184,1122.012730,1118.594093,1115.180110,1111.771106,1108.367156,1104.967475,1101.573178,1098.184140,1094.800172,1091.420986,1088.046947,1084.678093,1081.314708,1077.956607,1074.603625,1071.256256,1067.914293,1064.577523,1061.246390,1057.920900,1054.600545,1051.286157,1047.977259,1044.674085,1041.376486,1038.084935,1034.798913,1031.519161,1028.245162,1024.977071,1021.715212,1018.459464,1015.209697,1011.966146,1008.728735,1005.497558,1002.272760,999.054199,995.842171,992.636591,989.437582,986.244641,983.058623,979.879096,976.706510,973.588447,970.381586,967.229375,964.083915,960.945544,957.814204,954.689803,951.572600,948.462432,945.359546,942.263791,939.175406,936.094334,933.021108,929.955107,926.896587,923.845547,920.489634,917.766458,914.738468,911.718292,908.705947,905.701631,902.705322,899.716927,896.736353,893.764250,890.800236,887.844585,884.897033,881.958176,879.027279,876.105363,873.191803,870.286752,867.390434,864.502661,861.623950,858.754041,855.892917,853.041136,850.198194,847.364370,844.539597,841.724019,838.917866,836.121122,833.333972,830.555876,827.787638,825.029029,822.280085,819.540439,816.810715,814.091297,811.381576,808.681886,805.992348,803.312864,800.643568,797.984818,795.336240,792.698106,790.070631,787.453683,784.847182,782.251738,779.666746,777.092656,774.529617,771.953432,769.433805,766.906467,764.388151,761.880850,759.383356,756.900773,754.427846,751.966241,749.516525,747.078385,744.648770,742.239536,739.835470,737.444262,735.065925,732.688721,730.345480,728.004827,725.676408,723.360744,721.057410,718.767099,716.489475,714.224043,711.972539,709.734144,707.508667,705.295614,703.096875,700.919354,698.739437,696.578199,694.437439,692.304032,690.186607,688.077707,685.991408,683.917054,681.855629,679.802417,677.774775,675.756239,673.752175,671.762979,669.788678,667.828116,665.884810,663.954198,662.039060,660.138712,658.254237,656.385052,654.530724,652.693052,650.870658,649.064956,647.272176,645.495450,643.736005,641.993179,640.267252,638.543542,636.863711,635.186746,633.526457,631.882264,630.255047,628.645697,627.052722,625.477758,623.918422,622.373083,620.851608,619.344945,617.856728,616.386841,614.933986,613.499152,612.081371,610.683023,609.301685,607.938870,606.596210,605.273192,603.966344,602.677546,601.410592,600.161653,598.931926,597.720699,596.529213,595.356998,594.205026,593.072689,591.961352,590.868937,589.795909,588.743263,587.711646,586.701201,585.710584,584.739564,583.790918,582.862814,581.955926,581.069403,580.204907,579.361485,578.539522,577.738923,576.960073,576.203572,575.469067,574.757177,574.067452,573.400038,572.754859,572.132899,571.533397,570.956751,570.403168,569.873017,569.365852,568.881782,568.421421,567.985596,567.573186,567.184599,566.820036,566.480062,566.163780,565.872490,565.605781,565.363877,565.147086,564.955043,564.788066,564.646371,564.530372,564.439993,564.375489,564.336635,564.323907,564.337612,564.377506,564.443147,564.535787,564.655751,564.801928,564.975329,565.175484,565.403336,565.658448,565.941295,566.251739,566.589978,566.956262,567.350887,567.773531,568.224962,568.704651,569.213136,569.750403,570.317002,570.912921,571.538192,572.192966,572.877127,573.591437,574.335430,575.109554,575.913644,576.748188,577.613245,578.509395,579.435980,580.393944,581.382726,582.402952,583.454769,584.538129,585.653420,586.801054,587.980573,589.192201,590.436221,591.712907,593.022261,594.364492,595.739851,597.148418,598.590200,600.065602,601.574654,603.117800,604.694755,606.306172,607.951603,609.631876,611.346547,613.096182,614.880733,616.700388,618.555314,620.445712,622.371934,624.333903,626.331857,628.365961,630.436351,632.543201,634.686773,636.867151,639.084588,641.338965,643.630706,645.959869,648.326670,650.731380,653.173930,655.654629,658.173704,660.731352,663.327506,665.962408,668.636370,671.349378,674.101839,676.893715,679.725325,682.596666,685.508055,688.459625,691.451516,694.483968,697.557038,700.670963,703.825969,707.022068,710.259527,713.538787,716.859937,720.222362,723.626935,727.074055,730.563079,734.094834,737.669396,741.286802,744.947167,748.651035,752.398032,756.188591,760.022900,763.901189,767.823453,771.789931,775.800968,779.856610,783.956864,788.102055,792.292511,796.527970,800.809092,805.135711,809.508068,813.926182,818.390342,822.901156,827.458175,832.061793,836.712099,841.409649,846.154291,850.946053,855.785220,860.672058,865.606689,870.589254,875.619914,880.698932,885.826529,891.002534,896.227280,901.501009,906.823721,912.195807,917.617229,923.088199,928.609436,934.180125,939.801074,945.472209,951.193690,956.965710,962.788380,968.662281,974.586918,980.562828,986.590064,992.668924,998.799386,1004.981763,1011.215930,1017.502229,1023.840915,1030.231954,1036.675674,1043.172516,1049.722009,1056.324714,1062.980377,1069.689654,1076.452321,1083.268931,1090.139025,1097.063326,1104.041805,1111.074320,1118.161269,1125.302861,1132.499128,1139.750389,1147.056561,1154.417934,1161.834674,1169.307048,1176.834871,1184.418383,1192.057944,1199.753376,1207.504958,1215.312964,1223.177345,1231.098296,1239.075982,1247.110571,1255.202042,1263.351199,1271.557232,1279.820684,1288.141674,1296.520333,1304.956819,1313.451410,1322.003897
1242.332941,1238.810419,1235.290952,1231.775189,1228.262967,1224.754310,1221.249348,1217.748024,1214.250362,1210.756262,1207.265995,1203.779150,1200.296235,1196.817322,1193.342186,1189.870995,1186.403321,1182.939941,1179.480543,1176.025148,1172.573732,1169.126522,1165.683324,1162.244432,1158.809623,1155.379157,1151.953004,1148.530832,1145.113319,1141.700221,1138.291227,1134.886823,1131.486976,1128.091726,1124.700984,1121.314797,1117.933258,1114.556401,1111.184235,1107.816878,1104.453979,1101.096024,1097.742839,1094.394631,1091.051645,1087.713633,1084.380420,1081.051982,1077.729171,1074.411383,1071.098766,1067.791433,1064.489437,1061.192841,1057.901546,1054.615437,1051.334964,1048.059900,1044.790053,1041.526172,1038.268095,1034.906615,1031.768314,1028.527068,1025.291365,1022.061839,1018.838036,1015.620389,1012.408809,1009.203081,1006.003501,1002.809755,999.622537,996.441409,993.266393,990.097875,986.935721,983.779805,980.630507,977.487323,974.350919,971.221195,968.098227,964.981831,961.872330,958.769510,955.718684,952.584382,949.502212,946.427068,943.359115,940.298070,937.244257,934.197501,931.158105,928.125948,925.101545,922.084388,919.074619,916.072275,913.077546,910.090306,907.110954,904.139133,901.175320,898.219401,895.271348,892.331189,889.398798,886.474814,883.558859,880.651020,877.751589,874.860407,871.977505,869.103359,866.237485,863.380013,860.531022,857.690819,854.859663,852.037184,849.223288,846.418779,843.623015,840.833316,838.058456,835.289903,832.530620,829.780838,827.040243,824.308866,821.587233,818.875126,816.172278,813.479348,810.795940,808.122554,805.459072,802.805471,800.161913,797.528466,794.904998,792.291918,789.689081,787.096540,784.514515,781.780366,779.382038,776.831695,774.291828,771.763057,769.244817,766.737929,764.241301,761.748713,759.272319,756.820102,754.359704,751.928730,749.500249,747.082186,744.677093,742.282314,739.899693,737.529325,735.170947,732.824013,730.489288,728.166394,725.856530,723.559204,721.273908,719.001097,716.739115,714.493588,712.258066,710.036436,707.827500,705.631419,703.447586,701.277843,699.121260,696.972734,694.845054,692.732584,690.627227,688.537659,686.456394,684.398926,682.350547,680.316233,678.290530,676.289139,674.289454,672.319128,670.355867,668.407451,666.472425,664.554720,662.649273,660.759267,658.883725,657.023901,655.178957,653.348984,651.534743,649.736293,647.954512,646.184615,644.430988,642.695610,640.974410,639.252880,637.580695,635.909665,634.255941,632.616658,630.994146,629.387784,627.799576,626.226322,624.672252,623.128688,621.609612,620.107104,618.616743,617.147678,615.698908,614.263353,612.846462,611.449448,610.068228,608.704940,607.359495,606.032794,604.723518,603.433259,602.165845,600.912846,599.678119,598.464401,597.270271,596.092520,594.936377,593.797511,592.680478,591.582122,590.504210,589.444362,588.405368,587.385667,586.388048,585.409663,584.452219,583.513864,582.597435,581.701504,580.826043,579.972205,579.139265,578.327274,577.536565,576.767513,576.019851,575.294347,574.590878,573.909238,573.250285,572.612550,571.997637,571.405444,570.835697,570.288239,569.764341,569.263167,568.785074,568.329799,567.898345,567.490878,567.106509,566.746043,566.409497,566.096876,565.808398,565.544429,565.305004,565.090314,564.900022,564.734570,564.593886,564.478513,564.388530,564.324050,564.284890,564.271580,564.284208,564.322995,564.387181,564.477907,564.595118,564.739121,564.909344,565.106406,565.330548,565.581628,565.859929,566.165758,566.499028,566.859770,567.248692,567.665290,568.110016,568.583077,569.084190,569.614063,570.172494,570.759998,571.376621,572.022437,572.697311,573.401770,574.135605,574.899180,575.692667,576.515898,577.369313,578.253312,579.167602,580.112610,581.088409,582.095109,583.132888,584.202122,585.302592,586.434743,587.599120,588.795010,590.022760,591.282760,592.575045,593.899872,595.257486,596.647748,598.071071,599.527318,601.017058,602.540215,604.097158,605.687677,607.312432,608.970949,610.664054,612.391464,614.153296,615.949989,617.781455,619.647979,621.549816,623.487159,625.460006,627.468574,629.513077,631.593573,633.710286,635.863461,638.053201,640.279733,642.542977,644.843334,647.180708,649.555729,651.968227,654.418365,656.906375,659.432502,661.996943,664.599629,667.240803,669.920789,672.639559,675.397422,678.194571,681.031120,683.907200,686.823002,689.778720,692.774508,695.810589,698.887036,702.004086,705.161863,708.360528,711.600275,714.881699,718.204452,721.568354,724.974213,728.422171,731.911873,735.444017,739.018812,742.635934,746.295925,749.999050,753.745042,757.534361,761.367214,765.243621,769.163809,773.128015,777.136320,781.189048,785.286112,789.427829,793.614538,797.845970,802.122864,806.444819,810.812310,815.225278,819.684017,824.189122,828.740154,833.337504,837.981373,842.671981,847.409511,852.193879,857.025371,861.904251,866.830641,871.804684,876.826537,881.896590,887.014729,892.181042,897.395931,902.659362,907.971563,913.332944,918.743220,924.202957,929.712420,935.271203,940.879925,946.538566,952.247271,958.006230,963.815721,969.675827,975.586551,981.548263,987.561140,993.625112,999.740524,1005.907568,1012.126116,1018.396617,1024.719014,1031.093584,1037.520650,1044.000483,1050.532531,1057.117642,1063.755410,1070.446518,1077.190854,1083.988609,1090.839686,1097.744688,1104.703586,1111.716237,1118.783041,1125.904206,1133.079695,1140.310037,1147.594939,1154.934761,1162.329671,1169.779934,1177.285368,1184.846209,1192.462821,1200.135025,1207.863101,1215.647322,1223.487641,1231.384252,1239.337320,1247.347015,1255.413315,1263.537025,1271.717336,1279.954790,1288.249507,1296.601619,1305.011283,1313.478778,1322.003897
1229.701137,1226.230088,1222.762416,1219.298161,1215.837384,1212.380293,1208.926834,1205.476971,1202.030738,1198.588047,1195.148846,1191.713698,1188.282179,1184.854505,1181.430576,1178.010470,1174.594282,1171.182216,1167.774094,1164.369840,1160.969448,1157.573420,1154.181491,1150.793585,1147.409963,1144.030462,1140.655141,1137.284180,1133.917727,1130.555326,1126.764499,1123.844013,1120.494997,1117.150525,1113.810593,1110.475149,1107.144462,1103.818262,1100.496736,1097.179819,1093.867653,1090.560397,1087.257775,1083.960278,1080.667544,1077.380023,1074.097244,1070.819381,1067.546954,1064.279540,1061.017307,1057.760185,1054.508516,1051.262071,1048.021013,1044.784925,1041.554430,1038.329232,1035.109777,1031.895803,1028.687455,1025.484884,1022.287890,1019.096035,1015.910473,1012.730771,1009.556695,1006.388811,1003.226757,1000.070659,996.920452,993.776512,990.638550,987.506828,984.381457,981.262248,978.149328,975.042548,971.942047,968.848573,965.761419,962.680773,959.606798,956.539425,953.478880,950.424929,947.377572,944.337433,941.304007,938.277555,935.258244,932.245805,929.240436,926.242209,923.251150,920.267590,917.291455,914.322577,911.361032,908.406857,905.460058,902.521067,899.589719,896.665847,893.749925,890.841840,887.941536,885.049015,882.164392,879.288008,876.419408,873.559243,870.707224,867.863219,865.027797,862.200930,859.382025,856.571632,853.769815,850.976677,848.192406,845.416550,842.649879,839.891883,837.142717,834.402373,831.671163,828.949113,825.996483,823.532780,820.838221,818.153271,815.477712,812.811454,810.154732,807.507678,804.870138,802.242314,799.624579,797.016510,794.418438,791.830490,789.252266,786.671347,784.126782,781.414886,779.042303,776.515656,773.999803,771.494239,768.999143,766.512177,764.041402,761.578662,759.126774,756.685930,754.256442,751.837989,749.430586,747.040000,744.648968,742.281759,739.913896,737.562567,735.222912,732.896992,730.569358,728.277876,725.985671,723.706999,721.440103,719.185470,716.942825,714.712961,712.495390,710.289192,708.089345,705.918025,703.751149,701.596482,699.455563,697.327515,695.207548,693.110485,691.021929,688.946303,686.884454,684.835492,682.800581,680.779495,678.776127,676.773026,674.798398,672.832077,670.880569,668.943317,667.020655,665.093359,663.219427,661.338413,659.461373,657.622864,655.787349,653.966897,652.160969,650.370204,648.595312,646.835619,645.090650,643.360222,641.647812,639.946607,638.267264,636.600751,634.951862,633.317973,631.699078,630.098649,628.514872,626.935270,625.396639,623.846046,622.340402,620.839103,619.344351,617.882289,616.435995,615.001547,613.586679,612.193974,610.807444,609.444938,608.100079,606.771532,605.460123,604.170229,602.898053,601.644147,600.406955,599.190232,597.991751,596.812021,595.650536,594.507411,593.383867,592.279945,591.196530,590.131798,589.087199,588.060236,587.053807,586.067756,585.102643,584.157171,583.231112,582.325476,581.441223,580.577340,579.733305,578.911135,578.109575,577.328767,576.569181,575.830834,575.114034,574.419055,573.746150,573.094651,572.465811,571.858064,571.272949,570.710196,570.169779,569.651777,569.156781,568.684506,568.234797,567.808228,567.405404,567.025648,566.669352,566.336654,566.027902,565.742388,565.481192,565.244338,565.031781,564.843651,564.679924,564.540444,564.426049,564.336658,564.272397,564.233493,564.219676,564.231544,564.269256,564.332652,564.421338,564.536273,564.678056,564.845597,565.039783,565.260361,565.507767,565.781959,566.083162,566.411776,566.767476,567.150724,567.561741,568.000126,568.466671,568.961088,569.483569,570.034644,570.613872,571.221863,571.859110,572.525111,573.219918,573.944096,574.697554,575.480674,576.293056,577.135196,578.007308,578.909803,579.842314,580.805434,581.798913,582.823136,583.878352,584.964628,586.082023,587.231084,588.411625,589.623748,590.867455,592.143247,593.451022,594.791130,596.163745,597.568908,599.006715,600.477316,601.981115,603.518191,605.088677,606.692551,608.330481,610.001923,611.707673,613.447491,615.221533,617.030103,618.873260,620.751189,622.664306,624.612540,626.596124,628.615103,630.669807,632.760254,634.886755,637.049433,639.248437,641.483710,643.755692,646.064448,648.410119,650.792962,653.213110,655.670657,658.165896,660.698897,663.269958,665.879059,668.526362,671.212217,673.936596,676.699844,679.502040,682.343412,685.224052,688.144151,691.103900,694.103398,697.143042,700.222724,703.342777,706.503230,709.704332,712.946371,716.229605,719.553963,722.919228,726.326241,729.774964,733.265219,736.797738,740.372452,743.989333,747.648769,751.351117,755.095949,758.883966,762.715192,766.589719,770.507707,774.469533,778.475183,782.524764,786.618548,790.756708,794.939584,799.166905,803.439411,807.756780,812.119279,816.526991,820.980402,825.479551,830.024523,834.615532,839.252853,843.936467,848.666828,853.443748,858.267515,863.138366,868.056549,873.021899,878.034887,883.095791,888.204500,893.361101,898.566013,903.819131,909.120793,914.471333,919.870545,925.318816,930.816590,936.363401,941.959868,947.605972,953.301830,959.047711,964.843815,970.690282,976.587022,982.534498,988.532856,994.582026,1000.682353,1006.834028,1013.036926,1019.291492,1025.597672,1031.955743,1038.366027,1044.828796,1051.343497,1057.910978,1064.530835,1071.203749,1077.929560,1084.708607,1091.540645,1098.426327,1105.365623,1112.358391,1119.405032,1126.505752,1133.660517,1140.869854,1148.133470,1155.451728,1162.824794,1170.252933,1177.735964,1185.274124,1192.867777,1200.516743,1208.221303,1215.981731,1223.797980,1231.670243,1239.598687,1247.583483,1255.624607,1263.722866,1271.877451,1280.088903,1288.357345,1296.682907,1305.065748,1313.506147,1322.003897
1217.230515,1213.810455,1210.393900,1206.980458,1203.570661,1200.164539,1196.761992,1193.363014,1189.967596,1186.575479,1183.187430,1179.803047,1176.422353,1173.045163,1169.672061,1166.302818,1162.937408,1159.576001,1156.218500,1152.864861,1149.515134,1146.169579,1142.828213,1139.490959,1136.157767,1132.828707,1129.503793,1126.183466,1122.867116,1119.555376,1116.247902,1112.944814,1109.646050,1106.351907,1103.062063,1099.776995,1096.496469,1093.220386,1089.949110,1086.682073,1083.420009,1080.162644,1076.910392,1073.662679,1070.420149,1067.182300,1063.949369,1060.721683,1057.499036,1054.281467,1051.068895,1047.861540,1044.659592,1041.462872,1038.271045,1035.084735,1031.903625,1028.728191,1025.558090,1022.393764,1019.234938,1016.081696,1012.933715,1009.791408,1006.655167,1003.524468,1000.399763,997.281021,994.168089,991.061022,987.959899,984.919290,981.775955,978.693167,975.616555,972.546158,969.481840,966.423853,963.372206,960.327418,957.288689,954.256717,951.231199,948.212393,945.200220,942.194360,939.195584,936.203605,933.218423,929.822441,927.268914,924.304642,921.347280,918.397029,915.453884,912.518149,909.589860,906.668738,903.754896,900.848275,897.949169,895.057720,892.173715,889.297417,886.428911,883.568101,880.715055,877.869740,875.032262,872.202964,869.381392,866.568194,863.762723,860.965930,858.177295,855.397087,852.624870,849.860966,847.105844,844.359180,841.621343,838.891832,836.171398,833.459640,830.756547,828.062358,825.377084,822.701059,820.034186,817.376411,814.727592,812.088311,809.458349,806.837523,804.226251,801.624711,799.032411,796.449861,793.877195,791.314307,788.761261,786.217962,783.684790,781.161749,778.631073,776.145981,773.653583,771.171420,768.699908,766.238561,763.787855,761.347417,758.910284,756.506477,754.091376,751.694487,749.308742,746.933860,744.570079,742.216682,739.875099,737.545466,735.225994,732.917446,730.622946,728.328294,726.065868,723.804799,721.556245,719.320093,717.083749,714.883335,712.680820,710.495531,708.318681,706.156565,704.006244,701.868312,699.738006,697.630253,695.530783,693.444056,691.369137,689.309478,687.293754,685.227429,683.207181,681.158528,679.204140,677.223515,675.255939,673.302855,671.363309,669.431474,667.525785,665.629019,663.746923,661.878175,660.022235,658.167706,656.356220,654.544575,652.748554,650.966936,649.199981,647.448503,645.711934,643.988595,642.283629,640.593116,638.917061,637.257175,635.597926,633.984850,632.371813,630.776922,629.201942,627.632239,626.084625,624.554377,623.039296,621.541523,620.058671,618.593472,617.144426,615.712086,614.297980,612.902251,611.521827,610.159086,608.813926,607.486431,606.175953,604.883802,603.610159,602.351955,601.113703,599.896572,598.694363,597.508973,596.345650,595.200611,594.072580,592.964138,591.874090,590.804032,589.752570,588.722148,587.708922,586.715905,585.741746,584.788483,583.855646,582.942022,582.047414,581.174834,580.321805,579.489312,578.677212,577.886055,577.115484,576.365413,575.636753,574.929049,574.242663,573.577988,572.935171,572.313784,571.714002,571.136098,570.580591,570.046952,569.535446,569.046528,568.580304,568.136547,567.714857,567.316526,566.941897,566.590043,566.261474,565.956118,565.674528,565.416268,565.181879,564.971899,564.785823,564.623911,564.486426,564.373138,564.284422,564.220740,564.181928,564.168128,564.179429,564.216102,564.278537,564.366276,564.479228,564.618395,564.784175,564.975298,565.192723,565.436608,565.707203,566.004299,566.328399,566.679337,567.057292,567.462824,567.895377,568.355421,568.843539,569.359107,569.902645,570.474374,571.074373,571.702961,572.360212,573.046184,573.760696,574.504555,575.277362,576.079357,576.910562,577.771434,578.662197,579.582826,580.533322,581.514253,582.525254,583.566824,584.639288,585.742284,586.876503,588.042107,589.238799,590.466719,591.726363,593.017568,594.340685,595.695880,597.083298,598.503060,599.955152,601.440034,602.957708,604.508535,606.092299,607.709397,609.360208,611.044662,612.762647,614.514695,616.300727,618.121050,619.975706,621.864935,623.789085,625.748077,627.742147,629.771459,631.836143,633.936374,636.072411,638.244336,640.452399,642.696479,644.976996,647.294002,649.647753,652.038428,654.466032,656.930848,659.433102,661.972884,664.550439,667.165786,669.819060,672.510585,675.240493,678.008934,680.816134,683.662159,686.547195,689.471494,692.435147,695.438287,698.481308,701.564105,704.686989,707.850045,711.053465,714.297551,717.582875,720.908455,724.274970,727.682966,731.132395,734.623167,738.155799,741.730418,745.346947,749.005890,752.707177,756.450931,760.237450,764.066954,767.939428,771.855146,775.814429,779.817294,783.863749,787.954217,792.088752,796.267642,800.490955,804.758805,809.071427,813.428804,817.831080,822.279147,826.772440,831.311274,835.895875,840.526532,845.203356,849.926311,854.695654,859.511677,864.374378,869.284195,874.240913,879.244958,884.296681,889.395877,894.542767,899.737546,904.980358,910.271409,915.611055,920.999032,926.435979,931.921944,937.456736,943.040988,948.674423,954.357351,960.090150,965.872826,971.705583,977.588330,983.521532,989.505430,995.539664,1001.625102,1007.761175,1013.948356,1020.186957,1026.476889,1032.818429,1039.212124,1045.657578,1052.154905,1058.704730,1065.306650,1071.961346,1078.668658,1085.428924,1092.241902,1099.108359,1106.027917,1113.000783,1120.027241,1127.107500,1134.241523,1141.429839,1148.672085,1155.968834,1163.320041,1170.726045,1178.186661,1185.702128,1193.272811,1200.898529,1208.579565,1216.316191,1224.108361,1231.956271,1239.860085,1247.819974,1255.835917,1263.908720,1272.037575,1280.223024,1288.465187,1296.764198,1305.120214,1313.533516,1322.003897
1204.919430,1201.549889,1198.183649,1194.820535,1191.461298,1188.105540,1184.753338,1181.404366,1178.059307,1174.265221,1171.379932,1168.045838,1164.715183,1161.388337,1158.065421,1154.746421,1151.431136,1148.119818,1144.812307,1141.508743,1138.209110,1134.913700,1131.622261,1128.334859,1125.051626,1121.772521,1118.497501,1115.226977,1111.960849,1108.698912,1105.441239,1102.187890,1098.938847,1095.694436,1092.454330,1089.218863,1085.987997,1082.761437,1079.539460,1076.322291,1073.110000,1069.902133,1066.699111,1063.500910,1060.307698,1057.119490,1053.935811,1050.757494,1047.584253,1044.415901,1041.252404,1038.094415,1034.941482,1031.793722,1028.650972,1025.513619,1022.381769,1019.255181,1016.134329,1013.018815,1009.908853,1006.804365,1003.705245,1000.611790,997.524354,994.442232,991.366201,988.295937,985.231665,982.173065,979.120429,976.073992,973.033473,969.999032,966.970722,963.948561,960.932508,957.922580,954.919385,951.922705,948.932094,945.948088,942.970544,939.999687,937.035289,934.077351,931.126363,928.182124,925.244635,922.314066,919.390365,916.473403,913.563739,910.660823,907.765311,904.876916,901.995832,899.121949,896.255294,893.395624,890.543786,887.699249,884.862333,882.032952,879.211308,876.397304,873.590902,870.792388,868.001546,865.218641,862.443774,859.676838,856.917951,854.167520,851.425166,848.691181,845.964879,843.247309,840.537983,837.837565,835.145514,832.461956,829.787303,827.121209,824.463690,821.815071,819.175452,816.544956,813.923339,811.310949,808.707388,806.113264,803.528142,800.952529,798.386319,795.829331,793.282097,790.744313,788.216363,785.698143,783.189613,780.690636,778.201887,775.723223,773.254333,770.795761,768.347402,765.909302,763.481694,761.064309,758.656925,756.260563,753.874578,751.499327,749.134942,746.781437,744.438879,742.107276,739.786352,737.475941,735.177830,732.891877,730.612587,728.348949,726.095531,723.853928,721.623448,719.405127,717.199211,715.004777,712.822749,710.652113,708.493911,706.346782,704.213772,702.092445,699.928080,697.881821,695.802594,693.731418,691.672245,689.587883,687.594136,685.573821,683.575698,681.565487,679.592062,677.624905,675.671022,673.730051,671.803074,669.889766,667.989608,666.103656,664.232561,662.375726,660.532005,658.697420,656.883346,655.084245,653.296075,651.524820,649.767217,648.023831,646.295734,644.583027,642.881459,641.201434,639.532063,637.870536,636.241146,634.618686,633.015748,631.420601,629.847211,628.288421,626.745118,625.217608,623.707611,622.212546,620.734708,619.272672,617.826278,616.396816,614.983692,613.583619,612.210919,610.848431,609.504297,608.178063,606.867381,605.574773,604.299435,603.041583,601.800471,600.580196,599.377742,598.189867,597.023490,595.874384,594.743665,593.631003,592.536458,591.460426,590.404608,589.368149,588.349959,587.351839,586.370708,585.410305,584.468616,583.548105,582.646922,581.765070,580.902327,580.060907,579.239708,578.437994,577.657041,576.896700,576.156596,575.437338,574.738983,574.061392,573.405365,572.771065,572.157515,571.565987,570.995264,570.446938,569.920166,569.415450,568.932785,568.472563,568.034502,567.618759,567.225431,566.854987,566.508052,566.183625,565.882360,565.604472,565.349413,565.118250,564.910657,564.726902,564.567092,564.431330,564.319449,564.231855,564.168870,564.130461,564.116745,564.127935,564.164188,564.225471,564.312248,564.423938,564.561038,564.724154,564.913178,565.127856,565.368485,565.635472,565.928793,566.248523,566.594973,566.968089,567.368072,567.795421,568.249618,568.731165,569.240373,569.776742,570.341236,570.933468,571.553847,572.202731,572.879990,573.585533,574.319837,575.082720,575.874746,576.695454,577.545308,578.424617,579.333647,580.272155,581.240634,582.238946,583.267407,584.326158,585.415430,586.535218,587.685959,588.867728,590.080471,591.324155,592.599244,593.905809,595.243991,596.614152,598.016214,599.450266,600.916528,602.415288,603.946717,605.511009,607.108039,608.738420,610.401688,612.098666,613.829066,615.593048,617.390962,619.222769,621.088687,622.989065,624.924058,626.893696,628.898075,630.937525,633.012062,635.121908,637.267305,639.448356,641.665282,643.918003,646.206899,648.531996,650.893661,653.291944,655.726939,658.198875,660.707996,663.254494,665.838303,668.459660,671.118873,673.815928,676.551176,679.324733,682.136760,684.987301,687.876688,690.805008,693.772441,696.779210,699.825386,702.911203,706.036794,709.202289,712.407909,715.654240,718.940928,722.267854,725.635566,729.044639,732.494367,735.985578,739.518344,743.092700,746.708761,750.367060,754.067246,757.809726,761.594693,765.422378,769.292773,773.206211,777.162751,781.162722,785.205889,789.293010,793.423856,797.598678,801.817741,806.081069,810.388835,814.741080,819.138006,823.580491,828.067782,832.600408,837.178434,841.802421,846.472207,851.187845,855.949594,860.757725,865.612362,870.513595,875.461691,880.456749,885.499205,890.588904,895.725921,900.910630,906.143021,911.423407,916.752107,922.128859,927.554393,933.028515,938.551206,944.123193,949.743917,955.414059,961.133547,966.902753,972.721759,978.590562,984.509363,990.478669,996.498026,1002.568308,1008.688945,1014.860427,1021.083010,1027.356663,1033.681643,1040.058497,1046.486831,1052.966755,1059.498898,1066.082856,1072.719309,1079.408098,1086.149587,1092.943457,1099.790553,1106.690467,1113.643411,1120.649669,1127.709449,1134.822713,1141.989992,1149.210923,1156.486078,1163.815414,1171.199268,1178.637458,1186.130221,1193.677923,1201.280384,1208.937885,1216.650701,1224.418786,1232.242334,1240.121511,1248.056490,1256.047246,1264.094698,1272.197710,1280.357151,1288.573034,1296.845491,1305.174681,1313.560886,1322.003897
1192.766480,1189.446774,1186.130344,1182.817182,1179.507774,1176.201847,1172.899101,1169.600226,1166.304885,1163.221859,1159.724865,1156.440274,1153.159520,1149.882407,1146.609168,1143.189878,1140.074033,1136.812207,1133.554393,1130.300250,1127.050236,1123.804229,1120.562202,1117.324311,1114.090581,1110.860535,1107.635155,1104.414060,1101.197144,1097.984515,1094.776109,1091.571964,1088.372221,1085.176825,1081.985950,1078.799705,1075.617734,1072.440350,1069.267416,1066.099436,1062.935593,1059.660905,1056.622895,1053.473760,1050.329455,1047.189753,1044.055362,1040.925851,1037.801196,1034.681475,1031.566840,1028.457387,1025.353033,1022.253616,1019.159682,1016.070728,1012.888810,1009.909515,1006.837109,1003.769677,1000.708203,997.651986,994.601237,991.555981,988.516442,985.482807,982.454853,979.432796,976.416206,973.405806,970.401308,967.402719,964.410064,961.423320,958.442838,955.468412,952.500166,949.538082,946.582516,943.633350,940.690319,937.753769,934.823814,931.900309,928.983275,926.072627,923.168833,920.271848,917.381608,914.498180,911.621590,908.751606,905.888896,903.032951,900.184260,897.342758,894.508454,891.681300,888.861147,886.048279,883.243013,880.444996,877.654545,874.871617,872.096286,869.328475,866.568427,863.816101,861.071391,858.334455,855.605713,852.884579,850.171754,847.467165,844.770575,842.082012,839.401587,836.729657,834.065892,831.410920,828.764362,826.126140,823.496743,820.875725,818.263421,815.659955,813.065452,810.479877,807.903206,805.335450,802.776831,800.227228,797.686901,795.155840,792.634166,790.121438,787.618639,785.125090,782.627587,780.167166,777.702659,775.247669,772.802810,770.361548,767.942856,765.527993,763.123277,760.728711,758.344648,755.962175,753.595518,751.253050,748.910583,746.578152,744.256775,741.946250,739.645574,737.354749,735.082268,732.811183,730.555122,728.309489,726.063298,723.830843,721.642346,719.442302,717.253998,715.078054,712.913640,710.759363,708.620532,706.491324,704.358607,702.269619,700.177147,698.096886,696.028305,693.972883,691.930017,689.898762,687.881231,685.876062,683.883213,681.903308,679.929094,677.982719,676.042353,674.114876,672.200302,670.299666,668.412108,666.537963,664.682579,662.831505,660.948944,659.181386,657.371477,655.581967,653.807557,652.043098,650.294479,648.562438,646.842837,645.138100,643.448465,641.771821,640.112415,638.465666,636.826031,635.218064,633.619058,632.039426,630.463262,628.907441,627.373697,625.851007,624.343592,622.855202,621.379785,619.913287,618.474416,617.052225,615.647708,614.242400,612.873224,611.513047,610.170107,608.849516,607.533775,606.241157,604.964979,603.707648,602.466261,601.245927,600.038933,598.851375,597.681519,596.529889,595.394178,594.279912,593.183464,592.104236,591.042817,590.000483,588.976849,587.971705,586.987277,586.020485,585.072585,584.143559,583.234700,582.346166,581.476043,580.625135,579.794512,578.984090,578.193409,577.422870,576.672748,575.942805,575.233152,574.544313,573.875737,573.228292,572.601972,571.997106,571.413114,570.850851,570.309365,569.789595,569.291882,568.815939,568.361486,567.929474,567.519579,567.131602,566.766010,566.423495,566.103649,565.806567,565.532186,565.281016,565.052749,564.847960,564.666839,564.509247,564.375470,564.265375,564.178965,564.116954,564.079222,564.065810,564.077133,564.112691,564.173494,564.259331,564.370008,564.505424,564.666353,564.853366,565.065406,565.303340,565.566663,565.856609,566.172360,566.514386,566.883067,567.278077,567.700184,568.148762,568.624185,569.127031,569.656983,570.214338,570.799297,571.411900,572.052325,572.721221,573.418177,574.143112,574.896633,575.678711,576.489536,577.328871,578.197181,579.094657,580.021716,580.978039,581.964039,582.979629,584.025174,585.100994,586.206877,587.343127,588.510219,589.707950,590.936362,592.195689,593.486121,594.807761,596.160956,597.545699,598.962195,600.410450,601.890688,603.403248,604.948183,606.525671,608.135737,609.778965,611.454880,613.164142,614.906637,616.682480,618.491971,620.335166,622.212333,624.123630,626.069238,628.049303,630.063868,632.113260,634.197495,636.316881,638.471560,640.661427,642.887056,645.148290,647.445385,649.778480,652.147826,654.553559,656.995802,659.474741,661.990550,664.543490,667.133555,669.760857,672.425792,675.128313,677.868764,680.647222,683.463912,686.318925,689.212450,692.144721,695.115812,698.125919,701.175224,704.263938,707.392098,710.559947,713.767771,717.015799,720.304044,723.632202,727.001140,730.410820,733.861060,737.352501,740.885348,744.459284,748.074821,751.732252,755.431299,759.172418,762.955816,766.781510,770.649728,774.560704,778.514517,782.511491,786.551594,790.634969,794.762125,798.932737,803.147463,807.406137,811.708996,816.056060,820.447615,824.884270,829.365572,833.891915,838.463536,843.080543,847.743230,852.451475,857.205563,862.005756,866.852178,871.744969,876.684245,881.670306,886.703386,891.783482,896.910616,902.085165,907.307165,912.576893,917.894426,923.259937,928.673944,934.136232,939.646833,945.206403,950.814455,956.471644,962.177900,967.933709,973.738809,979.593599,985.498105,991.452665,997.457111,1003.512203,1009.617368,1015.773099,1021.979652,1028.236994,1034.545384,1040.905368,1047.316553,1053.779048,1060.293482,1066.859427,1073.477637,1080.147879,1086.870544,1093.645308,1100.473021,1107.353273,1114.286277,1121.272316,1128.311598,1135.404087,1142.550313,1149.749913,1157.003461,1164.310912,1171.672604,1179.088354,1186.558403,1194.083113,1201.662307,1209.296372,1216.985262,1224.729254,1232.528433,1240.382999,1248.293028,1256.258594,1264.280581,1272.357855,1280.491285,1288.680885,1296.926787,1305.229309,1313.588256,1322.003897
1180.770057,1177.499672,1174.232508,1170.968752,1167.708595,1164.451666,1161.198487,1157.948805,1154.702712,1151.459928,1148.220864,1144.985566,1141.754023,1138.526005,1135.301827,1132.081373,1128.864853,1125.651947,1122.442997,1119.238019,1116.036971,1112.839859,1109.646826,1106.457895,1103.272594,1100.091897,1096.915308,1093.743017,1090.574824,1087.410944,1084.251236,1081.095825,1077.944760,1074.797964,1071.655833,1068.517939,1065.384572,1062.255638,1059.131538,1056.011802,1052.896486,1049.786241,1046.680782,1043.579917,1040.484010,1037.392683,1034.306582,1031.225293,1028.148915,1025.077130,1022.010603,1018.949396,1015.893003,1012.841839,1009.795703,1006.754854,1003.719610,1000.689636,997.664859,994.645673,991.631941,988.623426,985.620472,982.622773,979.630959,976.645046,973.664826,970.690114,967.721210,964.758321,961.801275,958.849964,955.904561,952.965250,950.032156,947.105021,944.183728,941.269048,938.360595,935.458500,932.562497,929.672966,926.789915,923.913220,921.043119,918.179175,915.322169,912.471968,909.628391,906.791581,903.961478,901.138066,898.321737,895.512376,892.710028,889.914851,887.126821,884.345889,881.571808,878.805204,876.045853,873.293967,870.549521,867.812458,865.082980,862.360972,859.646669,856.940032,854.145274,851.549599,848.866022,846.190654,843.523292,840.864049,838.212753,835.569150,832.934164,830.307296,827.688636,825.078643,822.476840,819.883855,817.298988,814.722774,812.155065,809.596285,807.046391,804.505227,801.972966,799.449575,796.935212,794.429726,791.933622,789.446627,786.968935,784.500180,782.041166,779.591527,777.151501,774.702271,772.246719,769.888365,767.487210,765.095374,762.713698,760.342146,757.980574,755.629068,753.287735,750.956321,748.635277,746.324911,744.024704,741.733915,739.456226,737.187249,734.930390,732.683394,730.446880,728.220909,726.007330,723.803075,721.612432,719.431484,717.261646,715.103277,712.944664,710.822396,708.697322,706.588327,704.488586,702.391120,700.288507,698.260878,696.209068,694.169154,692.141587,690.126753,688.123293,686.133468,684.190062,682.190328,680.207530,678.294986,676.370982,674.461893,672.555695,670.664131,668.792715,666.932882,665.082674,663.247687,661.426881,659.620575,657.826814,656.010137,654.276281,652.506848,650.785659,649.061506,647.352844,645.656821,643.975402,642.308696,640.655115,639.019014,637.394138,635.785699,634.191238,632.614179,631.048523,629.500207,627.950009,626.453043,624.951277,623.464159,621.996467,620.541870,619.103328,617.680666,616.274866,614.885794,613.506531,612.149719,610.807531,609.484090,608.175509,606.883489,605.604432,604.351643,603.110396,601.886795,600.679621,599.491529,598.319800,597.167510,596.029581,594.911193,593.811232,592.728988,591.664281,590.617854,589.588100,588.579448,587.590023,586.617247,585.664075,584.729122,583.813409,582.915801,582.038645,581.181433,580.342754,579.522694,578.723354,577.943683,577.183962,576.444045,575.724264,575.024372,574.344718,573.685631,573.047039,572.429085,571.832473,571.256714,570.701859,570.168155,569.655581,569.164598,568.695363,568.247463,567.821243,567.417296,567.034920,566.674440,566.336274,566.021437,565.728530,565.458390,565.210743,564.986142,564.784218,564.605544,564.450464,564.318723,564.210508,564.125903,564.065014,564.028015,564.015238,564.026645,564.062387,564.122629,564.207580,564.317456,564.451725,564.610777,564.795459,565.005599,565.240603,565.501168,565.787500,566.099792,566.437852,566.802160,567.192539,567.609257,568.052859,568.522695,569.019238,569.543015,570.093599,570.671446,571.276679,571.909270,572.569852,573.258403,573.974697,574.718971,575.491532,576.292397,577.121635,577.979326,578.865875,579.781578,580.726286,581.700100,582.703525,583.736213,584.798683,585.891155,587.013591,588.166236,589.349365,590.562679,591.806675,593.081454,594.386998,595.723553,597.091478,598.490696,599.921284,601.383544,602.877578,604.403708,605.962074,607.552538,609.175438,610.831227,612.519788,614.241011,615.995428,617.782957,619.603903,621.458234,623.346446,625.268533,627.224663,629.214906,631.239568,633.298669,635.392421,637.521097,639.684763,641.883665,644.117680,646.387226,648.692463,651.033315,653.410287,655.823274,658.272555,660.758355,663.280760,665.840016,668.436138,671.069259,673.739701,676.447595,679.193087,681.976403,684.797606,687.656953,690.554475,693.490481,696.465028,699.478510,702.530817,705.622263,708.752926,711.923000,715.132784,718.382551,721.672209,725.001545,728.371399,731.781731,735.232360,738.724017,742.256630,745.830170,749.445026,753.101544,756.799355,760.539000,764.320656,768.144341,772.010280,775.918781,779.869850,783.863593,787.900281,791.980086,796.103345,800.269786,804.480150,808.734111,813.031904,817.373708,821.759910,826.190581,830.665804,835.185794,839.750787,844.360893,849.016404,853.717197,858.463573,863.255747,868.093891,872.978127,877.908614,882.885618,887.909356,892.979656,898.096933,903.261185,908.472654,913.731649,919.038134,924.392318,929.794922,935.245127,940.743745,946.290699,951.886151,957.530292,963.223208,968.965561,974.756731,980.597412,986.487527,992.427419,998.416987,1004.456783,1010.546444,1016.686391,1022.876881,1029.117881,1035.409650,1041.752747,1048.146743,1054.591782,1061.088481,1067.636677,1074.236331,1080.888271,1087.591819,1094.347457,1101.155766,1108.016336,1114.929379,1121.895181,1128.913948,1135.985831,1143.110803,1150.289057,1157.521062,1164.806534,1172.146052,1179.539352,1186.986673,1194.488381,1202.044298,1209.654811,1217.319901,1225.039764,1232.814568,1240.644485,1248.529591,1256.469960,1264.466478,1272.518011,1280.625427,1288.788741,1297.008085,1305.283778,1313.615626,1322.003897
1168.928815,1165.550349,1162.488840,1159.273584,1156.062165,1152.854255,1149.649725,1146.448768,1143.251073,1140.057165,1136.866754,1133.680127,1130.497161,1127.317539,1124.141956,1120.970182,1117.802068,1114.637768,1111.477211,1108.320636,1105.167960,1102.019388,1098.874582,1095.733931,1092.597326,1089.464911,1086.336605,1083.212539,1080.092557,1076.976949,1073.745356,1070.758127,1067.655130,1064.556408,1061.462247,1058.372580,1055.287480,1052.206436,1049.130197,1046.058194,1042.991183,1039.928827,1036.871233,1033.818327,1030.769975,1027.726777,1024.688304,1021.654823,1018.625887,1015.601754,1012.582813,1009.569109,1006.560288,1003.556711,1000.558327,997.565069,994.577128,991.594565,988.617200,985.645348,982.678897,979.717630,976.761763,973.811265,970.866858,967.927849,964.994710,962.067164,959.145316,956.229392,953.319016,950.414660,947.516234,944.623854,941.737396,938.856767,935.982517,933.114480,930.252629,927.396894,924.547532,921.704575,918.867932,916.037623,913.213683,910.396217,907.585464,904.781467,901.984063,899.193156,896.409272,893.631778,890.861629,888.098125,885.341649,882.592294,879.850038,877.114554,874.386424,871.665441,868.951651,866.245292,863.546245,860.854662,858.170438,855.396881,852.824787,850.163165,847.509232,844.863141,842.224575,839.594201,836.971753,834.357305,831.750746,828.887650,826.561640,823.979416,821.405315,818.839876,816.282514,813.733856,811.193231,808.661253,806.137872,803.623295,801.117358,798.620241,796.131920,793.652376,791.181551,788.720048,786.267546,783.824185,781.389649,778.964689,776.549105,774.055383,771.745947,769.358477,766.980387,764.612230,762.227145,759.905046,757.566251,755.237402,752.910656,750.598149,748.310674,746.021731,743.742995,741.474926,739.223673,736.969442,734.729274,732.505500,730.290386,728.084900,725.889695,723.627878,721.534125,719.372383,717.221950,715.082068,712.953591,710.837139,708.731777,706.638309,704.556393,702.485565,700.426194,698.379188,696.343819,694.319738,692.308820,690.217789,688.316614,686.284348,684.386306,682.433447,680.504834,678.568737,676.656846,674.752198,672.861730,670.993922,669.128291,667.283379,665.448803,663.623946,661.814348,660.018784,658.234591,656.489570,654.707418,652.965367,651.240817,649.524214,647.825700,646.138865,644.465978,642.808245,641.164226,639.536107,637.919077,636.318160,634.731320,633.158973,631.603182,630.060149,628.535262,627.023697,625.527289,624.046286,622.583204,621.118788,619.701438,618.279026,616.867030,615.488401,614.116503,612.760238,611.420754,610.098121,608.792857,607.501779,606.228253,604.971587,603.731413,602.507159,601.303906,600.108534,598.936863,597.784401,596.644947,595.524565,594.421247,593.335119,592.267960,591.219489,590.187827,589.173839,588.176959,587.200483,586.240858,585.301746,584.380673,583.476869,582.592055,581.727047,580.881636,580.054893,579.246922,578.457803,577.689342,576.940263,576.210592,575.500584,574.810874,574.140886,573.491220,572.861550,572.252160,571.663843,571.096602,570.549529,570.023431,569.518113,569.034063,568.571711,568.130329,567.710383,567.312170,566.935835,566.580673,566.247448,565.936674,565.648607,565.382561,565.138794,564.917772,564.719077,564.543658,564.390938,564.261455,564.155206,564.072681,564.012906,563.977167,563.965052,563.976826,564.012716,564.072706,564.157240,564.266043,564.399577,564.557395,564.739980,564.947896,565.180756,565.438639,565.721807,566.030619,566.365008,566.725148,567.111163,567.523195,567.961499,568.426212,568.917062,569.434644,569.978896,570.549855,571.147955,571.773216,572.425795,573.106207,573.814134,574.549460,575.312742,576.104179,576.923685,577.771200,578.647057,579.551572,580.485049,581.447368,582.438501,583.458835,584.508483,585.587839,586.696672,587.835280,589.004150,590.202960,591.432082,592.691379,593.981205,595.301638,596.652946,598.035357,599.448836,600.893480,602.369502,603.877186,605.416609,606.988076,608.591487,610.227367,611.895342,613.596057,615.329368,617.095411,618.894519,620.726651,622.592109,624.491039,626.423680,628.390142,630.390465,632.424974,634.493684,636.596815,638.734765,640.907158,643.114686,645.357117,647.634773,649.947922,652.296484,654.680876,657.101036,659.557274,662.049719,664.578516,667.143989,669.745948,672.384841,675.060651,677.773819,680.524196,683.312182,686.137801,689.001250,691.902740,694.842398,697.820456,700.836979,703.892152,706.986247,710.119252,713.291433,716.503327,719.754719,723.045407,726.375809,729.746529,733.157334,736.608315,740.099991,743.632293,747.205335,750.819556,754.474882,758.171336,761.909516,765.689337,769.510883,773.374428,777.280290,781.228485,785.219019,789.252263,793.328399,797.447630,801.610004,805.815658,810.064825,814.357585,818.694020,823.074613,827.499404,831.968470,836.482037,841.040394,845.643443,850.291720,854.985005,859.723588,864.507706,869.337603,874.213115,879.134710,884.102669,889.116878,894.177422,899.284705,904.438692,909.639609,914.887864,920.183236,925.525973,930.916924,936.355218,941.841609,947.376078,952.958768,958.589870,964.269662,969.998227,975.775568,981.602056,987.477744,993.402931,999.377595,1005.402050,1011.476171,1017.600301,1023.774696,1029.999324,1036.274443,1042.600612,1048.977421,1055.405237,1061.883895,1068.414051,1074.995417,1081.628736,1088.313413,1095.050116,1101.838786,1108.679654,1115.572718,1122.518253,1129.516499,1136.567573,1143.671460,1150.828354,1158.038722,1165.302282,1172.619612,1179.990449,1187.415097,1194.893734,1202.426357,1210.013309,1217.654564,1225.350318,1233.100739,1240.906000,1248.766177,1256.681346,1264.652390,1272.678177,1280.759576,1288.896601,1297.089386,1305.338249,1313.642996,1322.003897
1157.241211,1154.067685,1150.897486,1147.730773,1144.567529,1141.407785,1138.251215,1135.098362,1131.949025,1128.803312,1125.661040,1122.522464,1119.387421,1116.256026,1113.128461,1110.004584,1106.884564,1103.768002,1100.655486,1097.546907,1094.442284,1091.341196,1088.244516,1085.151657,1081.940546,1078.978275,1075.897736,1072.821378,1069.749196,1066.681232,1063.617320,1060.557780,1057.502175,1054.451102,1051.404613,1048.362583,1045.324526,1042.291323,1039.262416,1036.238012,1033.218438,1030.203503,1027.193281,1024.187705,1021.186569,1018.190662,1015.199534,1012.212818,1009.231200,1006.254172,1003.282544,1000.315736,997.354140,994.397701,991.446154,988.499742,985.558873,982.623125,979.692803,976.767658,973.847834,970.933483,968.024086,965.120625,962.222648,959.330472,956.443883,953.562782,950.687427,947.817869,944.953962,942.096000,939.243998,936.397934,933.557664,930.723364,927.895293,925.073394,922.257639,919.447938,916.644647,913.847625,911.056824,908.272482,905.494280,902.722640,899.957707,897.199429,894.447669,891.702367,888.963964,886.232086,883.507377,880.789329,878.078229,875.374200,872.677207,869.986970,867.304017,864.628050,861.959450,859.298160,856.644043,853.997274,851.358026,848.726242,846.101951,843.485037,840.875757,838.273912,835.680245,833.094356,830.516275,827.946151,825.383975,822.829468,820.283327,817.745094,815.215366,812.693836,810.180402,807.675478,805.178765,802.690624,800.211002,797.740079,795.277790,792.824190,790.379126,787.942990,785.515663,783.097422,780.688137,778.287782,775.896402,773.514399,771.141643,768.778267,766.417297,764.079153,761.743902,759.418454,757.102567,754.796151,752.499775,750.213085,747.934961,745.669437,743.412676,741.165730,738.928103,736.702785,734.487858,732.280561,730.084598,727.900141,725.725883,723.561167,721.397950,719.265964,717.134525,715.014150,712.904056,710.805090,708.718063,706.640488,704.577723,702.524755,700.481806,698.415048,696.433702,694.426798,692.426001,690.447879,688.476143,686.516753,684.568691,682.633507,680.710011,678.798776,676.894839,675.013812,673.135196,671.266904,669.421694,667.590154,665.770454,663.961965,662.162751,660.378254,658.607789,656.848546,655.090649,653.370163,651.652224,649.951925,648.258955,646.584332,644.921260,643.271450,641.636668,640.015708,638.409241,636.815723,635.236008,633.673438,632.123309,630.564807,629.053599,627.560603,626.070596,624.596890,623.136744,621.694939,620.261311,618.843967,617.448617,616.066452,614.698333,613.344845,612.009145,610.684889,609.385246,608.095816,606.823052,605.574287,604.328105,603.104758,601.897046,600.706216,599.535452,598.379314,597.237995,596.115444,595.013534,593.925136,592.855246,591.801375,590.768496,589.751458,588.751814,587.768363,586.806103,585.861652,584.934274,584.026270,583.135420,582.264141,581.410370,580.576200,579.762215,578.965864,578.188122,577.429858,576.691532,575.972548,575.273014,574.593224,573.932783,573.292408,572.671970,572.071691,571.491505,570.932200,570.393731,569.875095,569.377691,568.900377,568.444790,568.010179,567.596820,567.204350,566.833569,566.484245,566.156582,565.850381,565.566703,565.305122,565.065506,564.847993,564.653059,564.480372,564.330551,564.203589,564.099549,564.018842,563.961034,563.926221,563.915203,563.927697,563.963907,564.024082,564.108130,564.216383,564.349051,564.505787,564.686776,564.892471,565.123600,565.378893,565.659301,565.964750,566.295943,566.652179,567.033965,567.441650,567.875138,568.334747,568.820213,569.331832,569.870070,570.434779,571.025950,571.644096,572.289015,572.961245,573.661066,574.388095,575.142423,575.924556,576.734485,577.572360,578.438019,579.331827,580.254302,581.205118,582.184608,583.192985,584.230167,585.296545,586.392334,587.517459,588.672316,589.856832,591.071320,592.315707,593.590280,594.895008,596.230132,597.596032,598.992765,600.420185,601.878655,603.368331,604.889400,606.442030,608.026368,609.642451,611.290954,612.971168,614.683811,616.428913,618.206515,620.016899,621.860123,623.736493,625.646049,627.589081,629.565699,631.575939,633.620130,635.698282,637.810702,639.957531,642.138661,644.354661,646.605375,648.890989,651.211859,653.567971,655.959590,658.386815,660.849830,663.348806,665.884003,668.455413,671.063145,673.707592,676.388708,679.106814,681.862038,684.654572,687.484436,690.351958,693.257266,696.200461,699.181738,702.201275,705.259284,708.355807,711.491059,714.665229,717.878902,721.131721,724.423565,727.754979,731.126538,734.537532,737.988787,741.480485,745.012325,748.584754,752.198191,755.852285,759.547439,763.283846,767.061734,770.881101,774.742257,778.645280,782.590492,786.577655,790.607524,794.679873,798.794947,802.953011,807.154090,811.398353,815.685840,820.016753,824.391968,828.810731,833.273570,837.780548,842.332227,846.928441,851.569245,856.254896,860.985684,865.761605,870.583097,875.449943,880.362571,885.321303,890.326010,895.376838,900.474029,905.617652,910.807989,916.045369,921.329590,926.661106,932.040148,937.466464,942.940601,948.462540,954.032423,959.650443,965.316875,971.031835,976.795233,982.607531,988.468876,994.379198,1000.338843,1006.348002,1012.406550,1018.514933,1024.673098,1030.881321,1037.139827,1043.448972,1049.808547,1056.218852,1062.679723,1069.191815,1075.754839,1082.369552,1089.035325,1095.752859,1102.522082,1109.343227,1116.216294,1123.141691,1130.119251,1137.149499,1144.232285,1151.367803,1158.556520,1165.798154,1173.093284,1180.441646,1187.843545,1195.299158,1202.808485,1210.371866,1217.989277,1225.660914,1233.386946,1241.167544,1249.002788,1256.892749,1264.838316,1272.838353,1280.893732,1289.004466,1297.170689,1305.392721,1313.670367,1322.003897
1145.705638,1142.579894,1139.457674,1136.338624,1133.223096,1130.110743,1127.002042,1123.896818,1120.795167,1117.697028,1114.602300,1111.511172,1108.423808,1105.339915,1102.259761,1099.183392,1096.110702,1093.041578,1089.976639,1086.915516,1083.857970,1080.804590,1077.755207,1074.709651,1071.668196,1068.630747,1065.597452,1062.568344,1059.543362,1056.522521,1053.505646,1050.493088,1047.484746,1044.480962,1041.481528,1038.486256,1035.495288,1032.508969,1029.526969,1026.549671,1023.577032,1020.609030,1017.645650,1014.686546,1011.732626,1008.783255,1005.838690,1002.898653,999.963603,997.033497,994.108279,991.188218,988.273248,985.363095,982.458083,979.558320,976.663675,973.774492,970.890395,968.011486,965.137922,962.269895,959.406666,956.549351,953.697717,950.851599,948.010950,945.175922,942.346506,939.522817,936.705033,933.892995,931.086829,928.286465,925.491807,922.703413,919.921078,917.144816,914.374621,911.610514,908.852759,906.101101,903.355812,900.616854,897.883971,895.157655,892.437975,889.724905,887.018227,884.318094,881.624655,878.938020,876.258217,873.585061,870.918884,868.259685,865.607310,862.961990,860.323613,857.692400,855.068432,852.451635,849.842005,847.239672,844.644806,842.057326,839.477158,836.904694,834.339188,831.781794,829.232207,826.690323,824.156153,821.629748,819.111527,816.600900,814.098434,811.603848,809.117770,806.639654,804.170007,801.708366,799.254935,796.810126,794.373861,791.946052,789.526877,787.116329,784.714223,782.320952,779.936566,777.546393,775.194392,772.836564,770.468667,768.148621,765.818254,763.497219,761.185242,758.882722,756.589819,754.306344,752.032339,749.768118,747.513420,745.056688,743.041514,740.808632,738.593220,736.387880,734.192628,732.004306,729.832584,727.667377,725.515494,723.370037,721.236434,719.113444,717.000523,714.898720,712.808316,710.664403,708.645294,706.600644,704.554109,702.518490,700.494210,698.470427,696.479122,694.488925,692.509929,690.542080,688.586842,686.642918,684.669537,682.788971,680.882130,678.985749,677.069951,675.224020,673.369008,671.521384,669.681690,667.863910,666.053234,664.255948,662.472874,660.698925,658.939718,657.174750,655.459386,653.741978,652.029783,650.337652,648.659798,646.990725,645.339279,643.698531,642.073185,640.461330,638.863198,637.279903,635.708392,634.143572,632.610382,631.082410,629.568410,628.068905,626.585313,625.114248,623.660488,622.228227,620.802048,619.387326,617.993805,616.614164,615.250798,613.902804,612.568246,611.251878,609.941029,608.663182,607.393340,606.139455,604.901503,603.679021,602.468204,601.284545,600.110808,598.954904,597.814517,596.690014,595.585759,594.497142,593.424508,592.369365,591.332580,590.311496,589.310105,588.325292,587.357990,586.406576,585.475614,584.561064,583.666714,582.790155,581.930353,581.089251,580.266822,579.463689,578.679913,577.913833,577.166326,576.438580,575.730244,575.041154,574.371057,573.720659,573.089878,572.478657,571.887537,571.315891,570.764538,570.234236,569.723731,569.233451,568.763890,568.315143,567.887095,567.480423,567.094311,566.729285,566.385742,566.063425,565.762371,565.482929,565.225944,564.990648,564.777119,564.585768,564.416406,564.269606,564.145026,564.043544,563.964647,563.908849,563.875798,563.865910,563.879197,563.915961,563.976336,564.060285,564.168168,564.300039,564.456066,564.635913,564.839871,565.068714,565.322221,565.599957,565.902586,566.230256,566.583254,566.961178,567.364593,567.793515,568.248090,568.728646,569.234742,569.766979,570.325445,570.910278,571.521407,572.159277,572.823809,573.515732,574.234617,574.980467,575.753620,576.554373,577.382631,578.238363,579.122007,580.033552,580.973556,581.941736,582.938276,583.963558,585.017392,586.100329,587.212303,588.353516,589.524130,590.724445,591.954093,593.213821,594.503254,595.822706,597.172382,598.552686,599.963403,601.404688,602.876811,604.379852,605.914159,607.479834,609.076869,610.705450,612.366311,614.058548,615.783138,617.539773,619.328706,621.150245,623.004317,624.891398,626.811500,628.764737,630.751301,632.771319,634.825011,636.912425,639.034046,641.189460,643.379351,645.603541,647.862339,650.155939,652.484315,654.847813,657.246482,659.680592,662.150227,664.655612,667.196943,669.774232,672.387611,675.037458,677.723725,680.446735,683.206650,686.003532,688.837637,691.708993,694.617952,697.564545,700.548967,703.571396,706.632026,709.730940,712.868329,716.044487,719.259689,722.513839,725.806724,729.139181,732.511169,735.922504,739.373824,742.865334,746.396714,749.968473,753.580933,757.233726,760.927393,764.662110,768.437894,772.254968,776.113567,780.013768,783.955894,787.939848,791.965955,796.034419,800.145341,804.298986,808.495378,812.734686,817.016950,821.342371,825.711825,830.124557,834.581093,839.081653,843.626343,848.215446,852.848868,857.526865,862.249708,867.017520,871.830475,876.688580,881.592245,886.541665,891.536787,896.577782,901.664877,906.798110,911.977792,917.204244,922.477238,927.797394,933.164628,938.578883,944.040718,949.550081,955.107088,960.712007,966.365039,972.066321,977.815766,983.613837,989.460678,995.356220,1001.300810,1007.294637,1013.337578,1019.430079,1025.572085,1031.763873,1038.005768,1044.297915,1050.640141,1057.032908,1063.475964,1069.969967,1076.514694,1083.110698,1089.757555,1096.455897,1103.205653,1110.007056,1116.860105,1123.765210,1130.722202,1137.731608,1144.793278,1151.907405,1159.074457,1166.294151,1173.567068,1180.892943,1188.272081,1195.704661,1203.190681,1210.730482,1218.324041,1225.971554,1233.673188,1241.429118,1249.239421,1257.104172,1265.024256,1272.998540,1281.027895,1289.112335,1297.251995,1305.447194,1313.697737,1322.003897
1134.321051,1131.242699,1128.167671,1125.095842,1122.027136,1118.962155,1115.900656,1112.842580,1109.788001,1106.736763,1103.689239,1100.645171,1097.604718,1094.567932,1091.534678,1088.505202,1085.479402,1082.457429,1079.439063,1076.424871,1073.414486,1070.407907,1067.405149,1064.406526,1061.411810,1058.421191,1055.434574,1052.451991,1049.473822,1046.499515,1043.529370,1040.563415,1037.601833,1034.644349,1031.691503,1028.742466,1025.798367,1022.858535,1019.996165,1016.992138,1014.065901,1011.144157,1008.227127,1005.314379,1002.406613,999.503495,996.604850,993.711215,990.822224,987.938239,985.059295,982.185370,979.316215,976.452141,973.593209,970.739400,967.890608,965.047296,962.208979,959.375785,956.548264,953.725472,950.908356,948.096804,945.290781,942.490195,939.694942,936.905431,934.121602,931.343548,928.571096,925.804517,923.043560,920.288522,917.539232,914.796060,912.058906,909.327750,906.602703,903.883707,901.170911,898.464231,895.763877,893.069712,890.381711,887.700271,885.025368,882.357002,879.694958,877.039480,874.390641,871.748487,869.113233,866.484523,863.766807,861.247723,858.639824,856.038758,853.444588,850.857529,848.277666,845.704925,843.139196,840.580922,838.029958,835.486148,832.949919,830.421241,827.899411,825.385675,822.879671,820.381256,817.890492,815.407627,812.932712,810.465412,808.006166,805.554879,803.111904,800.676813,798.250108,795.831351,793.421007,791.019110,788.625515,786.240468,783.863949,781.495969,779.136163,776.785568,774.443637,772.110438,769.786015,767.470268,765.163860,762.866596,760.578180,758.271076,756.028994,753.768491,751.517095,749.275300,747.051864,744.820098,742.615374,740.403552,738.209764,736.026079,733.851780,731.498672,729.532736,727.389190,725.254882,723.130816,721.016228,718.900534,716.821410,714.738681,712.666590,710.605254,708.554437,706.513904,704.485116,702.467746,700.461002,698.465033,696.479343,694.506953,692.544810,690.593815,688.653770,686.726159,684.809848,682.905102,681.011517,679.130428,677.261054,675.401889,673.559172,671.723768,669.870864,668.093295,666.295628,664.510737,662.739762,660.980227,659.238762,657.498865,655.778122,654.066482,652.374390,650.690801,649.018879,647.364761,645.719465,644.091399,642.482051,640.864859,639.282790,637.707404,636.147717,634.597269,633.054496,631.543392,630.026372,628.544851,627.067158,625.604226,624.155335,622.721991,621.295297,619.891894,618.508287,617.135518,615.776155,614.431379,613.091874,611.788298,610.492368,609.204270,607.937289,606.685158,605.450926,604.230086,603.026018,601.838469,600.665553,599.508567,598.365875,597.244468,596.140100,595.048096,593.975064,592.920177,591.879228,590.856761,589.849820,588.863948,587.893366,586.939789,586.002305,585.084847,584.185048,583.302338,582.438884,581.591897,580.763824,579.953074,579.161638,578.389563,577.635064,576.899343,576.181491,575.483722,574.805186,574.145442,573.504551,572.883477,572.281986,571.699457,571.136833,570.593792,570.071094,569.569260,569.086655,568.624580,568.182602,567.761560,567.361467,566.981742,566.622860,566.284828,565.968369,565.672411,565.397917,565.145099,564.914422,564.705019,564.517143,564.351674,564.207772,564.086502,563.987304,563.910642,563.856752,563.825646,563.816962,563.831484,563.868946,563.929686,564.013863,564.121577,564.252890,564.408046,564.587108,564.789914,565.016522,565.268107,565.543752,565.843763,566.168260,566.517824,566.892384,567.291755,567.716480,568.166494,568.642163,569.143105,569.669759,570.222308,570.800991,571.405494,572.036425,572.693730,573.377678,574.088766,574.826493,575.591046,576.382644,577.201769,578.048151,578.921765,579.823049,580.752292,581.709377,582.694729,583.708144,584.750054,585.820401,586.919576,588.047589,589.204755,590.390985,591.606563,592.851620,594.126122,595.430353,596.764309,598.128406,599.522842,600.947327,602.402280,603.887763,605.404166,606.951422,608.529891,610.139484,611.780714,613.453190,615.157595,616.893739,618.661772,620.462023,622.294449,624.159350,626.056869,627.987241,629.950575,631.946907,633.976562,636.039550,638.136100,640.266578,642.430647,644.628950,646.861289,649.127971,651.429264,653.765083,656.135818,658.541480,660.982303,663.458437,665.970063,668.517391,671.100341,673.719320,676.374311,679.065751,681.793489,684.557924,687.359078,690.197133,693.072335,695.984772,698.934572,701.922142,704.947321,708.010470,711.111648,714.251045,717.429106,720.645653,723.901057,727.194930,730.528181,733.900583,737.312135,740.763508,744.254626,747.785458,751.356392,754.967771,758.619224,762.311291,766.044146,769.817806,773.632494,777.488517,781.385879,785.324682,789.305256,793.327597,797.392215,801.498778,805.648023,809.839546,814.073819,818.350781,822.670892,827.034235,831.440878,835.891040,840.384958,844.922737,849.504660,854.130631,858.800925,863.515761,868.275311,873.079698,877.929037,882.823627,887.763701,892.749255,897.780310,902.857243,907.980089,913.149016,918.364487,923.626183,928.934857,934.290291,939.692472,945.142129,950.638702,956.182870,961.774563,967.414151,973.101716,978.837256,984.620971,990.453271,996.333996,1002.263495,1008.241956,1014.269256,1020.345841,1026.471656,1032.646979,1038.872133,1045.147391,1051.472201,1057.847411,1064.272619,1070.748507,1077.274844,1083.852185,1090.480102,1097.159231,1103.889500,1110.671140,1117.504152,1124.388946,1131.325354,1138.313901,1145.354439,1152.447159,1159.592532,1166.790273,1174.040963,1181.344372,1188.700706,1196.110242,1203.572945,1211.089158,1218.658856,1226.282236,1233.959467,1241.690722,1249.476079,1257.315613,1265.210210,1273.158737,1281.162065,1289.220209,1297.333303,1305.501668,1313.725109,1322.003897
1123.086162,1120.054534,1117.025910,1114.000821,1110.978879,1107.960613,1104.945704,1101.934189,1098.926046,1095.921537,1092.920446,1089.922900,1086.928979,1083.938678,1080.951841,1077.968886,1074.989572,1072.013708,1069.042082,1066.074219,1063.110180,1060.149873,1057.193418,1054.241048,1051.292623,1048.348245,1045.407795,1042.471400,1039.539284,1036.611163,1033.687212,1030.767517,1027.851762,1024.940392,1022.033514,1019.130707,1016.232482,1013.338359,1010.449027,1007.564154,1004.683711,1001.807920,998.936375,996.069532,993.207466,990.349971,987.497321,984.649180,981.806020,978.967771,976.134309,973.305808,970.482297,967.663748,964.850404,962.041811,959.238605,955.944421,953.647451,950.859840,948.077396,945.300065,942.528128,939.761737,937.000775,934.245066,931.495074,928.750697,926.011869,923.278814,920.551283,917.829587,915.113477,912.403003,909.698727,907.000286,904.307823,901.621318,898.940757,896.266460,893.598112,890.936003,888.279997,885.630089,882.986701,880.349581,877.718955,875.094740,872.476859,869.865464,867.260934,864.662801,862.071555,859.486807,856.908938,854.337699,851.773719,849.216316,846.665984,844.122646,841.586367,839.057100,836.535004,834.020208,831.512670,829.012237,826.519332,824.033578,821.555318,819.084748,816.621795,814.166390,811.718649,809.278758,806.846759,804.422266,802.005698,799.597299,797.196967,794.804376,792.420230,790.044025,787.676197,785.316633,782.965403,780.622611,778.288262,775.962102,773.644734,771.336079,769.036066,766.744664,764.462025,762.181246,759.923428,757.667677,755.420792,753.183076,750.954494,748.735358,746.525330,744.324799,742.133401,739.951736,737.779577,735.617017,733.464106,731.321124,729.184611,727.063875,724.949508,722.848479,720.752623,718.667911,716.594536,714.533019,712.479632,710.437201,708.405139,706.383629,704.372038,702.370214,700.410895,698.405160,696.437854,694.480492,692.536101,690.602136,688.678986,686.766472,684.866195,682.971567,681.099731,679.272137,677.378856,675.536121,673.704635,671.878933,670.077785,668.282639,666.499264,664.721393,662.969455,661.222326,659.487922,657.765757,656.095363,654.360230,652.673156,651.005231,649.345543,647.697515,646.067304,644.451744,642.841034,641.246466,639.667826,638.101173,636.548277,635.011246,633.483234,631.964043,630.472843,628.977671,627.517811,626.061110,624.618460,623.191211,621.778410,620.379487,618.995436,617.624572,616.271991,614.932769,613.607831,612.298524,611.003072,609.722516,608.458078,607.208163,605.972109,604.756975,603.551199,602.367260,601.196522,600.041020,598.900642,597.777310,596.671859,595.580459,594.507145,593.449000,592.409483,591.382696,590.376463,589.386255,588.412842,587.456367,586.517595,585.595969,584.689961,583.803701,582.933548,582.082782,581.249821,580.433475,579.635577,578.855274,578.094161,577.352305,576.627514,575.921050,575.233364,574.565234,573.915675,573.284923,572.673757,572.081034,571.507938,570.954473,570.420172,569.905491,569.411562,568.937188,568.482217,568.048050,567.633492,567.239966,566.867017,566.514334,566.182156,565.870956,565.580840,565.311401,565.063288,564.836762,564.631826,564.448154,564.286052,564.145820,564.027277,563.930624,563.856547,563.804797,563.775577,563.768546,563.784328,563.822819,563.884200,563.968727,564.076440,564.207533,564.362148,564.540209,564.742090,564.967363,565.216876,565.490513,565.788178,566.109978,566.456415,566.827758,567.223469,567.643978,568.089827,568.560592,569.056825,569.578171,570.125120,570.697609,571.296216,571.920333,572.570820,573.247332,573.950479,574.680523,575.436816,576.219777,577.029868,577.866968,578.731130,579.622395,580.541107,581.487699,582.461925,583.464018,584.494142,585.552388,586.639094,587.754306,588.898145,590.070936,591.272612,592.503311,593.763395,595.052739,596.371370,597.719746,599.098113,600.506305,601.944481,603.412995,604.911685,606.441085,608.001135,609.592219,611.214148,612.867732,614.552064,616.268072,618.015737,619.794976,621.606206,623.449465,625.324943,627.232801,629.173324,631.146499,633.152479,635.191567,637.263723,639.369301,641.508421,643.680972,645.887524,648.127914,650.402330,652.711191,655.054279,657.432057,659.844556,662.291958,664.774431,667.292091,669.845354,672.433900,675.058247,677.718361,680.414663,683.147053,685.915875,688.721169,691.563130,694.442007,697.357849,700.310859,703.301211,706.329113,709.394606,712.497902,715.639190,718.819053,722.037131,725.293301,728.588109,731.921982,735.294740,738.706475,742.157702,745.648352,749.178535,752.748697,756.358737,760.008700,763.699122,767.430076,771.201484,775.013670,778.866952,782.761344,786.696849,790.673837,794.692490,798.753007,802.855437,806.999912,811.186667,815.415778,819.687327,824.001796,828.359222,832.759683,837.203402,841.690677,846.221403,850.796087,855.414531,860.077037,864.783817,869.535042,874.330834,879.171352,884.056764,888.987567,893.963311,898.984501,904.051134,909.163491,914.321766,919.526033,924.776468,930.073585,935.417170,940.807255,946.244494,951.728400,957.259628,962.838108,968.464325,974.138016,979.859524,985.628933,991.446752,997.312525,1003.227128,1009.189989,1015.201582,1021.262219,1027.371811,1033.530638,1039.739022,1045.997236,1052.304727,1058.662345,1065.069687,1071.527435,1078.035479,1084.594011,1091.202938,1097.862861,1104.573756,1111.335479,1118.148435,1125.012900,1131.928706,1138.896378,1145.915767,1152.987166,1160.110744,1167.286520,1174.514971,1181.795869,1189.129420,1196.515901,1203.955278,1211.447892,1218.993721,1226.592961,1234.245781,1241.952355,1249.712760,1257.527072,1265.396178,1273.318945,1281.296243,1289.328088,1297.414614,1305.556143,1313.752480,1322.003897
1111.999459,1109.013742,1106.031499,1103.052577,1100.076820,1097.104650,1094.135664,1091.170270,1088.208331,1085.249763,1082.294810,1079.343198,1076.395236,1073.450845,1070.510135,1067.572778,1064.639496,1061.709947,1058.784046,1055.861990,1052.943792,1050.029135,1047.118663,1044.212053,1041.309334,1038.410691,1035.515830,1032.704737,1029.738717,1026.856450,1023.977873,1021.103787,1018.233590,1015.367934,1012.506364,1009.649251,1006.796328,1003.947966,1001.104044,998.264518,995.429528,992.598684,989.772596,986.951003,984.134273,981.321957,978.514433,975.711849,972.913860,970.120377,967.332180,964.548758,961.770318,958.996793,956.228437,953.464806,950.706422,947.953274,945.204960,942.462187,939.724406,936.991948,934.264818,931.542980,928.826575,926.115677,923.410379,920.710481,918.016222,915.327553,912.644536,909.967107,907.295138,904.629334,901.969340,899.315129,896.666850,894.024472,891.388196,888.757905,885.687630,883.515500,880.903459,878.297476,875.697969,873.104704,870.517777,867.937359,865.363086,862.795593,860.234474,857.680035,855.132321,852.591059,850.056458,847.528787,845.008044,842.494053,839.987016,837.486836,834.993711,832.507552,830.028512,827.556722,825.091962,822.634615,820.184217,817.741337,815.306107,812.878234,810.457853,808.044856,805.639952,803.242422,800.852876,798.470777,796.096552,793.730382,791.372091,789.022072,786.679742,784.345636,782.019849,779.702134,777.392753,775.091755,772.799106,770.514524,768.238896,765.971788,763.713162,761.463151,759.221590,756.989262,754.765835,752.551216,750.345509,748.148831,745.961254,743.770752,741.613767,739.453718,737.303270,735.162243,733.030556,730.908586,728.796055,726.692773,724.599958,722.516011,720.442827,718.378976,716.309948,714.281742,712.248444,710.224820,708.211663,706.208698,704.202736,702.233264,700.259565,698.284746,696.352109,694.412987,692.484053,690.567220,688.661057,686.760713,684.880712,683.007578,681.145816,679.290141,677.458321,675.627832,673.799615,672.006406,670.213438,668.431679,666.662671,664.904872,663.153408,661.424861,659.698378,657.991937,656.297396,654.613888,652.940993,651.278442,649.633619,647.998813,646.374606,644.768000,643.138035,641.588427,640.016763,638.461046,636.917313,635.386552,633.870019,632.366218,630.868659,629.399315,627.925773,626.467008,625.052655,623.629093,622.223838,620.831422,619.452832,618.088776,616.739264,615.404364,614.087847,612.752438,611.479510,610.213898,608.947029,607.705776,606.471576,605.260569,604.059232,602.874202,601.704111,600.550997,599.413208,598.291379,597.183847,596.093231,595.019246,593.959440,592.920680,591.893299,590.884671,589.892477,588.915922,587.955839,587.016428,586.091202,585.182572,584.290541,583.417158,582.562087,581.722915,580.902679,580.099141,579.313272,578.545168,577.795825,577.064962,576.352034,575.656986,574.979458,574.321682,573.682582,573.062222,572.459950,571.877528,571.313642,570.768757,570.243581,569.737252,569.250730,568.784613,568.337610,567.910354,567.503207,567.116432,566.749953,566.403728,566.077817,565.771974,565.487759,565.223648,564.980296,564.758001,564.557621,564.378047,564.219701,564.083018,563.967743,563.874251,563.802509,563.753067,563.725845,563.720814,563.737932,563.777668,563.839917,563.924959,564.032945,564.163968,564.318111,564.495602,564.696672,564.920907,565.168621,565.440409,565.735963,566.055392,566.398981,566.766901,567.159435,567.576159,568.017836,568.484253,568.975795,569.492195,570.033700,570.600463,571.193070,571.811098,572.454710,573.124361,573.819962,574.542215,575.290708,576.065384,576.866786,577.694863,578.549786,579.431483,580.340212,581.276278,582.239819,583.230882,584.249605,585.296157,586.370673,587.473433,588.604470,589.764117,590.952210,592.169130,593.414709,594.689634,595.993481,597.326476,598.688943,600.081354,601.503139,602.954810,604.436672,605.948365,607.490612,609.063423,610.666787,612.301185,613.966417,615.662514,617.390183,619.149000,620.939351,622.761385,624.615245,626.501100,628.419220,630.369636,632.352515,634.368006,636.416317,638.497494,640.612020,642.759594,644.940381,647.155056,649.403302,651.685569,654.001561,656.351888,658.736508,661.155723,663.609515,666.098204,668.621954,671.180772,673.774790,676.404382,679.069499,681.770461,684.507428,687.280460,690.089770,692.935507,695.817897,698.737013,701.693045,704.686170,707.716580,710.784365,713.889686,717.032743,720.214134,723.433484,726.690673,729.986306,733.320774,736.693546,740.105384,743.556470,747.046500,750.575919,754.145145,757.753822,761.402353,765.090929,768.819776,772.588879,776.398581,780.248935,784.140234,788.072386,792.045809,796.060596,800.116884,804.214938,808.354778,812.536573,816.760461,821.026581,825.335328,829.686766,834.080973,838.518173,842.998654,847.522450,852.089691,856.700561,861.355214,866.053885,870.796739,875.583844,880.415435,885.291868,890.212992,895.179002,900.190189,905.246549,910.348324,915.495822,920.689066,925.928085,931.213777,936.545264,941.923357,947.347979,952.819172,958.337484,963.902641,969.515427,975.175222,980.882716,986.637836,992.440923,998.291806,1004.191246,1010.138672,1016.134575,1022.179212,1028.272550,1034.414849,1040.606655,1046.847574,1053.137719,1059.477718,1065.867168,1072.306750,1078.796307,1085.336178,1091.926120,1098.566787,1105.258152,1112.000073,1118.792954,1125.637072,1132.532257,1139.479037,1146.477262,1153.527225,1160.629095,1167.782989,1174.989090,1182.247465,1189.558222,1196.921556,1204.337678,1211.806685,1219.328637,1226.903729,1234.532131,1242.214017,1249.949465,1257.738550,1265.582161,1273.479163,1281.430427,1289.435971,1297.495928,1305.610619,1313.779852,1322.003897
1101.059251,1098.119421,1095.182908,1092.249662,1089.319555,1086.392805,1083.469589,1080.549765,1077.633282,1074.720365,1071.810860,1068.904709,1066.002314,1063.103538,1060.207759,1057.316249,1054.428427,1051.544276,1048.663701,1045.787002,1042.914113,1040.044804,1037.179631,1034.318248,1031.460887,1028.607252,1025.757642,1022.912306,1020.071102,1017.233666,1014.400362,1011.571290,1008.746409,1005.925702,1003.109205,1000.297166,997.489230,994.685746,991.886780,989.092180,986.301829,983.515938,980.734644,977.958022,975.185823,972.418343,969.655739,966.897739,964.144273,961.395673,958.652006,955.913128,953.179228,950.450287,947.726143,945.007152,942.293320,939.584207,936.880639,934.181929,931.488651,928.800397,926.117326,923.439800,920.767581,918.100933,915.439609,912.783844,910.133563,907.488962,904.849766,902.216276,899.588288,896.966322,894.350072,891.739646,889.135054,886.536404,883.943810,881.357045,878.776393,876.201719,873.633195,871.070705,868.514641,865.964722,863.421109,860.883962,858.352942,855.828585,853.309195,850.799335,848.294605,845.796263,843.304803,840.820054,838.342190,835.871027,833.406771,830.949326,828.498787,826.055302,823.618918,821.189489,818.767399,816.352493,813.944469,811.543948,809.151004,806.765307,804.386944,802.016295,799.653412,797.297928,794.950321,792.610212,790.277862,787.953574,785.636860,783.328469,781.027910,778.735457,776.451085,774.174839,771.906902,769.647224,767.395635,765.152466,762.918098,760.691978,758.474310,756.265233,754.064669,751.873263,749.690581,747.516675,745.351521,743.195649,741.047451,738.910319,736.781677,734.662135,732.551895,730.450898,728.359537,726.274531,724.204567,722.141949,720.091130,718.044832,716.010936,713.984957,711.972457,710.012685,707.974522,705.990161,704.016064,702.052380,700.098071,698.155625,696.223270,694.301803,692.389450,690.490148,688.614964,686.722074,684.853474,682.997043,681.150548,679.315856,677.490252,675.679253,673.877758,672.092279,670.309088,668.542662,666.781721,665.042613,663.310559,661.590244,659.881106,658.185317,656.497730,654.828208,653.169154,651.520645,649.908898,648.261713,646.650577,645.052441,643.467028,641.891794,640.333764,638.785317,637.252162,635.730886,634.222685,632.728098,631.244222,629.770047,628.322826,626.870898,625.432526,624.040440,622.637802,621.255210,619.881130,618.522826,617.179063,615.850393,614.532496,613.238424,611.947551,610.677260,609.420348,608.174987,606.955837,605.727487,604.539038,603.357164,602.190871,601.038204,599.898410,598.782473,597.675732,596.585631,595.508288,594.451529,593.412964,592.382413,591.372036,590.381641,589.403067,588.443126,587.498048,586.570810,585.660104,584.765812,583.889589,583.027930,582.185547,581.359499,580.551396,579.761235,578.987504,578.232702,577.493333,576.773700,576.072966,575.388889,574.722906,574.074841,573.446037,572.835751,572.243695,571.670378,571.115794,570.580593,570.063996,569.566317,569.087812,568.629453,568.190697,567.770721,567.370871,566.990737,566.630925,566.291270,565.971588,565.671994,565.392531,565.134358,564.896062,564.678534,564.482085,564.307220,564.152949,564.019785,563.908111,563.817540,563.748809,563.701645,563.676593,563.673766,563.692208,563.733450,563.796927,563.882602,563.991008,564.122053,564.276219,564.453272,564.653357,564.876964,565.123321,565.393228,565.686835,566.004261,566.345128,566.710130,567.099383,567.512840,567.950543,568.412916,568.899850,569.411667,569.948133,570.509663,571.096125,571.708378,572.345478,573.008417,573.697058,574.411611,575.152573,575.919287,576.712209,577.531517,578.377578,579.250026,580.149038,581.074994,582.028216,583.008546,584.016280,585.051378,586.114213,587.204688,588.323302,589.470042,590.644985,591.848332,593.080156,594.340806,595.630156,596.948211,598.295429,599.671919,601.077978,602.513279,603.978353,605.473010,606.997777,608.552623,610.137916,611.753500,613.400005,615.076746,616.784696,618.523602,620.293486,622.094805,623.927477,625.791777,627.687867,629.616013,631.576202,633.568584,635.593460,637.650789,639.740847,641.863979,644.019848,646.209093,648.431513,650.687413,652.977083,655.300366,657.657718,660.049125,662.474817,664.934944,667.429683,669.959260,672.523670,675.122985,677.757551,680.427676,683.133207,685.874540,688.651695,691.464925,694.314299,697.200036,700.122185,703.081242,706.077001,709.109814,712.179746,715.286982,718.431965,721.614525,724.835003,728.093038,731.389446,734.724240,738.097176,741.509004,744.959640,748.449058,751.977660,755.545760,759.152998,762.799910,766.486670,770.213293,773.980001,777.787026,781.634589,785.522574,789.451176,793.421003,797.431828,801.483892,805.577459,809.712552,813.889338,818.107855,822.368303,826.671558,831.016861,835.404738,839.835258,844.308974,848.825721,853.385551,857.988719,862.635517,867.325937,872.060417,876.838739,881.661327,886.528505,891.440143,896.396383,901.397452,906.443488,911.534661,916.671376,921.853410,927.081012,932.355029,937.674590,943.040447,948.452582,953.911137,959.416302,964.968189,970.567378,976.213374,981.906714,987.647450,993.435882,999.271907,1005.156080,1011.088035,1017.068196,1023.096819,1029.173870,1035.299611,1041.474588,1047.698406,1053.971176,1060.293529,1066.665060,1073.086453,1079.557547,1086.078683,1092.649619,1099.271008,1105.942822,1112.664921,1119.437708,1126.261392,1133.136008,1140.061880,1147.038924,1154.067436,1161.147584,1168.279484,1175.463322,1182.699161,1189.987113,1197.327371,1204.720147,1212.165538,1219.663603,1227.214540,1234.818517,1242.475709,1250.186096,1257.950047,1265.768157,1273.639391,1281.564619,1289.543858,1297.577244,1305.665097,1313.807224,1322.003897
1090.264819,1087.370215,1084.478839,1081.590562,1078.705620,1075.824118,1072.945893,1070.071148,1067.199756,1064.331757,1061.467307,1058.606295,1055.748735,1052.894907,1050.044383,1047.284156,1044.354859,1041.515569,1038.679844,1035.848053,1033.019855,1030.195457,1027.375087,1024.558364,1021.745647,1018.936910,1016.132235,1013.331475,1010.534746,1007.741894,1004.953515,1002.169036,999.388727,996.612473,993.840754,991.072928,988.309717,985.550777,982.796111,980.045800,977.299520,974.558254,971.821339,969.089016,965.936149,963.638183,960.919687,958.205874,955.496525,952.792130,950.092507,947.397805,944.707999,942.023041,939.343025,936.667795,933.997810,931.332910,928.673180,926.018189,923.368681,920.724184,918.084977,915.451186,912.822741,910.199737,907.581986,904.969837,902.363099,899.762004,897.166280,894.575983,891.991637,889.413033,886.840108,884.272969,881.711663,879.156216,876.606688,874.063137,871.525482,868.993893,866.468452,863.948936,861.435805,858.928697,856.428064,853.933445,851.445462,848.963790,846.488555,844.019855,841.557624,839.101829,836.652966,834.210565,831.775221,829.346468,826.924388,824.509200,822.100995,819.699686,817.305429,814.918080,812.538020,810.164750,807.799003,805.440361,802.932394,800.745108,798.408588,796.079650,793.758410,791.444466,789.138447,786.839601,784.548805,782.265741,779.990567,777.723290,775.463973,773.212612,770.953418,768.734124,766.507119,764.267180,762.077391,759.875187,757.681447,755.495867,753.318830,751.150341,748.979790,746.839308,744.696887,742.563202,740.438584,738.322478,736.215380,734.117519,732.028646,729.949031,727.878497,725.817485,723.765574,721.566723,719.689487,717.641659,715.652736,713.632357,711.652975,709.668221,707.693464,705.728577,703.773110,701.813697,699.892640,697.996002,696.052615,694.148607,692.254967,690.370542,688.498921,686.636964,684.785770,682.944349,681.115130,679.295816,677.485037,675.689888,673.904176,672.129159,670.365063,668.606723,666.871095,665.136583,663.401982,661.716572,660.023523,658.337386,656.666536,655.012002,653.358853,651.724127,650.097968,648.487943,646.888867,645.301653,643.705591,642.164860,640.612670,639.077636,637.548344,636.041591,634.542765,633.056976,631.584297,630.122589,628.677638,627.244464,625.813049,624.396517,623.025830,621.644841,620.280598,618.923410,617.590410,616.266845,614.958785,613.647551,612.380861,611.112863,609.861665,608.623447,607.399514,606.179984,604.994288,603.815185,602.652507,601.502963,600.367198,599.248608,598.145407,597.056243,595.981635,594.923711,593.882311,592.856209,591.845317,590.851469,589.873642,588.910592,587.965281,587.033242,586.122117,585.226093,584.345982,583.482034,582.633820,581.804427,580.992691,580.197019,579.419629,578.658264,577.914417,577.188205,576.479683,575.789437,575.117453,574.462773,573.825295,573.206161,572.606230,572.024191,571.460378,570.915803,570.389082,569.881425,569.392780,568.922675,568.471891,568.041227,567.629243,567.236320,566.863524,566.510072,566.177221,565.863679,565.570263,565.296413,565.043336,564.810835,564.598278,564.406365,564.235532,564.085616,563.956311,563.848091,563.760924,563.695139,563.650567,563.627783,563.626900,563.647780,563.690282,563.755004,563.841722,563.950699,564.082194,564.236351,564.413089,564.612718,564.835188,565.080821,565.349161,565.641079,565.956484,566.295231,566.657507,567.043664,567.454084,567.888162,568.346342,568.829325,569.336633,569.868244,570.424623,571.005707,571.611895,572.243402,572.899575,573.581545,574.288853,575.022170,575.781462,576.566277,577.377310,578.214311,579.077873,579.967708,580.883922,581.826835,582.796971,583.793843,584.817896,585.869242,586.948048,588.054468,589.188650,590.350843,591.541046,592.759431,594.005903,595.281125,596.584878,597.917050,599.278235,600.668742,602.088048,603.536689,605.014839,606.522400,608.059866,609.627166,611.224732,612.852292,614.510710,616.199090,617.918319,619.668390,621.449214,623.261209,625.104494,626.978999,628.885195,630.823115,632.792906,634.794666,636.828693,638.894946,640.993935,643.125301,645.289406,647.486663,649.716901,651.980306,654.277292,656.607657,658.971840,661.369876,663.801947,666.268217,668.768837,671.304111,673.873826,676.478460,679.117981,681.792804,684.502863,687.248392,690.029539,692.846459,695.699399,698.588406,701.513682,704.475397,707.473759,710.508807,713.580748,716.689773,719.836460,723.020449,726.241673,729.500501,732.797534,736.132540,739.505518,742.917136,746.367315,749.856024,753.383655,756.950524,760.556284,764.201464,767.886237,771.610616,775.374824,779.179164,783.023641,786.908354,790.833629,794.799463,798.806363,802.853995,806.943096,811.073259,815.244954,819.458120,823.713130,828.010335,832.349497,836.730977,841.154982,845.621622,850.131178,854.683551,859.279016,863.917792,868.600049,873.325945,878.095484,882.909075,887.766913,892.668943,897.615335,902.606340,907.641968,912.722461,917.848256,923.019102,928.235454,933.497540,938.805106,944.158700,949.558303,955.004055,960.496149,966.034860,971.620302,977.252386,982.931574,988.657888,994.431627,1000.252769,1006.121628,1012.038078,1018.002463,1024.015039,1030.075773,1036.184925,1042.343049,1048.549729,1054.805098,1061.109778,1067.463364,1073.866541,1080.319149,1086.821553,1093.373435,1099.975640,1106.627767,1113.330024,1120.082698,1126.885998,1133.739890,1140.644906,1147.600754,1154.607799,1161.666211,1168.776257,1175.937664,1183.150957,1190.416092,1197.733364,1205.102683,1212.524449,1219.998620,1227.525394,1235.104939,1242.737430,1250.422849,1258.161563,1265.954168,1273.799629,1281.698818,1289.651750,1297.658563,1305.719575,1313.834596,1322.003897
1079.614602,1076.764646,1073.917798,1071.074343,1068.234026,1065.397038,1062.563519,1059.733283,1056.906410,1054.083041,1051.263179,1048.446395,1045.633602,1042.824158,1040.018241,1037.216025,1034.417542,1031.622632,1028.831325,1026.043773,1023.260015,1020.547777,1017.703777,1014.931378,1012.163054,1009.398658,1006.637968,1003.881375,1001.128871,998.380434,995.636134,992.895794,990.159404,987.427491,984.699704,981.975935,979.256689,976.541548,973.830953,970.689200,968.422264,965.724705,963.031864,960.343321,957.659306,954.979933,952.305307,949.635052,946.969680,944.308841,941.652823,939.001670,936.355495,933.714111,931.077539,928.445943,925.819330,923.197982,920.581305,917.969900,915.363744,912.762638,910.166664,907.576129,904.990962,902.411067,899.836515,897.267387,894.703798,892.145609,889.592666,887.045678,884.504258,881.968543,879.438437,876.914077,874.395650,871.882758,869.376094,866.875207,864.380178,861.891176,859.408104,856.931289,854.460527,851.995889,849.537538,847.085497,844.639676,842.200307,839.767288,837.340759,834.920491,832.506950,830.100018,827.699724,825.306374,822.919479,820.539255,818.165882,815.799442,813.439824,811.087086,808.741538,806.402681,804.071289,801.747035,799.429818,797.119981,794.817121,792.522021,790.234354,787.954175,785.681568,783.416391,781.158566,778.908591,776.666327,774.432206,772.205815,769.970988,767.776557,765.573880,763.379241,761.192619,759.014158,756.843858,754.681971,752.528364,750.382973,748.246043,746.117599,743.997905,741.886746,739.771743,737.690506,735.605530,733.529016,731.461828,729.402772,727.354051,725.313999,723.282862,721.106300,719.248619,717.244562,715.251189,713.266701,711.289326,709.325952,707.369694,705.424018,703.487641,701.561060,699.644367,697.737559,695.837324,693.954119,692.077695,690.201510,688.355237,686.534749,684.676523,682.847114,681.038186,679.191800,677.437714,675.662039,673.890680,672.131096,670.382244,668.593203,666.919507,665.201792,663.497327,661.799271,660.123184,658.449879,656.794238,655.147848,653.512228,651.889618,650.217791,648.676891,647.090749,645.513635,643.952139,642.400451,640.861430,639.331257,637.820429,636.317631,634.809081,633.353268,631.889515,630.438876,628.998875,627.576904,626.163983,624.754075,623.358198,622.008593,620.649289,619.305168,617.966509,616.655159,615.351649,614.064172,612.784862,611.520242,610.276975,609.033787,607.818254,606.618881,605.431224,604.253333,603.088659,601.940438,600.811769,599.691567,598.602504,597.505767,596.433353,595.378115,594.336298,593.309767,592.297261,591.303823,590.325058,589.361952,588.416506,587.483827,586.568330,585.669426,584.787205,583.921340,583.072046,582.239474,581.421648,580.622921,579.839524,579.073982,578.325801,577.593930,576.881039,576.182602,575.503597,574.842791,574.199414,573.573047,572.963831,572.373871,571.802127,571.248215,570.712761,570.195447,569.696811,569.216779,568.755401,568.312677,567.889336,567.485514,567.100149,566.734091,566.388044,566.061403,565.754289,565.467171,565.199531,564.951609,564.724552,564.517305,564.330220,564.163393,564.017919,563.892675,563.788177,563.704550,563.641766,563.600224,563.579544,563.581050,563.603906,563.648223,563.714310,563.802352,563.912138,564.044156,564.198402,564.375261,564.574468,564.796356,565.041215,565.308568,565.598749,565.912293,566.248961,566.608777,566.992213,567.399437,567.830407,568.284995,568.763697,569.266757,569.794017,570.345535,570.921459,571.521961,572.147598,572.797851,573.473152,574.173781,574.899619,575.651491,576.428694,577.231467,578.060185,578.914940,579.795833,580.702708,581.635899,582.595848,583.582368,584.595643,585.635873,586.703239,587.797761,588.919851,590.069497,591.246923,592.451975,593.685120,594.946253,596.236001,597.553687,598.899920,600.274839,601.678860,603.111503,604.573357,606.064396,607.584641,609.134542,610.714290,612.323773,613.963488,615.633237,617.333059,619.063636,620.824519,622.616152,624.438648,626.292150,628.176865,630.092944,632.040530,634.019750,636.030750,638.073735,640.148762,642.256274,644.396017,646.568135,648.773245,651.011105,653.282072,655.586038,657.923393,660.294232,662.698778,665.137038,667.609329,670.115812,672.656493,675.231500,677.841206,680.485599,683.164931,685.879320,688.628962,691.413929,694.234510,697.090825,699.982973,702.911143,705.875509,708.876261,711.913488,714.987346,718.098037,721.246156,724.431323,727.653420,730.913049,734.210599,737.545636,740.918621,744.329924,747.779472,751.267375,754.794160,758.359470,761.963602,765.607005,769.289694,773.011765,776.773445,780.574841,784.416247,788.297565,792.219164,796.181267,800.183920,804.227186,808.311637,812.436971,816.603416,820.811152,825.060560,829.351709,833.684675,838.059681,842.476951,846.936592,851.438888,855.983737,860.571415,865.202140,869.876081,874.593361,879.354092,884.158574,889.007037,893.899476,898.835912,903.816720,908.841934,913.911721,919.026544,924.186127,929.391087,934.641341,939.936831,945.278114,950.665138,956.098018,961.577022,967.102349,972.674138,978.292299,983.957295,989.669272,995.428157,1001.234300,1007.087889,1012.988800,1018.937375,1024.933872,1030.978257,1037.070789,1043.212029,1049.401565,1055.639484,1061.926464,1068.262320,1074.647016,1081.081381,1087.564737,1094.097566,1100.680452,1107.312985,1113.995380,1120.727922,1127.510820,1134.344040,1141.228114,1148.162751,1155.148315,1162.184975,1169.273001,1176.412118,1183.602852,1190.845159,1198.139335,1205.485288,1212.883420,1220.333688,1227.836290,1235.391396,1242.999180,1250.659625,1258.373097,1266.140193,1273.959878,1281.833024,1289.759647,1297.739884,1305.774055,1313.861968,1322.003897
1069.107249,1066.301376,1063.498837,1060.699437,1057.903265,1055.110434,1052.320902,1049.534791,1046.752126,1043.972663,1041.196770,1038.424362,1035.655543,1032.890086,1030.128108,1027.439632,1024.615284,1021.864325,1019.116876,1016.373213,1013.633200,1010.896968,1008.164673,1005.436304,1002.711647,999.990897,997.273937,994.561158,991.852420,989.147651,986.447069,983.750442,981.057652,978.369283,975.684862,973.004785,970.328937,967.657255,964.990042,962.326834,959.668415,957.014449,954.365013,951.719703,949.078996,946.442967,943.811611,941.184565,938.562358,935.944660,933.331852,930.723995,928.120616,925.522425,922.929100,920.340333,917.756802,915.178079,912.604520,910.036103,907.472768,904.914667,902.361417,899.813722,897.271288,894.734054,892.202128,889.675713,887.154693,884.638998,882.128688,879.624193,877.125232,874.631884,872.144149,869.662248,867.186032,864.715461,862.251058,859.792275,857.339438,854.892625,852.451633,850.016867,847.588103,845.165421,842.749009,840.338797,837.934871,835.537285,833.146038,830.761057,828.382628,826.010714,823.645369,821.286611,818.934754,816.589307,814.250389,811.918473,809.593343,807.274812,804.963469,802.658903,800.361341,798.071039,795.787809,793.511472,791.242426,788.980630,786.726332,784.479462,782.239951,780.008096,777.783257,775.566262,773.356833,771.154954,768.961310,766.775328,764.596985,762.426540,760.264044,758.109498,755.955820,753.824349,751.694207,749.572012,747.458299,745.191932,743.255615,741.158753,739.096900,737.014131,734.952118,732.897622,730.851674,728.606807,726.786621,724.767528,722.757257,720.756114,718.763484,716.781035,714.807529,712.842737,710.872743,708.941300,707.004792,705.077567,703.160001,701.252559,699.354262,697.466161,695.585840,693.717661,691.816367,690.011229,688.173049,686.344458,684.527064,682.719666,680.922586,679.135338,677.359387,675.594047,673.839066,672.096853,670.325579,668.637594,666.925148,665.215697,663.534189,661.855158,660.187612,658.531107,656.885366,655.252056,653.632354,652.019043,650.420522,648.832071,647.256103,645.693616,644.140200,642.602045,641.074183,639.557961,638.052008,636.562599,635.082365,633.590436,632.162722,630.721004,629.292397,627.873974,626.473437,625.082181,623.693222,622.318062,620.989977,619.651169,618.326384,616.990180,615.718002,614.433932,613.167287,611.906319,610.665723,609.432951,608.222309,607.022067,605.837646,604.662430,603.505018,602.361060,601.233224,600.117826,599.018641,597.932996,596.862728,595.808219,594.768962,593.743070,592.730355,591.737277,590.760267,589.793517,588.847821,587.917214,586.998125,586.098756,585.213998,584.345059,583.495072,582.659459,581.838899,581.034547,580.247993,579.478926,578.725325,577.990034,577.271124,576.568466,575.883477,575.214827,574.564994,573.932976,573.317337,572.719334,572.138817,571.576968,571.032933,570.506972,569.999650,569.509601,569.038971,568.585997,568.151451,567.735779,567.339730,566.962400,566.603342,566.264101,565.944087,565.643771,565.362861,565.101425,564.859094,564.637005,564.435592,564.253179,564.091149,563.949579,563.828839,563.728096,563.648011,563.588797,563.550103,563.532451,563.535927,563.561073,563.607623,563.674824,563.764365,563.875392,564.007978,564.162708,564.339537,564.538733,564.760227,565.004154,565.270849,565.559758,565.871438,566.206264,566.564235,566.945025,567.349273,567.777071,568.228442,568.703464,569.202404,569.725384,570.272266,570.843295,571.438561,572.058336,572.703117,573.371914,574.065992,574.785083,575.529360,576.299413,577.094353,577.914943,578.761034,579.633310,580.531196,581.454938,582.404889,583.381462,584.384275,585.413917,586.469991,587.553216,588.663318,589.800757,590.965663,592.157910,593.377901,594.625560,595.901307,597.205036,598.536624,599.896662,601.285402,602.702499,604.148287,605.623074,607.126640,608.659589,610.221755,611.813646,613.435009,615.086550,616.767572,618.478764,620.220255,621.991918,623.794165,625.627125,627.490687,629.385307,631.311165,633.268244,635.256692,637.276808,639.328548,641.412344,643.528063,645.675841,647.856122,650.068804,652.314087,654.592406,656.903268,659.247457,661.624846,664.035712,666.480059,668.958206,671.470328,674.016415,676.596541,679.211107,681.860223,684.543965,687.262614,690.016207,692.804993,695.629039,698.488564,701.383723,704.314679,707.281556,710.284595,713.323864,716.399521,719.511914,722.661225,725.847429,729.070343,732.330605,735.628418,738.963430,742.336344,745.747337,749.196103,752.683089,756.208677,759.772572,763.375149,767.016650,770.697087,774.416669,778.175663,781.974120,785.812331,789.690199,793.608092,797.566233,801.564668,805.603645,809.683207,813.803520,817.964720,822.166943,826.410585,830.695707,835.022387,839.390845,843.801370,848.253992,852.748855,857.286103,861.865927,866.488546,871.154096,875.862733,880.614601,885.409870,890.248888,895.131639,900.058194,905.028691,910.043412,915.102439,920.206237,925.354483,930.547932,935.786363,941.069761,946.398857,951.773087,957.193132,962.658920,968.170820,973.728914,979.333201,984.983878,990.681354,996.425472,1002.216578,1008.054862,1013.940199,1019.873036,1025.853317,1031.881321,1037.957302,1044.081524,1050.253872,1056.474614,1062.743587,1069.061446,1075.427877,1081.843707,1088.308258,1094.822014,1101.385557,1107.998478,1114.660991,1121.373381,1128.135859,1134.948390,1141.811505,1148.724914,1155.688982,1162.703877,1169.769869,1176.886684,1184.054847,1191.274314,1198.545383,1205.867961,1213.242449,1220.668806,1228.147229,1235.677889,1243.260960,1250.896424,1258.584649,1266.326197,1274.120137,1281.967237,1289.867548,1297.821207,1305.828536,1313.889341,1322.003897
1058.741552,1055.979360,1053.220424,1050.464803,1047.712228,1044.962982,1042.217158,1039.474711,1036.735358,1033.999741,1031.267505,1028.538594,1025.813119,1023.091230,1020.372807,1017.658028,1014.946952,1012.239389,1009.535330,1006.834995,1004.138404,1001.445658,998.756802,996.071519,993.390130,990.712704,988.039317,984.799451,982.704187,980.042650,977.332521,974.731497,972.082093,969.436578,966.795299,964.158407,961.525485,958.897015,956.272351,953.652562,951.037209,948.426133,945.819300,943.217006,940.619281,938.026148,935.437374,932.853210,930.273573,927.698699,925.128761,922.563383,920.002853,917.447222,914.896373,912.350188,909.809099,907.272812,904.741879,902.215934,899.694994,897.179163,894.668337,892.162941,889.662675,887.167723,884.678051,882.193798,879.714823,877.136638,874.773083,872.197822,869.853653,867.402233,864.956494,862.516474,860.081221,857.653328,855.230607,852.813596,850.402527,847.997379,845.598013,843.204754,840.817589,838.436321,836.061434,833.692713,831.330173,828.974046,826.623894,824.280175,821.943055,819.612297,817.288102,814.970477,812.659616,810.355067,808.057243,805.766193,803.481925,801.204212,798.933638,796.669623,794.412908,792.163232,789.920568,787.684544,785.456001,783.234779,781.020936,778.814343,776.615158,774.326738,772.182355,770.061880,767.892354,765.730985,763.577226,761.430998,759.292558,757.161915,755.039105,752.924070,750.817223,748.718320,746.625322,744.544893,742.470604,740.404321,738.346336,736.296920,734.125814,732.223543,730.201398,728.183920,726.177059,724.178983,722.189628,720.044100,718.243265,716.275194,714.320660,712.377185,710.441885,708.513236,706.598084,704.690447,702.792293,700.903253,699.023529,697.153261,695.293318,693.440317,691.601212,689.770298,687.949540,686.138136,684.337842,682.547278,680.766938,678.996677,677.236427,675.486715,673.792676,672.018073,670.300345,668.592549,666.895502,665.209051,663.533514,661.868607,660.214991,658.572253,656.933438,655.319635,653.711244,652.113721,650.526898,648.930497,647.388009,645.863886,644.260055,642.767038,641.252167,639.747631,638.261425,636.772599,635.304465,633.848044,632.403583,630.960781,629.552015,628.144998,626.747713,625.369163,623.998917,622.630871,621.276918,619.969956,618.651582,617.347712,616.030098,614.778861,613.514383,612.263024,611.024933,609.803606,608.594850,607.384943,606.217144,605.049932,603.894327,602.755612,601.625084,600.517959,599.421113,598.339617,597.271768,596.218594,595.182271,594.156742,593.146450,592.151529,591.174756,590.211686,589.261874,588.330566,587.413655,586.512529,585.626722,584.756355,583.899419,583.063534,582.242084,581.436750,580.647150,579.872051,579.116326,578.374996,577.651400,576.944780,576.253825,575.581347,574.924287,574.284882,573.663544,573.059539,572.472226,571.902088,571.349946,570.815877,570.299566,569.801378,569.320658,568.858315,568.414254,567.988432,567.580940,567.192149,566.822722,566.471529,566.138901,565.825974,565.532030,565.257568,565.002204,564.766135,564.549316,564.352926,564.176164,564.018832,563.881629,563.764795,563.668262,563.592063,563.536100,563.500725,563.486061,563.491798,563.519323,563.567749,563.637279,563.727941,563.840275,563.973843,564.129206,564.306239,564.505585,564.726766,564.970139,565.235901,565.524001,565.834212,566.167530,566.523458,566.902074,567.303525,567.728479,568.176910,568.648240,569.143268,569.662167,570.204782,570.771114,571.361423,571.975921,572.614822,573.278037,573.965703,574.678241,575.415442,576.178107,576.965764,577.778463,578.616519,579.480050,580.369258,581.283959,582.224400,583.191077,584.183839,585.202818,586.248239,587.320221,588.418896,589.544545,590.697228,591.877152,593.084160,594.318701,595.580637,596.870589,598.188241,599.533636,600.907241,602.309405,603.739598,605.198458,606.685942,608.202026,609.747227,611.321607,612.925352,614.558353,616.221424,617.913665,619.636130,621.388298,623.170590,624.983250,626.826327,628.699952,630.604390,632.539738,634.506141,636.503722,638.532692,640.593093,642.685405,644.809276,646.965033,649.153118,651.373347,653.626017,655.911204,658.229037,660.579859,662.963685,665.380645,667.830983,670.314817,672.832446,675.383656,677.968923,680.588211,683.241933,685.930022,688.652711,691.410142,694.202470,697.029940,699.892598,702.790641,705.724238,708.693597,711.698751,714.739909,717.817256,720.931210,724.081587,727.268749,730.492310,733.753173,737.051104,740.386101,743.758830,747.169204,750.617218,754.103205,757.627544,761.189847,764.790653,768.430131,772.108293,775.825361,779.581564,783.377123,787.211916,791.086139,795.000397,798.954462,802.948572,806.982991,811.057738,815.172979,819.328851,823.525488,827.763359,832.042307,836.362622,840.724373,845.128110,849.573666,854.061045,858.590645,863.162612,867.776985,872.434120,877.134037,881.876922,886.663175,891.492630,896.365479,901.282013,906.242226,911.246361,916.294721,921.387331,926.524218,931.706279,936.932636,942.203921,947.520588,952.882148,958.289256,963.741841,969.240386,974.784630,980.374913,986.011319,991.694356,997.423571,1003.199665,1009.022547,1014.892276,1020.809236,1026.773373,1032.784964,1038.844334,1044.951627,1051.106670,1057.309927,1063.561146,1069.860983,1076.209151,1082.606405,1089.052118,1095.546992,1102.090955,1108.684243,1115.326855,1122.019075,1128.761115,1135.552939,1142.395079,1149.287175,1156.229801,1163.222917,1170.266862,1177.361456,1184.506941,1191.703658,1198.951509,1206.250701,1213.601537,1221.003975,1228.458212,1235.964418,1243.522770,1251.133248,1258.796220,1266.512251,1274.280407,1282.101457,1289.975454,1297.902534,1305.883018,1313.916714,1322.003897
1048.516107,1045.797141,1043.081445,1040.368896,1037.659531,1034.953578,1032.250749,1029.551375,1026.855471,1024.162917,1021.473759,1018.787897,1016.105434,1013.426584,1010.751259,1008.079387,1005.411299,1002.746582,1000.085362,997.428108,994.774648,992.124678,989.478575,986.368669,984.197741,981.563116,978.932434,976.305704,973.683038,971.064217,968.449270,965.838496,963.231622,960.628632,958.029935,955.435552,952.845327,950.259398,947.677543,945.100359,942.527357,939.958558,937.394225,934.834424,932.279044,929.728267,927.181863,924.639917,922.102622,919.569899,917.042215,914.519113,912.000813,909.487186,906.978279,904.474297,901.975085,899.481223,896.992282,894.508289,892.029291,889.555286,887.086405,884.622787,882.164387,879.605309,877.263279,874.820621,872.383095,869.951341,867.524946,865.104007,862.688594,860.278640,857.874471,855.475854,853.082622,850.695465,848.314068,845.938343,843.568522,840.875259,838.846311,836.494231,834.147965,831.808079,829.474113,827.146323,824.824761,822.509428,820.200066,817.897427,815.600864,813.310951,811.027469,808.750662,806.480174,804.216179,801.958862,799.708274,797.464181,795.227084,792.996496,790.773100,788.556616,786.347028,784.144492,781.948574,779.760096,777.578889,775.404960,773.238329,771.078968,768.927105,766.782030,764.644785,762.515051,760.393249,758.279013,756.172285,754.073213,751.981972,749.898229,747.791466,745.755044,743.695241,741.643481,739.599968,737.564507,735.537342,733.518188,731.507542,729.505363,727.367462,725.525619,723.548982,721.580612,719.450275,717.670108,715.727204,713.794662,711.869363,709.954675,708.033322,706.150026,704.262386,702.382835,700.513132,698.652594,696.801050,694.958717,693.124742,691.303814,689.490050,687.617704,685.882531,684.133694,682.335737,680.572130,678.813207,677.074185,675.341324,673.611977,671.905161,670.201990,668.510120,666.828067,665.156185,663.489331,661.846181,660.201232,658.576997,656.959387,655.352683,653.750630,652.172049,650.598805,649.081567,647.485244,645.945968,644.420252,642.901304,641.396362,639.902985,638.421318,636.916878,635.492207,634.055997,632.612460,631.190078,629.802365,628.382429,626.997035,625.621479,624.263945,622.915182,621.579537,620.236176,618.948335,617.654975,616.367196,615.071082,613.838132,612.593250,611.362735,610.144111,608.940333,607.750368,606.572853,605.400172,604.261568,603.124712,602.009399,600.885644,599.800977,598.721817,597.658042,596.606110,595.570959,594.549470,593.542018,592.549782,591.571784,590.609750,589.659132,588.728210,587.809838,586.908149,586.023345,585.150875,584.296363,583.455286,582.630122,581.822998,581.032432,580.254010,579.492711,578.748789,578.022058,577.309762,576.615699,575.937900,575.275689,574.631196,574.001974,573.392091,572.799458,572.222868,571.663252,571.120752,570.596309,570.089906,569.601193,569.129898,568.676181,568.241365,567.823846,567.424669,567.043615,566.681669,566.338212,566.012730,565.706455,565.419532,565.151210,564.902147,564.672172,564.461256,564.269674,564.098408,563.946272,563.813694,563.700882,563.608750,563.536237,563.483901,563.452042,563.440342,563.449126,563.478425,563.529289,563.601020,563.693215,563.806854,563.941748,564.097787,564.275447,564.474775,564.696070,564.939138,565.204241,565.491587,565.800834,566.132461,566.486402,566.863153,567.262452,567.684526,568.129793,568.598186,569.089616,569.604422,570.143078,570.705004,571.290558,571.899934,572.533292,573.191075,573.872670,574.578740,575.309597,576.064819,576.845396,577.650489,578.480642,579.335869,580.216578,581.122662,582.054034,583.010999,583.994095,585.002905,586.037906,587.098952,588.186615,589.300567,590.441357,591.609060,592.803694,594.025288,595.274216,596.550391,597.854476,599.185639,600.544649,601.931766,603.346943,604.790099,606.261719,607.761718,609.290200,610.847502,612.433942,614.049310,615.694289,617.368201,619.071558,620.804882,622.567717,624.360509,626.183460,628.036430,629.919961,631.833976,633.778667,635.754221,637.760757,639.798431,641.867345,643.967925,646.099910,648.263445,650.459142,652.686760,654.946674,657.238704,659.563309,661.920555,664.310654,666.733643,669.189805,671.679183,674.202156,676.758475,679.348635,681.972623,684.630687,687.322954,690.049586,692.810726,695.606527,698.437234,701.302891,704.203696,707.139817,710.111444,713.118660,716.161623,719.240529,722.355974,725.507576,728.695269,731.919486,735.180638,738.478676,741.813534,745.185943,748.595628,752.042761,755.527630,759.050588,762.611271,766.210206,769.847565,773.523358,777.237806,780.991212,784.783575,788.614995,792.485735,796.395969,800.345901,804.335624,808.365481,812.435253,816.545343,820.695708,824.886721,829.118731,833.391499,837.705382,842.060590,846.457227,850.895575,855.375534,859.897375,864.461318,869.067463,873.716169,878.407239,883.141145,887.918056,892.737994,897.601051,902.507449,907.457327,912.450853,917.488347,922.569827,927.695321,932.865725,938.080180,943.339436,948.643474,953.992318,959.386445,964.825783,970.310817,975.841282,981.417522,987.039618,992.708080,998.422451,1004.183606,1009.990974,1015.845028,1021.746079,1027.694039,1033.689187,1039.731845,1045.822287,1051.959959,1058.145711,1064.379141,1070.660930,1076.990782,1083.369453,1089.796315,1096.272071,1102.796648,1109.370282,1115.992972,1122.665004,1129.386587,1136.157871,1142.978835,1149.849672,1156.770772,1163.742094,1170.763978,1177.836245,1184.959135,1192.132990,1199.357713,1206.633510,1213.960684,1221.339194,1228.769236,1236.250983,1243.784608,1251.370095,1259.007810,1266.698318,1274.440687,1282.235685,1290.083364,1297.983862,1305.937501,1313.944088,1322.003897
1038.429884,1035.753597,1033.080589,1030.410842,1027.744235,1025.080694,1022.420806,1019.764187,1017.110877,1014.460906,1011.814325,1009.170940,1006.531224,1003.894943,1001.262122,998.632878,996.007088,993.384781,990.766290,988.151587,985.540329,982.932742,980.329080,977.729259,975.133132,972.540848,969.952609,967.368189,964.787734,962.211208,959.638525,957.069740,954.504838,951.944158,949.387899,946.835474,944.287527,941.743530,939.204001,936.668647,934.137778,931.611020,929.088728,926.570763,924.057375,921.548229,919.043723,916.543764,914.048219,911.557516,909.071452,906.590135,904.113530,901.641368,899.174273,896.711793,894.254437,891.802138,889.354713,886.912078,884.474552,881.935120,879.614689,877.192414,874.775324,872.363465,869.956870,867.555396,865.159192,862.768625,860.383383,858.003530,855.629166,853.260371,850.897168,848.539466,846.187316,843.840916,841.500422,839.165597,836.836592,834.513219,832.195816,829.884319,827.578904,825.279506,822.986161,820.698899,818.417810,816.142686,813.873989,811.611714,809.355441,807.105846,804.862603,802.625992,800.395561,798.171773,795.954514,793.743779,791.539842,789.342337,787.151957,784.968394,782.791728,780.621851,778.458543,776.302778,774.153914,772.012298,769.877840,767.750651,765.630664,763.517847,761.412299,759.314373,757.223921,755.141355,753.066150,750.998469,748.938369,746.854127,744.671271,742.804382,740.775326,738.754358,736.741325,734.723242,732.739666,730.750953,728.770130,726.797953,724.834056,722.878421,720.930890,718.992174,717.062006,715.140428,713.226521,711.323074,709.427519,707.540798,705.661863,703.719788,701.934434,700.083134,698.241330,696.409275,694.585565,692.770918,690.966343,689.171099,687.384921,685.608903,683.842682,682.084759,680.338958,678.602122,676.875193,675.157304,673.450650,671.753521,670.064481,668.392474,666.728723,665.067107,663.420850,661.787528,660.160313,658.545524,656.928482,655.348909,653.766783,652.195151,650.634941,649.083047,647.547286,646.020205,644.504598,642.999433,641.509198,640.020425,638.554708,637.095972,635.648589,634.212599,632.788378,631.377070,629.976677,628.588731,627.212671,625.849057,624.494861,623.158363,621.830913,620.515925,619.215608,617.926234,616.649428,615.385469,614.109164,612.896386,611.670928,610.465666,609.260529,608.075024,606.904974,605.716690,604.602727,603.471260,602.351907,601.249874,600.155466,599.083772,598.020903,596.974224,595.937640,594.932011,593.916962,592.919660,591.950114,590.987923,590.038057,589.107790,588.192338,587.288851,586.401827,585.530398,584.673655,583.832834,583.004508,582.194217,581.401380,580.622742,579.860214,579.113181,578.380700,577.667041,576.966704,576.284584,575.618579,574.968349,574.335472,573.718658,573.118565,572.536210,571.970879,571.422298,570.890426,570.375209,569.878434,569.399089,568.937596,568.492673,568.066066,567.657626,567.266837,566.893876,566.539141,566.203498,565.885798,565.586333,565.305869,565.044190,564.801649,564.577828,564.372734,564.186719,564.020052,563.873684,563.745679,563.637549,563.549177,563.480914,563.432580,563.403950,563.395503,563.407356,563.439179,563.492357,563.565931,563.660340,563.775211,563.911649,564.068780,564.247081,564.446795,564.668192,564.911070,565.175730,565.462220,565.770849,566.101068,566.453580,566.828259,567.225674,567.645251,568.087553,568.552914,569.041196,569.552301,570.086894,570.644771,571.225882,571.830422,572.458693,573.110786,573.786894,574.486772,575.211227,575.959752,576.733050,577.531229,578.353683,579.201109,580.073216,580.970919,581.893520,582.841256,583.814780,584.813745,585.838473,586.889222,587.965890,589.068792,590.197962,591.353853,592.536193,593.745399,594.981326,596.244398,597.534818,598.852402,600.197184,601.569626,602.970080,604.398016,605.854071,607.338135,608.850320,610.391095,611.960400,613.558604,615.185490,616.841803,618.526817,620.241265,621.985138,623.758441,625.561546,627.394559,629.257383,631.150526,633.073996,635.027938,637.012444,639.027756,641.073988,643.151488,645.259942,647.399731,649.571167,651.774196,654.009113,656.276017,658.574742,660.905961,663.269545,665.665767,668.094630,670.556449,673.051398,675.579465,678.140720,680.735562,683.364101,686.026408,688.722763,691.453199,694.217938,697.017126,699.850949,702.719431,705.622891,708.561427,711.535187,714.544329,717.588978,720.669479,723.786014,726.938554,730.126916,733.351735,736.613211,739.910971,743.245778,746.617745,750.026584,753.472741,756.956595,760.477867,764.036778,767.633798,771.268941,774.942279,778.654102,782.404450,786.193634,790.021557,793.888585,797.794938,801.740662,805.725817,809.750972,813.815826,817.920602,822.065482,826.250839,830.476768,834.743283,839.050659,843.399102,847.788717,852.219786,856.692208,861.206254,865.762144,870.360043,875.000111,879.682349,884.407164,889.174750,893.985051,898.838234,903.734515,908.674029,913.656849,918.683507,923.753732,928.867843,934.026467,939.228951,944.475973,949.767514,955.103714,960.484764,965.910746,971.382322,976.898914,982.461085,988.068888,993.722621,999.422113,1005.168123,1010.960080,1016.798456,1022.683564,1028.615315,1034.593988,1040.620127,1046.693339,1052.813737,1058.981949,1065.197571,1071.461287,1077.772865,1084.132862,1090.540850,1096.997465,1103.502635,1110.056594,1116.659343,1123.311155,1130.012275,1136.762818,1143.562773,1150.412335,1157.311894,1164.261409,1171.261219,1178.311145,1185.411428,1192.562437,1199.763994,1207.016386,1214.319890,1221.674463,1229.080304,1236.537583,1244.046477,1251.606965,1259.219419,1266.884400,1274.600977,1282.369919,1290.191279,1298.065194,1305.991985,1313.971461,1322.003897
1028.481360,1025.847385,1023.216770,1020.589122,1017.964735,1015.343689,1012.725985,1010.111513,1007.500385,1004.892552,1002.288026,999.686897,997.089253,994.495074,991.904216,989.316930,986.733214,984.153273,981.576584,979.003860,976.434564,973.869102,971.307399,968.749452,966.195336,963.644958,961.098577,958.555943,956.017389,953.482312,950.951506,948.424442,945.901299,943.382342,940.867774,938.357296,935.850767,933.348434,930.850604,928.356938,925.867466,923.382226,920.901425,918.425089,915.952969,913.485477,911.022149,908.563624,906.109562,903.660296,901.215474,898.775326,896.339859,893.909118,891.483330,889.061948,886.645802,884.234612,881.828258,879.308432,877.030180,874.638776,872.252171,869.870923,867.494681,865.123740,862.757886,860.397072,858.041917,855.692048,853.347510,851.008329,848.674586,846.346441,844.023698,841.706543,839.394863,837.088956,834.788953,832.494535,830.205866,827.922725,825.645687,823.374432,821.109198,818.849882,816.596768,814.349593,812.108387,809.873436,807.469995,805.422254,803.205968,800.996262,798.792772,796.595822,794.405204,792.221088,790.043283,787.872310,785.707913,783.338697,781.398979,779.254820,777.117459,774.986726,772.862904,770.746302,768.636634,766.534140,764.438704,762.350639,760.269574,758.195682,756.129003,754.069815,752.018591,749.974478,747.937926,745.908863,743.887260,741.873202,739.867024,737.868663,735.869996,733.917734,731.919976,729.953929,727.995167,726.044240,724.101615,722.167402,720.241441,718.323601,716.414006,714.492175,712.619692,710.738935,708.859906,706.993922,705.123032,703.209493,701.446098,699.614585,697.792362,695.977969,694.173570,692.358226,690.590393,688.767300,687.045332,685.285827,683.526186,681.798036,680.067617,678.347811,676.637602,674.890902,673.245507,671.564920,669.893987,668.246669,666.569338,664.940837,663.310049,661.688986,660.069522,658.478497,656.888766,655.310096,653.741510,652.180141,650.636399,649.107265,647.575314,646.038402,644.558875,643.065172,641.581406,640.116289,638.650721,637.206184,635.771748,634.347899,632.933684,631.531828,630.142462,628.764109,627.397656,626.006158,624.701359,623.368415,622.053324,620.735325,619.452260,618.172600,616.903740,615.647204,614.403415,613.146751,611.953874,610.747869,609.548911,608.377284,607.210963,606.058614,604.919506,603.793285,602.680631,601.580902,600.482574,599.422628,598.363197,597.316624,596.289493,595.273422,594.269352,593.281668,592.309170,591.347559,590.401917,589.469459,588.555017,587.652033,586.763581,585.892272,585.035677,584.195673,583.367266,582.554731,581.758700,580.978112,580.212820,579.463926,578.728986,578.009940,577.307557,576.622449,575.950754,575.297535,574.660222,574.037508,573.433049,572.842766,572.271719,571.718020,571.179432,570.657733,570.153037,569.665145,569.195533,568.743327,568.308041,567.890054,567.490497,567.107814,566.743058,566.396242,566.067961,565.757837,565.465642,565.191736,564.937031,564.700488,564.482947,564.283924,564.103609,563.942253,563.800806,563.678199,563.574628,563.490354,563.426113,563.381702,563.356717,563.351809,563.366697,563.401509,563.456553,563.532701,563.628888,563.745899,563.883483,564.041958,564.221059,564.421382,564.642933,564.885963,565.150484,565.436461,565.744059,566.073469,566.424622,566.797700,567.193077,567.610466,568.050285,568.512839,568.998060,569.505812,570.036472,570.590509,571.167308,571.767205,572.390662,573.037569,573.708209,574.402480,575.120475,575.862809,576.629018,577.420272,578.235404,579.075118,579.939407,580.828677,581.742817,582.681741,583.645752,584.635357,585.650215,586.690716,587.756773,588.848853,589.966842,591.111052,592.281668,593.478688,594.702141,595.952380,597.229287,598.533672,599.864603,601.222790,602.608564,604.021846,605.462632,606.931198,608.427708,609.952062,611.504727,613.085876,614.695596,616.333856,618.001315,619.697234,621.422575,623.176852,624.960517,626.773685,628.616512,630.489104,632.391760,634.324456,636.287434,638.280814,640.304748,642.359324,644.445004,646.561490,648.708934,650.887947,653.098286,655.340346,657.613900,659.919349,662.257008,664.626816,667.028925,669.463575,671.930885,674.431149,676.964152,679.530365,682.129753,684.762726,687.429214,690.129446,692.863564,695.631794,698.434159,701.270965,704.142313,707.048172,709.988970,712.964791,715.975739,719.021957,722.103912,725.221410,728.374812,731.563787,734.788979,738.050588,741.348259,744.682786,748.054065,751.462065,754.907140,758.389720,761.909352,765.466566,769.061547,772.694307,776.365052,780.074048,783.821488,787.607224,791.431594,795.294819,799.197121,803.138542,807.119329,811.139522,815.199286,819.298756,823.438066,827.617682,831.837446,836.097651,840.398445,844.740150,849.122708,853.546295,858.011111,862.517295,867.065076,871.654588,876.286070,880.959364,885.675027,890.433202,895.233881,900.077084,904.963185,909.892217,914.864345,919.880031,924.938998,930.041863,935.188539,940.378969,945.613709,950.892706,956.216098,961.584079,966.996921,972.454737,977.957438,983.505485,989.098900,994.737980,1000.422623,1006.153383,1011.929893,1017.752577,1023.621691,1029.537200,1035.499366,1041.508734,1047.564909,1053.668005,1059.818648,1066.016436,1072.262052,1078.555386,1084.896631,1091.285721,1097.723173,1104.208914,1110.743179,1117.325967,1123.957689,1130.638179,1137.367963,1144.146894,1150.975165,1157.853248,1164.780861,1171.758583,1178.786156,1185.863821,1192.991945,1200.170353,1207.399331,1214.679154,1222.009783,1229.391415,1236.824220,1244.308374,1251.843860,1259.431046,1267.070495,1274.761277,1282.504161,1290.299199,1298.146528,1306.046470,1313.998835,1322.003897
1018.669673,1016.077564,1013.488476,1010.902894,1008.320306,1005.741023,1003.165021,1000.592283,998.022846,995.456741,992.893905,990.334520,987.778405,985.225756,982.676567,980.131030,977.588964,975.050363,972.515284,969.984043,967.456487,964.932421,962.412236,959.895824,957.383080,954.874238,952.369184,949.867954,947.370533,944.876639,942.387224,939.901402,937.419710,934.942280,932.468983,929.999615,927.534200,925.073299,922.616532,920.163902,917.715447,915.271411,912.831545,910.396309,907.965228,905.538630,903.116366,900.698847,898.285644,895.877134,893.473206,891.073814,888.679188,886.289406,883.904080,881.523698,879.148243,876.777703,874.411900,872.050855,869.695089,867.344084,864.998136,862.657293,860.321581,857.990937,855.665259,853.345142,851.030311,848.720702,846.416423,844.117433,841.823984,839.535968,837.253350,834.976130,832.704663,830.438778,828.178759,825.924290,823.675280,821.432244,819.194937,816.963665,814.738150,812.518561,810.305090,808.097503,805.895927,803.700634,801.511327,799.328399,797.151683,794.981335,792.817115,790.659587,788.508251,786.363374,784.224766,782.092948,779.967282,777.848704,775.636087,773.631574,771.532938,769.441252,767.356305,765.278517,763.207534,761.143840,759.087053,757.037541,754.994899,752.959584,750.931460,748.910752,746.897781,744.892015,742.893705,740.902761,738.919106,736.943302,734.967245,733.014617,731.061614,729.117271,727.180485,725.251604,723.330456,721.417030,719.512222,717.615575,715.622675,713.846495,711.974182,710.109923,708.255248,706.408171,704.569651,702.740471,700.919302,699.106874,697.302839,695.508418,693.722429,691.945398,690.177252,688.417212,686.667248,684.926668,683.194219,681.472345,679.711319,677.943420,676.362901,674.678932,673.004576,671.339613,669.678496,668.039438,666.404097,664.778140,663.107176,661.557436,659.961791,658.377315,656.793459,655.235892,653.672083,652.136562,650.603345,649.080403,647.571453,646.067265,644.576769,643.098287,641.628087,640.170548,638.724475,637.282877,635.857974,634.451819,633.047167,631.655658,630.276421,628.908894,627.552406,626.207699,624.874724,623.554112,622.242505,620.948636,619.651175,618.388601,617.129181,615.881065,614.645089,613.421103,612.184033,611.011044,609.824818,608.644455,607.492488,606.344432,605.214714,604.090826,602.982783,601.888588,600.807466,599.742240,598.685713,597.642123,596.617118,595.601125,594.603835,593.616671,592.644128,591.690191,590.743940,589.814288,588.898807,587.998557,587.112020,586.238905,585.381598,584.536723,583.713464,582.898707,582.102831,581.319699,580.551524,579.801860,579.065419,578.344770,577.638876,576.948439,576.276033,575.616192,574.974408,574.348874,573.738401,573.144829,572.567248,572.005348,571.461750,570.934697,570.423984,569.929029,569.450939,568.990904,568.547900,568.122208,567.712798,567.321345,566.947901,566.591295,566.252474,565.931668,565.629075,565.344209,565.077299,564.828890,564.599306,564.387929,564.194751,564.020612,563.864821,563.727997,563.610779,563.512151,563.432502,563.372191,563.331719,563.310620,563.309217,563.327436,563.365167,563.422947,563.501046,563.599580,563.718622,563.857442,564.017335,564.197753,564.398752,564.620870,564.863843,565.128340,565.413972,565.721120,566.049706,566.399709,566.771471,567.164826,567.580529,568.018023,568.477643,568.959934,569.464759,569.991873,570.542133,571.114873,571.710529,572.329277,572.971182,573.636455,574.325174,575.037471,575.773435,576.533477,577.317251,578.125776,578.958066,579.814625,580.695719,581.601584,582.532125,583.487245,584.467666,585.472820,586.503340,587.559306,588.640717,589.747833,590.880759,592.039865,593.224875,594.436356,595.673838,596.938078,598.228819,599.546702,600.891014,602.262395,603.661254,605.087219,606.540651,608.021570,609.530190,611.066552,612.631051,614.223908,615.844887,617.494740,619.172859,620.879499,622.615347,624.379976,626.173785,627.996977,629.849442,631.731608,633.643511,635.585299,637.557156,639.559202,641.591588,643.654584,645.748102,647.872392,650.027410,652.213806,654.431296,656.680268,658.960597,661.272561,663.616402,665.992272,668.400203,670.840476,673.313170,675.818549,678.356474,680.927400,683.531280,686.168455,688.838955,691.542969,694.280640,697.052162,699.857647,702.697267,705.571191,708.479535,711.422537,714.400262,717.412863,720.460537,723.543877,726.662191,729.816333,733.005812,736.231346,739.492881,742.790351,746.124421,749.495000,752.902081,756.346005,759.827120,763.345064,766.900362,770.493183,774.123537,777.791643,781.497801,785.242010,789.024367,792.845096,796.704484,800.602619,804.539630,808.515779,812.531085,816.585709,820.679788,824.813455,828.987176,833.200790,837.454593,841.748735,846.083496,850.458905,854.875105,859.332256,863.830493,868.370089,872.951188,877.573856,882.238324,886.944730,891.693423,896.484383,901.317680,906.193452,911.111978,916.073339,921.077999,926.125672,931.216999,936.351869,941.530230,946.752642,952.019047,957.329684,962.684454,968.083919,973.528097,979.016895,984.550778,990.129765,995.754155,1001.423924,1007.139386,1012.900415,1018.707353,1024.560457,1030.459694,1036.405321,1042.397888,1048.436997,1054.522761,1060.655808,1066.835736,1073.063227,1079.338170,1085.660760,1092.030901,1098.449197,1104.915622,1111.430036,1117.992843,1124.604320,1131.264298,1137.973307,1144.731197,1151.538162,1158.394674,1165.300450,1172.256071,1179.261278,1186.316312,1193.421542,1200.576790,1207.782343,1215.038478,1222.345153,1229.702568,1237.110892,1244.570301,1252.080778,1259.642691,1267.256605,1274.921588,1282.638410,1290.407123,1298.227864,1306.100957,1314.026210,1322.003897
1008.993319,1006.442552,1003.895093,1001.350800,998.809484,996.271507,993.736769,991.205346,988.677157,986.152119,983.630669,981.112361,978.597441,976.086028,973.578203,971.073447,968.572656,966.075155,963.581341,961.091184,958.604658,956.121745,953.642610,951.167039,948.695391,946.227568,943.763224,941.302938,938.846179,936.393581,933.944594,931.499901,929.059309,926.622667,924.189965,921.761209,919.336931,916.916672,914.500570,912.088618,909.680861,907.277400,904.878266,902.483314,900.092977,897.706808,895.325271,892.948177,890.463956,888.207233,885.843766,883.484767,881.130635,878.780968,876.436154,874.096045,871.760823,869.430492,867.104657,864.784008,862.468312,860.157428,857.851511,855.550785,853.254960,850.964321,848.678690,846.398488,844.123542,841.853751,839.589210,837.330139,835.076428,832.828056,830.585138,828.347600,826.115724,823.889641,821.669032,819.453979,817.244474,815.040796,812.843125,810.651124,808.464938,806.284719,804.110424,801.941897,799.779558,797.623352,795.473297,793.329470,791.191813,789.060352,786.935070,784.816436,782.703952,780.597712,778.498050,776.404558,774.317975,772.238035,770.164682,768.167561,766.037820,763.984629,761.919927,759.898674,757.866134,755.840563,753.822163,751.810553,749.806120,747.808835,745.818864,743.836490,741.861206,739.893336,737.932715,735.979345,734.033609,732.095584,730.165116,728.242125,726.327048,724.419796,722.520335,720.628642,718.744498,716.868824,715.001116,713.141495,711.290013,709.446582,707.611300,705.783636,703.966010,702.075752,700.353087,698.561233,696.776794,695.000603,693.233376,691.475384,689.725542,687.984994,686.252067,684.529071,682.815404,681.125972,679.414543,677.727421,676.051763,674.384465,672.726620,671.077507,669.439197,667.809903,666.170309,664.583913,662.977903,661.389945,659.809578,658.238971,656.678523,655.122329,653.578711,652.057248,650.530658,649.028212,647.528541,646.040817,644.562723,643.095780,641.638052,640.191832,638.759216,637.334836,635.921785,634.515133,633.094778,631.749097,630.377652,629.022443,627.648094,626.342202,625.018982,623.707676,622.408230,621.116566,619.844465,618.578487,617.325662,616.057589,614.858926,613.643303,612.437864,611.221517,610.068014,608.901658,607.740547,606.606621,605.477893,604.369321,603.261611,602.172118,601.089269,600.033362,598.980955,597.945428,596.916181,595.910609,594.916068,593.933043,592.962977,592.007856,591.066816,590.139010,589.226441,588.327104,587.445986,586.568206,585.713355,584.869691,584.042086,583.229880,582.431102,581.648870,580.879811,580.123808,579.387694,578.665291,577.957573,577.265679,576.587469,575.925893,575.281008,574.649556,574.036309,573.438589,572.855324,572.289982,571.738851,571.205465,570.689337,570.188499,569.703758,569.236199,568.784706,568.351425,567.934731,567.534953,567.152072,566.786778,566.438942,566.108091,565.794769,565.499824,565.222286,564.962828,564.721034,564.497714,564.292579,564.105965,563.937551,563.787457,563.655923,563.543670,563.450217,563.375284,563.319263,563.282548,563.265455,563.267698,563.289190,563.330282,563.390814,563.471181,563.572235,563.692998,563.833932,563.995084,564.176948,564.378944,564.601624,564.844964,565.109633,565.395104,565.701769,566.029482,566.378833,566.749333,567.141104,567.554885,567.990321,568.447518,568.927082,569.428896,569.952932,570.499190,571.068545,571.660091,572.274348,572.911613,573.571849,574.255200,574.962009,575.691930,576.445734,577.222955,578.024404,578.849908,579.698989,580.572443,581.470053,582.392280,583.338846,584.309908,585.306128,586.326970,587.373016,588.444239,589.540722,590.662846,591.810542,592.984058,594.183482,595.408936,596.660642,597.938442,599.243114,600.574060,601.931555,603.316132,604.727686,606.166208,607.631975,609.125073,610.645600,612.193861,613.769993,615.374246,617.006478,618.667278,620.356069,622.073659,623.819654,625.594436,627.398258,629.231117,631.093184,632.984748,634.905776,636.856491,638.837079,640.847613,642.888289,644.959439,647.060758,649.192683,651.355103,653.548786,655.773298,658.029028,660.315742,662.634183,664.984179,667.365927,669.779525,672.225254,674.703287,677.213606,679.756282,682.331709,684.939997,687.581300,690.255632,692.963309,695.704404,698.479119,701.287621,704.129922,707.006348,709.916993,712.862001,715.841530,718.855701,721.904858,724.989181,728.108638,731.263044,734.453033,737.678658,740.940108,744.237318,747.570936,750.940542,754.346580,757.789342,761.268800,764.784974,768.338259,771.928824,775.556685,779.222134,782.925206,786.666181,790.445055,794.262093,798.117509,802.011353,805.943917,809.915426,813.925682,817.975087,822.063598,826.191584,830.359392,834.566782,838.814110,843.101583,847.429305,851.797554,856.206181,860.655602,865.145889,869.677189,874.249781,878.863702,883.519189,888.216362,892.955576,897.736603,902.559855,907.425323,912.333287,917.283937,922.277408,927.313689,932.393676,937.516488,942.682758,947.892937,953.146537,958.444211,963.785887,969.172026,974.602429,980.077374,985.596963,991.161606,996.771144,1002.425923,1008.126131,1013.871643,1019.662802,1025.499864,1031.382794,1037.311853,1043.287594,1049.309601,1055.378005,1061.493430,1067.655470,1073.864809,1080.121288,1086.425248,1092.776446,1099.175534,1105.622488,1112.117166,1118.659972,1125.251184,1131.890634,1138.578849,1145.315681,1152.101325,1158.936250,1165.820176,1172.753683,1179.736512,1186.768903,1193.851226,1200.983304,1208.165423,1215.397860,1222.680574,1230.013764,1237.397599,1244.832257,1252.317719,1259.854797,1267.442729,1275.081909,1282.772666,1290.515051,1298.309203,1306.155444,1314.053584,1322.003897
999.451460,996.941631,994.435066,991.931606,989.431129,986.934006,984.440129,981.949531,979.461973,976.977754,974.497031,972.019575,969.545546,967.074921,964.607451,962.143580,959.683407,957.226717,954.773534,952.324045,949.878204,947.435889,944.997288,942.562354,940.131123,937.703659,935.279791,932.859707,930.443740,928.031580,925.623280,923.219069,920.818712,918.422347,916.029909,913.641660,911.257711,908.877728,906.501761,904.129938,901.762538,899.399192,897.040130,894.685575,892.335276,889.989222,887.647759,885.310693,882.977782,880.649815,878.326265,876.007299,873.693567,871.383227,869.078343,866.778065,864.482646,862.192002,859.906006,857.625161,855.349032,853.077846,850.811561,848.550388,846.294089,844.042851,841.796963,839.556246,837.320746,835.090304,832.865254,830.645498,828.431029,826.222019,824.018105,821.819974,819.627346,817.440431,815.258918,813.082767,810.727722,808.747820,806.589073,804.436057,802.288667,800.147371,798.011691,795.882206,793.758616,791.641125,789.529735,787.424540,785.105093,783.232469,781.145792,779.065626,776.991397,774.923659,772.862070,770.807196,768.758891,766.717164,764.681924,762.653132,760.612882,758.616191,756.607662,754.606173,752.611520,750.623773,748.643056,746.669243,744.519455,742.789252,740.790656,738.845905,736.908142,734.977664,733.054265,731.138359,729.230128,727.329279,725.436006,723.550189,721.672319,719.802166,717.939565,716.084678,714.237611,712.398782,710.574617,708.744818,706.932252,705.122957,703.323737,701.438024,699.751890,697.976942,696.213094,694.456201,692.707908,690.968396,689.237370,687.514757,685.798478,684.095050,682.399547,680.733082,679.032742,677.364350,675.704060,674.054137,672.407307,670.781126,669.157720,667.545139,665.941419,664.308772,662.762364,661.187765,659.622511,658.076285,656.514025,654.985404,653.459242,651.927163,650.437257,648.941496,647.456223,645.980455,644.516003,643.061130,641.618166,640.213901,638.762412,637.350716,635.947392,634.558966,633.179393,631.813140,630.452480,629.101404,627.770738,626.446805,625.121585,623.831856,622.541873,621.263386,619.994020,618.741549,617.496445,616.263710,615.015688,613.837457,612.641590,611.456013,610.259343,609.125728,607.978317,606.843809,605.721264,604.611297,603.521713,602.432048,601.360787,600.290131,599.260398,598.223670,597.205264,596.197005,595.204955,594.225811,593.261398,592.308559,591.379163,590.444564,589.527075,588.636158,587.751607,586.879337,586.027122,585.184307,584.354905,583.543847,582.745071,581.963677,581.192343,580.437952,579.698162,578.972460,578.264908,577.569764,576.890470,576.225760,575.576461,574.944207,574.324613,573.722214,573.136432,572.565005,572.010057,571.471193,570.947349,570.441557,569.951986,569.478137,569.020206,568.578344,568.154118,567.746780,567.356402,566.982237,566.625260,566.285993,565.963156,565.658029,565.370256,565.100297,564.847795,564.613048,564.396258,564.197887,564.017147,563.854791,563.710744,563.584652,563.477114,563.388737,563.318975,563.267424,563.234756,563.221442,563.227657,563.252676,563.297055,563.360585,563.443729,563.546712,563.669728,563.812861,563.975631,564.158602,564.361923,564.585302,564.829415,565.093998,565.379668,565.685957,566.013379,566.361766,566.731189,567.121909,567.533838,567.967566,568.422665,568.899527,569.398525,569.919699,570.462669,571.028116,571.615932,572.225939,572.858735,573.514223,574.192617,574.893821,575.618398,576.365900,577.137129,577.931584,578.750341,579.592349,580.458158,581.348017,582.262159,583.200486,584.162942,585.150065,586.161555,587.197908,588.259183,589.345398,590.456787,591.593549,592.755922,593.943705,595.157447,596.396675,597.662125,598.953555,600.271665,601.615642,602.986287,604.383635,605.807685,607.258649,608.736610,610.241805,611.774025,613.333933,614.921535,616.536960,618.180284,619.851841,621.551255,623.279243,625.035450,626.820283,628.633941,630.476314,632.347828,634.248514,636.178521,638.138031,640.127161,642.146060,644.194987,646.273884,648.382965,650.522211,652.692227,654.892769,657.124231,659.386424,661.679616,664.004252,666.360224,668.747728,671.166862,673.617898,676.101034,678.616099,681.163547,683.743438,686.355886,689.001112,691.679244,694.390424,697.134874,699.912615,702.723951,705.568980,708.447669,711.360446,714.307389,717.288602,720.304221,723.354603,726.439913,729.560121,732.715043,735.905313,739.131127,742.392108,745.689019,749.021969,752.390667,755.795558,759.237019,762.714766,766.229019,769.780246,773.368459,776.993726,780.656337,784.356327,788.094009,791.869279,795.682560,799.533900,803.423512,807.351584,811.318155,815.323388,819.367384,823.450374,827.572562,831.734322,835.935414,840.176193,844.456866,848.777536,853.138482,857.539600,861.981164,866.463388,870.986371,875.550472,880.155489,884.801896,889.489857,894.219394,898.990597,903.803687,908.658844,913.556105,918.495919,923.478259,928.503150,933.571490,938.682396,943.836500,949.034256,954.275172,959.559904,964.888377,970.261074,975.677733,981.138694,986.644039,992.194177,997.788948,1003.428698,1009.113616,1014.843577,1020.619027,1026.439909,1032.306501,1038.219059,1044.177844,1050.182740,1056.233737,1062.331511,1068.475637,1074.666800,1080.904839,1087.190096,1093.522327,1099.902186,1106.329647,1112.804568,1119.327354,1125.898282,1132.517185,1139.184590,1145.900348,1152.664653,1159.477978,1166.340040,1173.251419,1180.211856,1187.221594,1194.280999,1201.389896,1208.548571,1215.757301,1223.016045,1230.325002,1237.684342,1245.094242,1252.554685,1260.066479,1267.628868,1275.242241,1282.906929,1290.622984,1298.390544,1306.209933,1314.080959,1322.003897
990.042774,987.573356,985.107236,982.644036,980.184189,977.727428,975.273897,972.823676,970.376365,967.932528,965.492188,963.055200,960.621236,958.190905,955.763689,953.340237,950.920316,948.503884,946.090922,943.681640,941.275875,938.873743,936.475247,934.080256,931.689289,929.301719,926.918096,924.537893,922.162105,919.789772,917.421653,915.057275,912.696965,910.340562,907.988015,905.639703,903.295594,900.955328,898.619137,896.287310,893.959486,891.636114,889.316746,887.001878,884.691109,882.384711,880.082843,877.785343,875.492243,873.203744,870.919679,868.640343,866.365316,864.095195,861.829733,859.568841,857.312710,855.061422,852.814812,850.573194,848.336378,846.104265,843.877332,841.655206,839.437931,837.226040,835.019229,832.817558,830.621043,828.429656,826.243554,824.062610,821.887106,819.716846,817.551859,815.392522,813.238649,811.090455,808.947552,806.810107,804.678339,802.552435,800.432186,798.317680,796.208763,794.105745,792.008622,789.917505,787.832140,785.753034,783.679940,781.612903,779.551911,777.497131,775.448623,773.406251,771.370203,769.340384,767.316753,765.299779,763.289313,761.285296,759.287588,757.296812,755.312589,753.334911,751.364161,749.400108,747.443058,745.492678,743.549330,741.612758,739.683737,737.761401,735.846422,733.938579,732.037867,730.144281,728.260275,726.142304,724.507806,722.643781,720.787153,718.938378,717.097210,715.263499,713.437448,711.618982,709.808705,708.006179,706.211571,704.424985,702.645391,700.875607,699.112899,697.357725,695.612631,693.875058,692.145304,690.424969,688.696433,687.008578,685.311716,683.626252,681.947343,680.278038,678.605111,676.964300,675.320421,673.688459,672.063932,670.448810,668.842642,667.244973,665.657678,664.077278,662.516656,660.950716,659.401221,657.860847,656.329831,654.809972,653.297536,651.795677,650.303882,648.821977,647.346275,645.888433,644.436664,642.992673,641.564213,640.144426,638.733962,637.337004,635.945747,634.565148,633.199245,631.841936,630.494382,629.158158,627.830291,626.521401,625.218778,623.952432,622.646871,621.377798,620.120468,618.862370,617.640132,616.413660,615.203158,614.004512,612.816765,611.640899,610.475250,609.297957,608.183788,607.055933,605.940376,604.836691,603.745012,602.673905,601.602809,600.537837,599.496861,598.482425,597.467162,596.465111,595.465514,594.500180,593.538673,592.590028,591.650767,590.732974,589.821021,588.928208,588.044900,587.176102,586.320975,585.482151,584.655876,583.841911,583.043808,582.257260,581.493116,580.734328,579.995775,579.267111,578.556123,577.861306,577.180456,576.514242,575.863337,575.225783,574.604336,574.000004,573.407538,572.833187,572.274733,571.729969,571.202988,570.690180,570.193478,569.715322,569.251126,568.803112,568.372112,567.955883,567.558312,567.176648,566.811898,566.463230,566.132288,565.818108,565.520874,565.240716,564.978292,564.732847,564.505404,564.295291,564.103019,563.928837,563.772573,563.634105,563.513976,563.411765,563.328260,563.263450,563.216764,563.188408,563.178851,563.188803,563.217599,563.265381,563.332129,563.417941,563.523430,563.648749,563.793721,563.958512,564.142957,564.347716,564.572254,564.816983,565.081923,565.367789,565.674019,566.001013,566.348728,566.717494,567.107006,567.517724,567.949416,568.402860,568.877182,569.373629,569.891828,570.431935,570.993629,571.577990,572.184150,572.812614,573.463551,574.137105,574.833156,575.552178,576.294131,577.059071,577.847396,578.659172,579.494619,580.353112,581.235551,582.141703,583.071822,584.026059,585.004247,586.007034,587.033922,588.085437,589.161727,590.262811,591.388934,592.540235,593.716835,594.918791,596.146393,597.399383,598.678374,599.983315,601.314479,602.671449,604.054885,605.464830,606.901371,608.364488,609.854491,611.371287,612.915347,614.486669,616.085627,617.712049,619.366470,621.048462,622.758226,624.496444,626.262657,628.057369,629.880643,631.732441,633.613169,635.522874,637.461688,639.429813,641.427317,643.454398,645.511384,647.597968,649.714587,651.861156,654.038310,656.245829,658.483880,660.752596,663.052124,665.382755,667.744540,670.137610,672.562208,675.018414,677.506486,680.026284,682.578244,685.162349,687.778938,690.428006,693.109756,695.824328,698.571916,701.352626,704.166675,707.014096,709.895135,712.809987,715.758706,718.741460,721.758415,724.810188,727.896076,731.016930,734.172261,737.362698,740.588447,743.849150,747.145596,750.477680,753.845362,757.249018,760.689036,764.164989,767.677396,771.226442,774.812134,778.434678,782.094336,785.791300,789.525419,793.297028,797.106348,800.953597,804.838815,808.762248,812.723934,816.724034,820.762683,824.840012,828.956486,833.111945,837.306680,841.540836,845.814735,850.128317,854.481755,858.875249,863.308935,867.783030,872.297699,876.853098,881.449227,886.086492,890.765084,895.484945,900.246243,905.049173,909.893920,914.780505,919.709475,924.680546,929.694069,934.750639,939.849609,944.991658,950.176766,955.404952,960.676696,965.991922,971.351114,976.754008,982.200944,987.692004,993.227696,998.807564,1004.432310,1010.101842,1015.816216,1021.575818,1027.380592,1033.230815,1039.126809,1045.068633,1051.056376,1057.089956,1063.170052,1069.296478,1075.469198,1081.689041,1087.955328,1094.268544,1100.629151,1107.037097,1113.492241,1119.994988,1126.545546,1133.143951,1139.790528,1146.485196,1153.228148,1160.019857,1166.860040,1173.749279,1180.687312,1187.674448,1194.710859,1201.796565,1208.931786,1216.116801,1223.351567,1230.636283,1237.971121,1245.356257,1252.791673,1260.278181,1267.815020,1275.402583,1283.041199,1290.730922,1298.471888,1306.264423,1314.108334,1322.003897
980.766031,978.336602,975.910497,973.487295,971.067335,968.650578,966.236874,963.826348,961.419238,959.015506,956.614946,954.217712,951.823588,949.432979,947.045864,944.662205,942.282133,939.905532,937.532334,935.162754,932.796792,930.434160,928.075282,925.719959,923.368564,921.020755,918.676523,916.336390,913.999940,911.667349,909.338748,907.013936,904.693130,902.375912,900.063174,897.754332,895.449459,893.148656,890.851773,888.559315,886.271021,883.986814,881.706744,879.431887,877.159425,874.892427,872.629748,870.371487,868.117600,865.868048,863.623250,861.382702,859.146999,856.915894,854.307945,852.467492,850.250210,848.037759,845.830134,843.627390,841.429360,839.236121,837.047835,834.864238,832.686007,830.512794,828.344633,826.181549,824.023587,821.870859,819.723197,817.580801,815.443759,813.120212,811.185343,809.064369,806.948846,804.838852,802.734261,800.634925,798.541553,796.453759,794.371633,792.295019,790.224263,788.159268,786.100208,784.046929,781.999570,779.958381,777.818136,775.893686,773.870577,771.853504,769.842811,767.837931,765.839476,763.846909,761.861086,759.881580,757.908486,755.941686,753.981533,752.027998,750.081053,748.140561,746.207027,744.280164,742.359997,740.446731,738.540319,736.640837,734.748737,732.863001,730.984992,729.113839,727.235325,725.229671,723.543283,721.701036,719.866016,718.038489,716.218350,714.405965,712.600893,710.799932,709.013602,707.231410,705.457074,703.689866,701.932025,700.180386,698.437160,696.703479,694.975792,693.258313,691.547824,689.845907,688.152084,686.466717,684.789687,683.118392,681.460674,679.808333,678.165377,676.530692,674.904222,673.286488,671.680295,670.075753,668.492177,666.910968,665.339998,663.777513,662.223850,660.681849,659.145850,657.621005,656.066270,654.598966,653.102398,651.610115,650.127899,648.670271,647.203495,645.763044,644.325407,642.900342,641.456247,640.071560,638.676056,637.287265,635.910061,634.547165,633.188324,631.842884,630.516175,629.183353,627.867592,626.564202,625.275234,623.993387,622.723141,621.464115,620.216239,618.982175,617.754249,616.540612,615.336469,614.144392,612.965492,611.780084,610.641591,609.497722,608.337582,607.243327,606.134300,605.037565,603.952622,602.876367,601.821377,600.773947,599.726765,598.716599,597.707033,596.704728,595.731624,594.751074,593.794787,592.847793,591.917632,590.999848,590.092630,589.195190,588.319885,587.453694,586.601416,585.762223,584.937288,584.123120,583.330545,582.542113,581.775414,581.019717,580.279062,579.552620,578.839121,578.141861,577.459125,576.790676,576.138837,575.498447,574.873291,574.265641,573.672875,573.092511,572.529133,571.982300,571.449064,570.932538,570.431398,569.945087,569.475923,569.023715,568.586026,568.164176,567.758618,567.369092,566.996984,566.641651,566.301590,565.978633,565.672981,565.383594,565.111422,564.856144,564.618317,564.397821,564.194766,564.008875,563.840994,563.690744,563.558535,563.444126,563.347259,563.268690,563.208722,563.167402,563.143279,563.137985,563.151505,563.184388,563.235556,563.305640,563.394489,563.502687,563.630237,563.777414,563.944117,564.130459,564.336207,564.562195,564.807666,565.073478,565.359335,565.665851,565.992647,566.340056,566.707847,567.096671,567.506121,567.936235,568.387810,568.860315,569.354133,569.869704,570.406772,570.965546,571.546252,572.148820,572.773129,573.419801,574.088653,574.779902,575.493615,576.230250,576.989246,577.771613,578.576573,579.405527,580.257263,581.132194,582.030849,582.953093,583.899224,584.869055,585.862972,586.880770,587.922935,588.989527,590.080683,591.196320,592.337037,593.502639,594.693255,595.909181,597.150413,598.417174,599.709396,601.027814,602.371600,603.741513,605.137617,606.559901,608.008579,609.483730,610.985548,612.513927,614.069460,615.652086,617.262099,618.899320,620.564441,622.256958,623.977165,625.725210,627.501338,629.305701,631.138314,632.999413,634.889252,636.807795,638.755244,640.731834,642.737539,644.772801,646.837442,648.931687,651.055643,653.209365,655.393562,657.607824,659.852397,662.127313,664.433092,666.769627,669.137109,671.535637,673.965488,676.426693,678.919652,681.444011,684.000305,686.588639,689.209166,691.861897,694.547145,697.265023,700.015608,702.799185,705.615725,708.465552,711.348757,714.265482,717.215882,720.200076,723.218407,726.271023,729.357976,732.479050,735.634736,738.825253,742.050733,745.311044,748.606913,751.938061,755.304667,758.706955,762.145378,765.619488,769.129832,772.676575,776.259733,779.879594,783.536194,787.229822,790.960434,794.728295,798.533623,802.376660,806.257378,810.176088,814.132806,818.127693,822.160883,826.232506,830.343027,834.492283,838.680570,842.908182,847.174987,851.481353,855.827379,860.213186,864.638911,869.104822,873.611033,878.157784,882.744912,887.372975,892.042110,896.752312,901.503598,906.296363,911.130566,916.006444,920.924433,925.884279,930.886391,935.931155,941.018086,946.147874,951.320463,956.535992,961.794652,967.096521,972.442292,977.831294,983.264121,988.740972,994.261967,999.826992,1005.436636,1011.090838,1016.789559,1022.533280,1028.321912,1034.155733,1040.035065,1045.960055,1051.930526,1057.946942,1064.009052,1070.117511,1076.272003,1082.473357,1088.720893,1095.015096,1101.356548,1107.744840,1114.180187,1120.662873,1127.193110,1133.770933,1140.396665,1147.070225,1153.791909,1160.561887,1167.380177,1174.247262,1181.162878,1188.127336,1195.140813,1202.203312,1209.315070,1216.476359,1223.687139,1230.947607,1238.257936,1245.618301,1253.028686,1260.489901,1268.001186,1275.562935,1283.175477,1290.838864,1298.553235,1306.318914,1314.135709,1322.003897
971.620118,969.230285,966.843743,964.460045,962.079607,959.702267,957.327988,954.957230,952.589653,950.225171,947.864003,945.506254,943.151640,940.800460,938.452803,936.108555,933.767843,931.430512,929.096671,926.766417,924.439518,922.116001,919.796460,917.480637,915.168297,912.859633,910.554934,908.253594,905.956444,903.663215,901.373679,899.087978,896.805877,894.528130,892.254191,889.984419,887.718551,885.456552,883.198904,880.945348,878.695839,876.450424,874.209160,871.972294,869.739712,867.511471,865.287629,863.067979,860.852716,858.642074,856.435731,854.234033,852.036944,849.844427,847.656507,845.472961,843.294350,841.120414,838.951176,836.786820,834.627182,832.472277,830.322313,828.177175,826.037228,823.902270,821.772302,819.647380,817.527723,815.413056,813.303425,811.199175,809.100082,807.006077,804.917745,802.834733,800.757024,798.684956,796.617933,794.556813,792.501118,790.451064,788.406643,786.367701,784.334387,782.307174,780.285586,778.269940,776.260230,774.256326,772.258526,770.266509,768.280655,766.300870,764.327264,762.359777,760.398172,758.443072,756.494282,754.551844,752.615611,750.685896,748.762707,746.846086,744.742133,743.032336,741.135559,739.261907,737.361804,735.485065,733.615259,731.752719,729.896754,728.047552,726.191380,724.371045,722.543195,720.722686,718.909443,717.103182,715.304376,713.512692,711.728643,709.952153,708.183007,706.421255,704.667174,702.920819,701.182209,699.451479,697.714104,696.012923,694.305728,692.606370,690.915024,689.231317,687.556394,685.889839,684.231282,682.579650,680.938733,679.304798,677.679498,676.049489,674.331021,672.853131,671.261932,669.680450,668.107783,666.599388,664.987979,663.453642,661.864547,660.376988,658.857438,657.348150,655.847535,654.356438,652.864501,651.402116,649.938984,648.470484,647.042014,645.607619,644.183028,642.768106,641.363504,639.900289,638.583834,637.189603,635.800843,634.473167,633.148624,631.808614,630.490359,629.177157,627.874714,626.582600,625.301541,624.029972,622.771297,621.521636,620.283949,619.057053,617.843777,616.636577,615.441914,614.259363,613.087599,611.928612,610.780714,609.644060,608.519917,607.401399,606.304116,605.214165,604.136103,603.069646,602.011875,600.974545,599.946041,598.928016,597.925018,596.933047,595.953400,594.992894,594.031612,593.087835,592.156777,591.245322,590.343280,589.452802,588.576895,587.713006,586.862591,586.026491,585.203710,584.397342,583.594577,582.813449,582.045219,581.289372,580.547671,579.822975,579.107903,578.410429,577.725602,577.054372,576.401320,575.760353,575.134308,574.523501,573.925850,573.344768,572.778941,572.225596,571.689478,571.169378,570.662340,570.173085,569.697539,569.237867,568.795751,568.368430,567.956143,567.561138,567.180022,566.817393,566.470445,566.140123,565.824968,565.527368,565.246647,564.982252,564.734862,564.504242,564.290725,564.094488,563.915617,563.753954,563.610185,563.483559,563.374885,563.283875,563.210601,563.155496,563.118618,563.099872,563.098873,563.116068,563.152498,563.207704,563.281115,563.373143,563.484187,563.614227,563.763581,563.932388,564.120520,564.328006,564.555166,564.801965,565.068458,565.354781,565.661513,565.988322,566.335320,566.702741,567.090706,567.499021,567.928151,568.377779,568.848684,569.340150,569.853187,570.387563,570.943572,571.520706,572.119724,572.740371,573.382902,574.047372,574.734021,575.442799,576.173883,576.927716,577.703815,578.502995,579.324911,580.170391,581.038264,581.929429,582.844251,583.782352,584.744093,585.729366,586.738606,587.771591,588.828682,589.910187,591.015747,592.145950,593.300963,594.480611,595.685187,596.914878,598.169518,599.449606,600.755004,602.086436,603.442996,604.825511,606.234028,607.668642,609.129254,610.616266,612.129692,613.669573,615.236352,616.830122,618.450995,620.099261,621.774563,623.477092,625.207556,626.965495,628.751323,630.565214,632.407076,634.277365,636.175991,638.103218,640.059202,642.044011,644.057838,646.100935,648.173221,650.274902,652.405982,654.567018,656.757977,658.978796,661.229707,663.510879,665.822560,668.164852,670.537878,672.941758,675.376690,677.842939,680.340434,682.869253,685.429827,688.022143,690.646418,693.302780,695.991367,698.712372,701.465897,704.252160,707.071283,709.923234,712.808436,715.726965,718.678924,721.664446,724.683885,727.737406,730.824974,733.946468,737.102332,740.292946,743.517869,746.777862,750.073032,753.403087,756.768468,760.169551,763.606050,767.078237,770.586419,774.130763,777.711285,781.328271,784.981755,788.672049,792.399045,796.162963,799.964413,803.803011,807.679192,811.593175,815.544764,819.534358,823.562008,827.628023,831.732340,835.875320,840.057084,844.277836,848.537679,852.836890,857.175329,861.553375,865.971133,870.428737,874.926466,879.464354,884.042636,888.661339,893.320948,898.021392,902.762739,907.545123,912.368825,917.233922,922.140937,927.089401,932.080136,937.112968,942.187845,947.305324,952.465347,957.668177,962.913637,968.202365,973.534352,978.909504,984.328285,989.790713,995.297085,1000.847299,1006.441906,1012.080541,1017.763605,1023.491411,1029.263869,1035.081256,1040.943895,1046.852058,1052.805191,1058.804142,1064.848510,1070.938976,1077.075243,1083.258065,1089.486817,1095.761984,1102.084140,1108.452875,1114.868403,1121.331011,1127.840908,1134.398129,1141.002999,1147.655436,1154.355736,1161.104068,1167.900452,1174.745368,1181.638556,1188.580323,1195.570849,1202.610136,1209.698528,1216.835976,1224.022761,1231.258974,1238.544786,1245.880375,1253.265722,1260.701639,1268.187367,1275.723298,1283.309761,1290.946811,1298.634584,1306.373406,1314.163085,1322.003897
962.603957,960.253220,957.905807,955.561103,953.219765,950.881564,948.546551,946.214619,943.886096,941.560629,939.238645,936.919785,934.604237,932.292134,929.983456,927.678057,925.376303,923.077956,920.782741,918.491375,916.203229,913.918827,911.637941,909.360991,907.087420,904.817729,902.551601,900.289100,898.030707,895.776178,893.525287,891.278247,889.034835,886.795624,884.560502,882.328960,880.101714,877.878499,875.659342,873.444128,871.233046,869.026017,866.823316,864.625011,862.430834,860.240934,858.055428,855.874010,853.697121,851.524744,849.356572,847.193159,845.034259,842.879899,840.729925,838.584693,836.444249,834.308200,832.177088,830.050738,827.929077,825.812124,823.699848,821.592839,819.490756,817.393634,815.301418,813.214365,811.132415,809.055345,806.983519,804.916833,802.855394,800.799102,798.748288,796.702784,794.662541,792.627950,790.598422,788.341041,786.556311,784.543583,782.536453,780.534531,778.538679,776.489681,774.564220,772.585584,770.613048,768.646183,766.685222,764.730333,762.781404,760.838336,758.901753,756.970749,755.046220,753.127873,751.215720,749.284671,747.410226,745.517125,743.630512,741.750348,739.876775,738.009485,736.149086,734.294946,732.292080,730.607453,728.773790,726.947230,724.943165,723.314438,721.508636,719.709519,717.917833,716.133220,714.355972,712.585180,710.821990,709.065996,707.317638,705.576604,703.842859,702.120052,700.397264,698.686985,696.965586,695.288064,693.600248,691.918633,690.247694,688.583428,686.926774,685.278576,683.638601,682.006479,680.382605,678.767358,677.159139,675.508337,673.968522,672.385604,670.809909,669.164536,667.683734,666.142658,664.603936,663.073112,661.552667,660.046654,658.540816,657.042299,655.557535,654.081438,652.606893,651.158084,649.708538,648.269267,646.839596,645.419836,644.004893,642.608208,641.215830,639.831846,638.463224,637.101181,635.748454,634.405617,633.076381,631.754699,630.443187,629.136872,627.850803,626.570179,625.300300,624.040047,622.789247,621.552441,620.324427,619.106982,617.901506,616.708461,615.521483,614.347343,613.172921,612.033121,610.894500,609.765691,608.648685,607.541537,606.444584,605.366396,604.295470,603.228137,602.188394,601.148663,600.130073,599.119483,598.119603,597.134151,596.159847,595.197578,594.247244,593.310226,592.383432,591.469678,590.572773,589.688546,588.814704,587.954890,587.106576,586.271992,585.450863,584.642405,583.847362,583.066615,582.298457,581.542242,580.804050,580.075268,579.364608,578.662590,577.979950,577.306663,576.649799,576.010131,575.383148,574.769847,574.170415,573.585124,573.016951,572.462632,571.921614,571.396429,570.887692,570.392316,569.913157,569.449275,568.999490,568.566852,568.150998,567.748756,567.362315,566.992494,566.637217,566.299731,565.978310,565.672147,565.382580,565.110028,564.853485,564.613854,564.390642,564.184533,563.994954,563.823129,563.667940,563.530112,563.409592,563.307146,563.221530,563.154033,563.103667,563.071632,563.057888,563.061286,563.082880,563.122772,563.181849,563.258799,563.354378,563.468130,563.600870,563.752591,563.923437,564.113663,564.322939,564.551371,564.799610,565.067037,565.354052,565.660918,565.987814,566.334887,566.701927,567.089132,567.496730,567.924773,568.373040,568.842025,569.331903,569.842416,570.374305,570.927322,571.501516,572.097186,572.714339,573.352829,574.013210,574.695317,575.399358,576.125325,576.873860,577.644495,578.437682,579.253219,580.092091,580.953542,581.837613,582.744961,583.675399,584.629254,585.606335,586.607101,587.631297,588.679190,589.751125,590.847028,591.967061,593.111718,594.280637,595.474149,596.692380,597.935693,599.203768,600.496909,601.815383,603.159409,604.528711,605.923601,607.344306,608.790905,610.263409,611.762006,613.286740,614.838085,616.415955,618.020684,619.652182,621.310954,622.996627,624.709346,626.449591,628.217265,630.012697,631.835747,633.686800,635.566025,637.473362,639.409109,641.373411,643.366333,645.388230,647.438949,649.518658,651.627632,653.765755,655.933745,658.131319,660.358595,662.615755,664.902989,667.220514,669.568402,671.946781,674.355894,676.795817,679.266839,681.768716,684.301982,686.866588,689.462904,692.090811,694.750623,697.442439,700.166451,702.922816,705.711590,708.533071,711.387153,714.274263,717.194439,720.147814,723.134698,726.155266,729.209253,732.297362,735.419159,738.575096,741.765553,744.990088,748.249555,751.543780,754.872745,758.236822,761.636398,765.071043,768.541170,772.047223,775.588997,779.166787,782.780805,786.431230,790.117931,793.841243,797.601441,801.398569,805.232838,809.104435,813.013397,816.959883,820.943992,824.965955,829.025972,833.124417,837.261046,841.436213,845.650124,849.902878,854.194754,858.525598,862.895825,867.305505,871.754782,876.244014,880.772997,885.342204,889.951674,894.601760,899.292291,904.023499,908.795603,913.608672,918.462934,923.358861,928.295928,933.275326,938.296109,943.358883,948.464004,953.611416,958.801353,964.033716,969.309160,974.627418,979.988769,985.393314,990.841339,996.333051,1001.868346,1007.447779,1013.070980,1018.738372,1024.450211,1030.206461,1036.007382,1041.853520,1047.744478,1053.680369,1059.661820,1065.688427,1071.760874,1077.878861,1084.043145,1090.253098,1096.509421,1102.812044,1109.161201,1115.556891,1121.999400,1128.488938,1135.025471,1141.609531,1148.240829,1154.919728,1161.646400,1168.420961,1175.243598,1182.114377,1189.033410,1196.000974,1203.017038,1210.081946,1217.195652,1224.358433,1231.570383,1238.831672,1246.142478,1253.502782,1260.913396,1268.373562,1275.883670,1283.444053,1291.054762,1298.715936,1306.427899,1314.190461,1322.003897
953.716375,951.404228,949.095408,946.789542,944.487015,942.187393,939.890929,937.597677,935.307714,933.020990,930.737574,928.457213,926.180404,923.906846,921.636657,919.369846,917.106454,914.846440,912.468574,910.336611,908.087096,905.705730,903.598857,901.360323,899.125025,896.893595,894.665619,892.441706,890.221672,888.005315,885.792666,883.583546,881.378756,879.177656,876.980658,874.787417,872.598318,870.413212,868.232112,866.054906,863.881887,861.712889,859.548327,857.387931,855.231700,853.079831,850.932160,848.788585,846.649662,844.514887,842.384814,840.259196,838.138058,836.021364,833.909125,831.801646,829.698668,827.600477,825.506906,823.418218,821.333999,819.254324,817.179930,815.110398,813.045763,810.986023,808.931274,806.881618,804.836818,802.797106,800.762512,798.733097,796.708855,794.689835,792.676148,790.667677,788.664754,786.666768,784.674531,782.687707,780.706370,778.730557,776.760051,774.795197,772.836277,770.882853,768.935258,766.993377,765.057460,763.127135,761.202862,759.284531,757.371951,755.445576,753.565074,751.670784,749.782679,747.875235,746.024718,744.154897,741.989975,740.434737,738.584279,736.740164,734.902654,733.085932,731.246734,729.428567,727.619850,725.559851,723.999975,722.224204,720.439749,718.662813,716.862613,715.129012,713.259389,711.593894,709.881358,708.146214,706.418223,704.705772,702.984437,701.278552,699.580008,697.889016,696.205144,694.527841,692.860493,691.200047,689.546789,687.901496,686.263449,684.634066,683.012486,681.398766,679.792883,678.195326,676.605794,675.024097,673.437955,671.885229,670.328110,668.777959,667.239551,665.708701,664.186331,662.672134,661.161614,659.670624,658.181586,656.705327,655.235072,653.774614,652.322528,650.874931,649.446480,648.016177,646.606428,645.200528,643.795308,642.415972,641.039266,639.670151,638.312016,636.962672,635.657266,634.294538,632.977967,631.666412,630.339672,629.077592,627.803848,626.531963,625.270317,624.017740,622.782640,621.554671,620.364856,619.130269,617.933599,616.748591,615.575448,614.409725,613.244481,612.113401,610.955829,609.862835,608.753391,607.652957,606.568244,605.495667,604.430678,603.378965,602.329947,601.309456,600.288980,599.286873,598.294603,597.312373,596.344852,595.387816,594.441322,593.495842,592.590068,591.680078,590.786491,589.904692,589.033807,588.175793,587.333196,586.500872,585.674305,584.875540,584.082772,583.301902,582.537166,581.784490,581.044256,580.315715,579.605740,578.905855,578.221134,577.549834,576.891914,576.249020,575.620486,575.005703,574.405302,573.819129,573.246943,572.688823,572.147100,571.620083,571.104556,570.605865,570.123518,569.653589,569.201158,568.762650,568.339513,567.932811,567.541438,567.164768,566.804207,566.458445,566.129451,565.816644,565.519988,565.238213,564.973631,564.725466,564.493364,564.277981,564.078942,563.896575,563.731387,563.583034,563.451443,563.337160,563.240300,563.160843,563.098588,563.053464,563.026213,563.017267,563.025803,563.051451,563.095303,563.157749,563.238797,563.337601,563.454645,563.590211,563.744572,563.917579,564.109847,564.321096,564.551134,564.800367,565.069157,565.357058,565.664450,565.991655,566.338694,566.705563,567.092419,567.499102,567.926268,568.373677,568.840786,569.328910,569.837449,570.366822,570.917167,571.488499,572.081044,572.694774,573.329680,573.986021,574.663925,575.363446,576.084762,576.827955,577.593389,578.380590,579.190528,580.022764,580.877882,581.755163,582.655192,583.578434,584.524318,585.493668,586.485939,587.501707,588.540717,589.603413,590.689999,591.800320,592.934531,594.093309,595.276005,596.483256,597.715131,598.971456,600.252745,601.558821,602.890458,604.246733,605.628444,607.035652,608.468450,609.926736,611.410912,612.921046,614.456986,616.019402,617.608270,619.223721,620.865733,622.534863,624.230570,625.953342,627.703219,629.480456,631.285179,633.117419,634.977506,636.865427,638.781329,640.725442,642.697913,644.698760,646.728409,648.786689,650.873787,652.989842,655.134896,657.309766,659.513784,661.747293,664.010445,666.303679,668.626886,670.980255,673.363882,675.778034,678.222760,680.698438,683.204719,685.742173,688.310785,690.910824,693.542269,696.205400,698.900359,701.627210,704.386235,707.177404,710.001038,712.857209,715.746107,718.667833,721.622522,724.610516,727.631957,730.686899,733.775121,736.897114,740.053012,743.243203,746.467265,749.726050,753.019255,756.347076,759.709668,763.107631,766.540373,770.008486,773.512133,777.051329,780.626348,784.237186,787.884314,791.567480,795.287018,799.043146,802.836081,806.665860,810.532727,814.436717,818.377991,822.356679,826.372911,830.427147,834.519250,838.649455,842.817952,847.024975,851.270677,855.555013,859.878253,864.240534,868.642068,873.082953,877.563544,882.083638,886.643707,891.243914,895.884277,900.564886,905.285958,910.047675,914.850069,919.693587,924.578202,929.503939,934.471691,939.480575,944.531222,949.624083,954.758667,959.935691,965.154887,970.416909,975.721491,981.068910,986.459268,991.892972,997.369862,1002.890283,1008.454423,1014.062155,1019.713822,1025.409678,1031.149688,1036.934112,1042.763495,1048.637440,1054.556060,1060.519982,1066.528802,1072.583202,1078.682952,1084.828606,1091.019736,1097.256979,1103.540261,1109.869819,1116.245650,1122.668041,1129.137201,1135.653097,1142.216261,1148.826402,1155.483886,1162.188883,1168.941509,1175.741951,1182.590276,1189.486595,1196.431185,1203.424017,1210.465433,1217.555413,1224.694156,1231.881835,1239.118594,1246.404610,1253.739865,1261.125172,1268.559771,1276.044054,1283.578351,1291.162717,1298.797290,1306.482393,1314.217837,1322.003897
944.956198,942.682400,940.411943,938.144419,935.879775,933.618368,931.360262,929.105382,926.853593,924.605093,922.359750,920.117667,917.878837,915.643480,913.411359,911.182501,908.957189,906.735136,904.516677,902.301486,900.090143,897.882230,895.677905,893.476997,891.279950,889.086209,886.896483,884.710358,882.528167,880.349671,878.174609,876.003770,873.836505,871.673407,869.514035,867.358583,865.207191,863.059669,860.916085,858.776720,856.641365,854.510098,852.383167,850.260206,848.141611,846.027263,843.916962,841.810994,839.709246,837.612178,835.519508,833.431261,831.347488,829.268051,827.193189,825.122935,823.057231,820.996230,818.939933,816.888301,814.841023,812.798797,810.761495,808.729027,806.701397,804.678633,802.660964,800.648148,798.640343,796.637522,794.639730,792.647206,790.419007,788.677514,786.700488,784.728777,782.762422,780.692173,778.845583,776.895335,774.950541,773.011151,771.077132,769.148799,767.226174,765.309234,763.398026,761.492396,759.592610,757.698649,755.810658,753.928222,752.051928,750.181505,748.317163,746.458894,744.606658,742.760470,740.912906,739.086629,737.259186,735.438078,733.623260,731.814871,730.012715,728.217186,726.427935,724.645505,722.854499,721.100601,719.338278,717.582713,715.833914,714.091822,712.357376,710.628687,708.907551,707.193307,705.485900,703.785859,702.092908,700.407128,698.728748,697.056786,695.393755,693.721446,692.088207,690.446723,688.811653,687.186508,685.567852,683.956384,682.352982,680.758260,679.169479,677.590999,676.019947,674.455580,672.900328,671.352067,669.812104,668.229983,666.756975,665.236487,663.737077,662.239883,660.750447,659.270785,657.799056,656.336462,654.881509,653.436539,651.999797,650.572124,649.153166,647.743616,646.342486,644.944310,643.568697,642.195255,640.831316,639.476402,638.133982,636.795445,635.468692,634.154982,632.845582,631.548113,630.263599,628.982632,627.717084,626.459457,625.211994,623.974832,622.744242,621.504646,620.322933,619.126347,617.940310,616.764084,615.599482,614.445076,613.301318,612.168017,611.045082,609.932932,608.833759,607.756284,606.665875,605.597205,604.543671,603.497678,602.464640,601.434429,600.432222,599.429804,598.445740,597.471388,596.508335,595.545714,594.617553,593.688423,592.759494,591.872848,590.977671,590.100606,589.235253,588.381616,587.537353,586.724599,585.895827,585.094331,584.301714,583.523304,582.760216,582.008426,581.270138,580.545883,579.834042,579.134930,578.449084,577.780029,577.119828,576.476550,575.846407,575.230582,574.628448,574.040737,573.467157,572.907699,572.362190,571.830226,571.315408,570.812252,570.324925,569.853379,569.395337,568.952983,568.524935,568.111966,567.714907,567.334576,566.967618,566.616099,566.280665,565.959359,565.655880,565.367873,565.095107,564.838257,564.597865,564.374144,564.166136,563.974445,563.799471,563.640707,563.499361,563.374192,563.266003,563.175215,563.101551,563.044623,563.005276,562.983160,562.978642,562.991779,563.022284,563.070447,563.136332,563.221055,563.323503,563.443852,563.582292,563.739256,563.915007,564.109106,564.322392,564.554251,564.805038,565.075143,565.363991,565.672155,565.999677,566.346798,566.713755,567.100176,567.506398,567.932667,568.378950,568.845001,569.331267,569.838047,570.365356,570.913135,571.481834,572.071502,572.681906,573.313169,573.965922,574.639841,575.335065,576.051733,576.789920,577.550168,578.332279,579.136077,579.962340,580.810940,581.682010,582.575136,583.491091,584.429672,585.391066,586.375557,587.383013,588.413507,589.467160,590.544536,591.645225,592.769641,593.918202,595.090538,596.286996,597.507682,598.752962,600.022356,601.316601,602.635529,603.979631,605.348433,606.742268,608.161465,609.606121,611.076115,612.571694,614.093069,615.640206,617.213516,618.813174,620.439095,622.091760,623.770790,625.476363,627.208940,628.968394,630.755107,632.568959,634.410145,636.279080,638.175500,640.099835,642.052183,644.032610,646.041465,648.078519,650.144167,652.238454,654.361365,656.513497,658.694797,660.905141,663.144808,665.414010,667.712954,670.041664,672.400361,674.789128,677.208132,679.657725,682.137743,684.648291,687.189784,689.762252,692.365914,695.000756,697.667088,700.365036,703.094625,705.856187,708.649804,711.475401,714.333447,717.223997,720.147154,723.103046,726.092027,729.114259,732.169705,735.258242,738.380310,741.536144,744.725866,747.949406,751.207409,754.499448,757.825973,761.187177,764.583256,768.014014,771.479909,774.981107,778.517619,782.089732,785.697477,789.341144,793.020684,796.736361,800.488432,804.276985,808.102192,811.964245,815.863182,819.799162,823.772316,827.782949,831.830998,835.916821,840.040538,844.202444,848.402402,852.640778,856.917661,861.233198,865.587495,869.980829,874.413311,878.885181,883.396273,887.947142,892.537927,897.168619,901.839233,906.550148,911.301391,916.093086,920.925661,925.799082,930.713446,935.669429,940.666385,945.704989,950.785221,955.907099,961.071100,966.277149,971.525727,976.816569,982.150014,987.526143,992.945365,998.407518,1003.912945,1009.461837,1015.054065,1020.690076,1026.369812,1032.093549,1037.861444,1043.674048,1049.530944,1055.432264,1061.378628,1067.369633,1073.405962,1079.487502,1085.614447,1091.786732,1098.004870,1104.268791,1110.578727,1116.934679,1123.336932,1129.785697,1136.280971,1142.823188,1149.412157,1156.048209,1162.731516,1169.462346,1176.240428,1183.066286,1189.939879,1196.861485,1203.831073,1210.848987,1217.915206,1225.029929,1232.193329,1239.405551,1246.666771,1253.976972,1261.336966,1268.745994,1276.204447,1283.712657,1291.270678,1298.878647,1306.536889,1314.245213,1322.003897
936.322518,934.086768,931.853962,929.624250,927.397412,925.173984,922.953696,920.736543,918.522628,916.311907,914.104215,911.899895,909.698854,907.500931,905.306507,903.115287,900.927649,898.743248,896.564735,894.385090,892.211316,890.040826,887.873991,885.710803,883.551008,881.395015,879.242781,877.094177,874.949355,872.808183,870.670614,868.537189,866.407567,864.281626,862.159582,860.041419,857.927302,855.817054,853.710894,851.608695,849.510632,847.416608,845.326784,843.241046,841.159581,839.082118,837.009129,834.939984,832.875518,830.815466,828.759780,826.708508,824.661522,822.619162,820.581181,818.547615,816.518876,814.494767,812.475143,810.460303,808.449857,806.444343,804.443725,802.447883,800.456848,798.470824,796.489651,794.513379,792.542039,790.575664,788.614417,786.658258,784.707199,782.761309,780.820667,778.825735,776.955300,775.030264,773.110807,771.196733,769.287991,767.384551,765.486722,763.594462,761.707949,759.827025,757.951605,756.081881,754.218054,752.359922,750.507686,748.661046,746.820475,744.985573,743.157038,741.334370,739.517658,737.706838,735.902370,734.067340,732.312062,730.526298,728.746888,726.973758,725.206788,723.446440,721.677008,719.945136,718.204316,716.439640,714.743198,713.022386,711.308350,709.601341,707.901097,706.207817,704.521302,702.841581,701.234883,699.503341,697.844960,696.193817,694.549783,692.897908,691.283528,689.660995,688.089262,686.439289,684.839560,683.247341,681.662343,680.085649,678.516349,676.952608,675.401035,673.855078,672.317028,670.787248,669.264657,667.699697,666.242436,664.742869,663.256174,661.775540,660.303210,658.831989,657.383324,655.936300,654.497661,653.067260,651.646273,650.233616,648.829441,647.436023,646.038989,644.671332,643.303066,641.944040,640.589342,639.252943,637.921132,636.526140,635.285749,634.016067,632.686986,631.400602,630.125159,628.866330,627.602370,626.362106,625.125276,623.899784,622.682004,621.472342,620.281198,619.095694,617.919710,616.753743,615.599126,614.454192,613.319101,612.196922,611.079722,609.980913,608.855130,607.806320,606.737735,605.678810,604.629343,603.594746,602.567159,601.553051,600.549344,599.557628,598.575476,597.607137,596.650352,595.688458,594.759867,593.849679,592.939767,592.043600,591.153736,590.277784,589.416784,588.565571,587.730033,586.901571,586.091757,585.292278,584.504686,583.729279,582.967336,582.218893,581.485840,580.757252,580.046288,579.347195,578.666624,577.993738,577.336875,576.689703,576.061150,575.442561,574.838714,574.252382,573.677197,573.117523,572.568389,572.035785,571.515993,571.012294,570.522744,570.045417,569.583792,569.138161,568.705173,568.288703,567.886456,567.498926,567.127004,566.771231,566.428969,566.102926,565.791533,565.496069,565.216368,564.952789,564.703974,564.471763,564.255806,564.055462,563.871362,563.703218,563.551720,563.416736,563.298522,563.196635,563.111514,563.043769,562.992885,562.958764,562.941731,562.942010,562.960006,562.995536,563.047660,563.117686,563.205678,563.312013,563.435770,563.577381,563.737181,563.915307,564.111792,564.327109,564.561076,564.813488,565.084483,565.374777,565.683918,566.011880,566.359412,566.726367,567.112655,567.518606,567.944029,568.389491,568.854743,569.339356,569.844590,570.369794,570.915276,571.481426,572.068185,572.675644,573.303772,573.952898,574.622919,575.314067,576.026384,576.760034,577.515086,578.291976,579.090305,579.910837,580.753221,581.617812,582.504566,583.413365,584.344970,585.298735,586.275410,587.274739,588.296998,589.342219,590.410389,591.502043,592.616936,593.755334,594.917727,596.103638,597.313612,598.547700,599.805879,601.088385,602.395208,603.727019,605.083326,606.464216,607.870228,609.301274,610.757464,612.238906,613.745787,615.278081,616.836307,618.420356,620.030617,621.666940,623.329667,625.018691,626.734046,628.476209,630.245090,632.040990,633.863791,635.713907,637.591383,639.496285,641.428861,643.389257,645.377490,647.393983,649.438564,651.511360,653.612680,655.742394,657.901259,660.088864,662.305452,664.551156,666.826166,669.130697,671.464817,673.828652,676.222460,678.646263,681.100399,683.584603,686.099390,688.644762,691.221032,693.828098,696.466269,699.135644,701.836413,704.568729,707.332645,710.128459,712.956061,715.815877,718.707940,721.632382,724.589513,727.579503,730.602085,733.657961,736.746757,739.868736,743.024460,746.213426,749.436484,752.693459,755.984335,759.309467,762.669203,766.063263,769.491953,772.955534,776.454186,779.987920,783.557022,787.161669,790.801729,794.477535,798.189155,801.937198,805.721278,809.541826,813.399092,817.292783,821.223389,825.190930,829.195710,833.237664,837.317154,841.434295,845.589293,849.782246,854.013429,858.282702,862.590441,866.936685,871.321759,875.745748,880.208834,884.710948,889.252505,893.833782,898.454718,903.115412,907.816010,912.556737,917.337684,922.159406,927.021446,931.924394,936.868573,941.853496,946.879852,951.947583,957.056709,962.207707,967.400500,972.635600,977.912649,983.232079,988.593940,993.998739,999.446017,1004.936475,1010.470021,1016.046710,1021.666925,1027.330611,1033.038044,1038.789476,1044.585165,1050.425008,1056.308979,1062.237759,1068.210922,1074.229151,1080.292336,1086.400669,1092.554084,1098.753096,1104.997767,1111.287927,1117.623979,1124.006064,1130.434425,1136.909178,1143.430312,1149.998022,1156.612698,1163.274300,1169.983167,1176.739027,1183.542406,1190.393262,1197.291890,1204.238207,1211.232608,1218.275057,1225.365753,1232.504866,1239.692544,1246.928961,1254.214102,1261.548779,1268.932231,1276.364851,1283.846970,1291.378642,1298.960006,1306.591385,1314.272590,1322.003897
927.814290,925.615867,923.420540,921.228068,918.896000,916.852865,914.669994,912.490260,910.313700,908.140155,905.969992,903.802852,901.638962,899.478301,897.321082,895.167243,893.016828,890.869824,888.726238,886.586090,884.449408,882.315961,880.186484,878.060491,875.937709,873.818861,871.703588,869.592232,867.484254,865.380124,863.279842,861.183368,859.090526,857.001515,854.916411,852.835168,850.757926,848.684649,846.615306,844.549969,842.488658,840.431544,838.378370,836.329471,834.284645,832.243968,830.207529,828.175097,826.147333,824.123888,822.104786,820.089990,818.079627,816.073779,814.072196,812.075111,810.082883,808.095160,806.111943,804.133153,802.159234,800.190150,798.225781,796.266158,794.311451,792.361585,790.416509,788.476449,786.541087,784.610871,782.574455,780.765468,778.850459,776.940583,775.035770,773.225152,771.242090,769.353110,767.469459,765.591158,763.718016,761.850431,759.988180,758.131657,756.280808,754.435408,752.574564,750.761309,748.932951,747.110183,745.293247,743.482151,741.676560,739.897433,738.083999,736.296496,734.514766,732.739234,730.969874,729.206707,727.449675,725.433356,723.954483,722.216198,720.468564,718.758348,717.039273,715.326733,713.620765,711.921436,710.228711,708.542713,706.863194,705.190558,703.524774,701.865642,700.213437,698.568259,696.929859,695.298433,693.673433,692.038979,690.446236,688.844323,687.248474,685.659101,684.079628,682.506191,680.939616,679.295399,677.830567,676.287220,674.751736,673.223656,671.702964,670.177677,668.685699,667.188751,665.699400,664.214426,662.738701,661.280476,659.844665,658.332218,656.937090,655.505718,654.083023,652.668587,651.262229,649.865224,648.476347,647.085218,645.724824,644.362025,642.998495,641.662966,640.318071,638.999032,637.682046,636.346842,635.070108,633.782783,632.500834,631.229077,629.964700,628.714086,627.470650,626.231748,624.969935,623.798386,622.593576,621.393201,620.210729,619.038890,617.860168,616.717952,615.572726,614.438543,613.313791,612.198680,611.096443,610.000969,608.920171,607.847606,606.784530,605.740927,604.694530,603.664898,602.647829,601.640134,600.644277,599.661283,598.685557,597.721689,596.771012,595.832161,594.887572,593.976662,593.083381,592.190473,591.311949,590.438422,589.577502,588.734902,587.899736,587.080158,586.272716,585.474236,584.686379,583.921393,583.158054,582.412777,581.676238,580.951691,580.246288,579.549367,578.866276,578.195013,577.536168,576.895933,576.263537,575.647103,575.042582,574.453398,573.875774,573.315385,572.766259,572.231231,571.710561,571.202881,570.709105,570.231488,569.765763,569.316027,568.880100,568.458902,568.052409,567.660637,567.283027,566.921290,566.575896,566.243280,565.926104,565.624586,565.336621,565.066491,564.811524,564.571312,564.346742,564.138271,563.946084,563.769483,563.608864,563.464317,563.335925,563.224230,563.129042,563.049971,562.987925,562.942886,562.914194,562.902682,562.907750,562.930631,562.970575,563.027492,563.101636,563.193198,563.303049,563.430579,563.575417,563.738103,563.919043,564.118092,564.335256,564.571193,564.825377,565.098087,565.389483,565.699775,566.028658,566.376466,566.743534,567.129980,567.535635,567.960672,568.405086,568.869473,569.353007,569.856479,570.379983,570.923516,571.487309,572.071398,572.675972,573.301257,573.946705,574.613248,575.300530,576.008554,576.737847,577.488187,578.259997,579.053302,579.867858,580.704629,581.562909,582.443421,583.345509,584.269958,585.216652,586.185529,587.177326,588.191492,589.228181,590.287648,591.370376,592.475956,593.604728,594.757236,595.933105,597.132422,598.355604,599.602901,600.873826,602.169115,603.488608,604.832815,606.201213,607.594152,609.012040,610.454733,611.922348,613.415026,614.933122,616.476283,618.045226,619.639990,621.260509,622.906954,624.579858,626.278417,628.003622,629.755122,631.533315,633.338149,635.169791,637.028600,638.914517,640.827686,642.768332,644.736603,646.732514,648.756511,650.808349,652.888285,654.996428,657.132821,659.298301,661.492107,663.714729,665.966242,668.246988,670.556942,672.896324,675.265192,677.663813,680.092233,682.550824,685.039237,687.558024,690.107215,692.687027,695.297455,697.938775,700.611126,703.314572,706.049392,708.815595,711.613370,714.442918,717.304384,720.197862,723.123496,726.081606,729.072350,732.095465,735.151650,738.240533,741.362374,744.517737,747.706115,750.928361,754.184297,757.473905,760.797523,764.155612,767.547668,770.974245,774.435425,777.931368,781.462340,785.028219,788.629531,792.266021,795.938023,799.645809,803.389423,807.169072,810.984939,814.837039,818.725595,822.650669,826.612414,830.611199,834.647143,838.720225,842.830716,846.978851,851.164645,855.388456,859.650101,863.949993,868.288201,872.664867,877.080267,881.534434,886.027600,890.559791,895.131489,899.742621,904.393254,909.083569,913.813696,918.583859,923.394530,928.245239,933.136804,938.069051,943.041926,948.055985,953.111169,958.207736,963.345512,968.524965,973.746582,979.009773,984.315105,989.662772,995.052895,1000.485358,1005.960749,1011.478973,1017.040087,1022.644474,1028.292076,1033.983170,1039.718010,1045.496857,1051.319593,1057.186206,1063.097372,1069.052666,1075.052771,1081.097526,1087.187272,1093.321764,1099.501655,1105.726920,1111.997417,1118.313549,1124.675594,1131.083384,1137.537447,1144.037633,1150.584138,1157.177351,1163.817234,1170.504124,1177.237750,1184.018637,1190.846744,1197.722266,1204.645418,1211.616298,1218.634967,1225.701626,1232.816446,1239.979572,1247.191181,1254.451256,1261.760610,1269.118482,1276.525265,1283.981291,1291.486612,1299.041368,1306.645883,1314.299967,1322.003897
919.430229,917.268868,915.110583,912.955205,910.803103,908.654082,906.508179,904.365341,902.225623,900.089149,897.955678,895.825445,893.698348,891.574830,889.454312,887.337461,885.223912,883.113736,881.006828,878.903555,876.803676,874.261114,872.614207,870.524635,868.438792,866.356685,864.278199,862.203311,860.131987,858.064732,856.001023,853.940922,851.884547,849.832183,847.783640,845.739004,843.698261,841.661432,839.628451,837.599621,835.574734,833.553891,831.537166,829.524527,827.515974,825.511717,823.511277,821.515372,819.523834,817.536585,815.553587,813.574966,811.600804,809.630976,807.665568,805.704545,803.748351,801.796547,799.849176,797.906578,795.968592,793.784128,792.106861,790.183193,788.264304,786.350131,784.440897,782.536490,780.636873,778.742399,776.852880,774.968326,773.088840,771.214427,769.345350,767.481360,765.622564,763.769042,761.920802,760.077652,758.239989,756.407720,754.580856,752.759628,750.943942,749.133722,747.328901,745.530002,743.736604,741.948814,740.187723,738.390509,736.620174,734.855935,733.097323,731.344493,729.597658,727.856909,726.122288,724.393770,722.671431,720.955287,719.229608,717.541520,715.843748,714.152666,712.345858,710.758626,709.118182,707.453102,705.794453,704.142524,702.493647,700.858907,699.226941,697.601920,695.983762,694.372382,692.767766,691.170136,689.578696,687.996473,686.419895,684.850877,683.288735,681.677862,680.186931,678.646622,677.113890,675.587840,674.071368,672.561929,671.058547,669.563512,668.076618,666.596683,665.124363,663.658981,662.203491,660.755534,659.316022,657.884173,656.460799,654.984692,653.638357,652.239803,650.848758,649.467102,648.093332,646.720491,645.372805,644.023689,642.683905,641.353119,640.031622,638.718508,637.414191,636.118878,634.834997,633.555471,632.323161,631.029808,629.777733,628.540208,627.306541,626.082621,624.872382,623.664607,622.479884,621.305885,620.119719,618.929410,617.799668,616.656333,615.521455,614.396753,613.282576,612.177458,611.079949,610.000572,608.924966,607.863688,606.810765,605.766876,604.736468,603.713256,602.705348,601.705651,600.716595,599.739116,598.774589,597.816975,596.870794,595.937989,595.017402,594.089421,593.196088,592.319853,591.443834,590.579051,589.725329,588.884662,588.054458,587.237403,586.432758,585.640802,584.857571,584.089862,583.333254,582.588547,581.856374,581.136609,580.428025,579.735340,579.054257,578.388088,577.726616,577.085946,576.456012,575.837583,575.233505,574.643926,574.066382,573.503192,572.952879,572.416947,571.894268,571.384866,570.888519,570.408573,569.942354,569.489259,569.048964,568.624288,568.214406,567.817759,567.436683,567.069731,566.717284,566.379661,566.058625,565.750551,565.458170,565.180268,564.917965,564.670920,564.439804,564.223539,564.022720,563.838279,563.669240,563.516010,563.378450,563.257184,563.151848,563.063310,562.990394,562.934020,562.895078,562.872163,562.865669,562.876198,562.903713,562.948179,563.009799,563.088311,563.183917,563.297113,563.428296,563.576528,563.742506,563.926047,564.127580,564.347155,564.585006,564.841185,565.115789,565.408432,565.719845,566.049737,566.398080,566.765544,567.152014,567.557663,567.982338,568.426228,568.889605,569.372576,569.874436,570.396353,570.937989,571.499588,572.081215,572.683058,573.305640,573.947756,574.610716,575.294372,575.998491,576.723558,577.469403,578.236228,579.024416,579.833815,580.664729,581.517172,582.391248,583.287236,584.204746,585.144566,586.106199,587.090158,588.096469,589.125281,590.176410,591.250130,592.346875,593.466368,594.609012,595.775025,596.964172,598.176831,599.413242,600.673222,601.957052,603.264721,604.596584,605.953082,607.333367,608.738232,610.167751,611.621849,613.100747,614.604567,616.133472,617.687473,619.266935,620.872088,622.502810,624.159569,625.842010,627.550271,629.284825,631.045582,632.832842,634.646483,636.486918,638.354235,640.248355,642.169682,644.118264,646.094210,648.097854,650.129039,652.187928,654.274789,656.389533,658.532752,660.704347,662.904303,665.132827,667.390108,669.676358,671.991642,674.336134,676.709947,679.113244,681.546276,684.009009,686.501495,689.024147,691.577030,694.160249,696.773898,699.418248,702.093464,704.799499,707.536645,710.305101,713.104767,715.936015,718.798994,721.693771,724.620474,727.579453,730.570868,733.594679,736.650819,739.739556,742.861289,746.016086,749.203809,752.425292,755.679909,758.968188,762.290171,765.646456,769.036446,772.460730,775.919472,779.412681,782.940631,786.503386,790.101197,793.734028,797.402137,801.105783,804.845054,808.620110,812.431151,816.278211,820.161446,824.080985,828.036958,832.029735,836.059432,840.126025,844.229796,848.370967,852.549692,856.765925,861.019951,865.311852,869.641891,874.010147,878.416972,882.862164,887.346190,891.869212,896.431211,901.032384,905.672838,910.352788,915.072304,919.831608,924.631175,929.470531,934.350697,939.270896,944.231674,949.233387,954.275975,959.359698,964.484379,969.650748,974.858510,980.107855,985.399148,990.732408,996.107930,1001.525609,1006.985996,1012.488725,1018.034196,1023.622719,1029.254205,1034.928928,1040.647213,1046.409113,1052.214718,1058.064224,1063.957469,1069.894867,1075.876820,1081.903169,1087.974253,1094.089828,1100.250548,1106.456385,1112.707197,1119.003389,1125.345238,1131.732576,1138.165930,1144.645152,1151.170435,1157.742170,1164.360318,1171.025218,1177.736691,1184.494979,1191.300324,1198.152930,1205.052706,1212.000054,1218.994936,1226.037550,1233.128068,1240.266636,1247.453430,1254.688434,1261.972460,1269.304747,1276.685690,1284.115618,1291.594586,1299.122732,1306.700381,1314.327344,1322.003897
911.169618,909.044755,906.923022,904.804488,902.688993,900.576454,898.467147,896.360804,894.257466,892.157543,890.060550,887.966831,885.876230,883.789170,881.705354,879.624935,877.547664,875.473856,873.403480,871.336585,869.272824,867.212828,865.156025,863.102955,861.053551,859.007543,856.965361,854.926635,852.891840,850.860695,848.833061,846.809108,844.788981,842.772816,840.760434,838.751861,836.747195,834.746313,832.749531,830.756745,828.767749,826.782879,824.802128,822.825372,820.852871,818.884234,816.919840,814.959886,813.004168,811.052646,809.105443,807.162652,805.224170,803.289983,801.360158,799.435107,797.514387,795.342440,793.686497,791.779416,789.877009,787.979310,786.086310,784.198097,782.314528,780.435841,778.561920,776.692803,774.828611,772.969447,771.115017,769.265770,767.421552,765.582326,763.748378,761.919501,760.095801,758.277329,756.463956,754.655950,752.853243,751.055866,749.263918,747.477636,745.696697,743.921085,742.151207,740.408576,738.628155,736.867824,735.127634,733.386076,731.650385,729.920529,728.195047,726.477958,724.765495,723.059201,721.358883,719.664688,717.976609,716.262062,714.618681,712.948762,711.285376,709.628517,707.977847,706.333511,704.695981,703.064651,701.436339,699.821902,698.210389,696.605457,695.011139,693.415866,691.831335,690.252727,688.680812,687.117284,685.561023,684.011060,682.466715,680.931956,679.403305,677.863517,676.367000,674.860384,673.360989,671.812994,670.384371,668.906545,667.437434,665.974481,664.520003,663.072443,661.697207,660.201081,658.777738,657.362678,655.955283,654.555792,653.164621,651.781829,650.406988,649.039862,647.681795,646.331639,644.981773,643.656752,642.325688,641.015301,639.707609,638.407555,637.113682,635.898789,634.563628,633.299855,632.044933,630.798442,629.562153,628.333633,627.111931,625.908035,624.705906,623.524883,622.333448,621.164580,619.999544,618.846139,617.702622,616.567261,615.445048,614.286581,613.226269,612.132280,611.047977,609.970465,608.898639,607.853698,606.811708,605.778367,604.753494,603.742196,602.740435,601.748498,600.766245,599.796843,598.837873,597.895965,596.951543,596.023494,595.114511,594.205188,593.312080,592.418541,591.559576,590.700489,589.852642,589.015287,588.191056,587.376674,586.573996,585.788337,585.010630,584.244918,583.491914,582.750629,582.022145,581.303958,580.599248,579.905782,579.227110,578.556517,577.906223,577.264269,576.633585,576.017699,575.412878,574.820681,574.245373,573.679015,573.127939,572.593294,572.069383,571.560308,571.062528,570.578693,570.109455,569.653637,569.212290,568.783539,568.369849,567.969866,567.584453,567.213678,566.856734,566.513979,566.186956,565.875529,565.577182,565.293249,565.024968,564.770455,564.532519,564.309852,564.101887,563.908871,563.731897,563.570795,563.424848,563.294715,563.180125,563.081563,562.999162,562.933191,562.882737,562.849012,562.831964,562.831235,562.847016,562.879293,562.928690,562.994648,563.077958,563.177586,563.294335,563.428968,563.581076,563.750087,563.936494,564.140962,564.362985,564.602870,564.861115,565.137236,565.431544,565.744083,566.075241,566.424598,566.792292,567.178994,567.584795,568.009265,568.452712,568.915245,569.397417,569.898290,570.418495,570.958518,571.518152,572.097576,572.696874,573.316365,573.955974,574.615512,575.295674,575.996073,576.716944,577.458552,578.220832,579.004016,579.808476,580.633607,581.480634,582.348649,583.238466,584.149490,585.082487,586.037081,587.013516,588.012381,589.033249,590.076149,591.141436,592.229483,593.339914,594.473110,595.629452,596.808721,598.011056,599.236764,600.486119,601.758709,603.055017,604.375159,605.719395,607.087600,608.479736,609.896337,611.337180,612.802624,614.292599,615.807408,617.346819,618.911552,620.501564,622.116827,623.757565,625.424233,627.116173,628.833989,630.577723,632.347656,634.143725,635.966060,637.815088,639.690630,641.592939,643.522202,645.478564,647.462038,649.473059,651.511411,653.577317,655.670894,657.792186,659.942000,662.119587,664.325500,666.559826,668.822719,671.114309,673.434766,675.784226,678.162804,680.570660,683.008081,685.474801,687.971333,690.497676,693.054140,695.640619,698.257423,700.904689,703.582477,706.291065,709.030462,711.800963,714.602456,717.435364,720.299718,723.195648,726.123461,729.083324,732.074971,735.099097,738.155329,741.243927,744.365450,747.519394,750.706607,753.926910,757.180286,760.467089,763.787662,767.141740,770.529582,773.951492,777.407631,780.898010,784.422912,787.982514,791.576660,795.205741,798.869870,802.569303,806.304127,810.074509,813.880639,817.722554,821.600410,825.514335,829.464633,833.451238,837.474506,841.534555,845.631677,849.765735,853.937091,858.145832,862.392104,866.676010,870.997826,875.357594,879.755753,884.191985,888.666757,893.180334,897.732681,902.323885,906.954161,911.623689,916.332500,921.081038,925.869275,930.697233,935.565804,940.474104,945.422760,950.412137,955.442001,960.512808,965.624374,970.777354,975.971479,981.207023,986.484089,991.802960,997.163842,1002.566630,1008.011876,1013.499211,1019.029036,1024.601662,1030.216997,1035.875318,1041.576946,1047.322026,1053.110381,1058.942472,1064.818048,1070.737762,1076.701299,1082.709485,1088.761615,1094.858249,1100.999773,1107.186160,1113.417268,1119.693499,1126.015133,1132.382000,1138.794627,1145.252867,1151.756912,1158.307235,1164.903553,1171.546448,1178.235659,1184.971431,1191.754003,1198.583580,1205.460071,1212.383879,1219.354963,1226.373524,1233.439733,1240.553768,1247.715709,1254.925635,1262.184328,1269.491027,1276.846124,1284.249952,1291.702564,1299.204099,1306.754881,1314.354722,1322.003897
903.031077,900.942611,898.857135,896.774795,894.695445,892.619149,890.545739,888.475523,886.408312,884.344426,882.283665,880.226020,878.171735,876.120775,874.072927,872.028387,869.987308,867.949495,865.915074,863.883948,861.856411,859.831976,857.811427,855.794205,853.780713,851.770778,849.764164,847.761679,845.762543,843.767139,841.775217,839.787138,837.802887,835.822460,833.845661,831.872885,829.903831,827.938726,825.977586,824.020337,822.067030,820.117742,818.172429,816.231339,814.294071,812.361220,810.432301,808.507793,806.587513,804.671330,802.759588,800.852102,798.948978,796.790616,795.155611,793.265711,791.380030,789.499141,787.622792,785.750961,783.883667,782.021053,780.163244,778.309985,776.461525,774.617760,772.778853,770.944716,769.115484,767.291219,765.471647,763.657236,761.847739,760.043468,758.244216,756.450049,754.661057,752.877096,751.098436,749.325104,747.556876,745.794128,743.709164,742.284875,740.538288,738.797171,737.061666,735.331618,733.607262,731.888305,730.175232,728.467888,726.766317,724.877845,723.380313,721.696064,720.010369,718.345411,716.679098,715.018797,713.364519,711.716223,710.074100,708.438053,706.808518,705.185151,703.568239,701.957576,700.349614,698.755654,697.069464,695.579838,694.005544,692.430095,690.865233,689.306326,687.754321,686.209641,684.672777,683.141806,681.617859,680.100657,678.590512,677.087265,675.591532,674.133961,672.619009,671.147286,669.680356,668.220920,666.768204,665.323975,663.886077,662.456126,661.098492,659.611999,658.210726,656.812058,655.420704,654.028935,652.662452,651.294992,649.936161,648.585031,647.241478,645.906990,644.571985,643.262659,641.951639,640.649834,639.348903,638.071319,636.795123,635.526224,634.268312,633.017645,631.775973,630.543192,629.318651,628.103202,626.895385,625.700748,624.514798,623.328704,622.164502,621.004181,619.853201,618.711745,617.576853,616.456714,615.343471,614.240096,613.146172,612.061484,610.987546,609.926223,608.865311,607.825019,606.789510,605.764875,604.728159,603.744779,602.752543,601.772230,600.765223,599.833830,598.881432,597.940520,597.009777,596.090256,595.180535,594.288664,593.396782,592.520780,591.644385,590.802614,589.959846,589.128976,588.308553,587.500288,586.702642,585.915744,585.145996,584.383854,583.634482,582.896858,582.170209,581.448503,580.754310,580.063586,579.386632,578.727468,578.065883,577.427517,576.797562,576.186783,575.578456,574.992705,574.412520,573.849288,573.296830,572.759792,572.233626,571.724525,571.226248,570.740822,570.270322,569.811161,569.366281,568.936850,568.520113,568.116845,567.727615,567.353304,566.992086,566.645928,566.313643,565.996017,565.692037,565.404998,565.130259,564.870760,564.626268,564.395936,564.181216,563.982012,563.797221,563.627740,563.474208,563.335763,563.212895,563.105419,563.013928,562.937677,562.878160,562.833927,562.805796,562.794718,562.799423,562.820431,562.857811,562.911826,562.982632,563.069926,563.174352,563.295201,563.433041,563.588565,563.761035,563.950850,564.157836,564.382393,564.624930,564.884882,565.162950,565.459056,565.772883,566.105228,566.455599,566.824084,567.211075,567.616870,568.041320,568.484613,568.946651,569.427696,569.928055,570.446893,570.985286,571.543153,572.120398,572.717361,573.334220,573.971316,574.627612,575.304209,576.001245,576.718251,577.455687,578.213681,578.992207,579.791526,580.611808,581.452920,582.315333,583.198911,584.103958,585.030072,585.978039,586.947449,587.938708,588.951874,589.987097,591.044134,592.123467,593.225227,594.349310,595.496175,596.665800,597.858297,599.073635,600.312278,601.574171,602.859167,604.167923,605.500210,606.856677,608.236446,609.640310,611.068287,612.520482,613.996932,615.497824,617.023300,618.573367,620.148464,621.748696,623.374020,625.024883,626.700920,628.402325,630.129444,631.882407,633.661131,635.465843,637.296837,639.154199,641.037886,642.948186,644.885217,646.849172,648.840207,650.858362,652.903641,654.976363,657.076550,659.204279,661.360349,663.544003,665.755733,667.995603,670.263973,672.560796,674.886294,677.240547,679.623750,682.036052,684.477689,686.948421,689.448760,691.978770,694.538556,697.128218,699.747996,702.398083,705.078369,707.789301,710.530846,713.303250,716.106433,718.940849,721.806480,724.703468,727.632132,730.592627,733.584686,736.609008,739.665217,742.753571,745.874632,749.027892,752.214201,755.433377,758.685403,761.970612,765.289464,768.641454,772.027065,775.446579,778.899953,782.387495,785.909149,789.465371,793.055928,796.681149,800.341103,804.036443,807.766639,811.532259,815.333507,819.170165,823.042451,826.950710,830.895080,834.875518,838.892390,842.945804,847.035965,851.163004,855.327087,859.528170,863.766619,868.042444,872.355978,876.707272,881.096595,885.523790,889.989297,894.493393,899.036015,903.617260,908.237256,912.896275,917.594357,922.331989,927.108954,931.925526,936.782323,941.678693,946.615312,951.592156,956.609243,961.667049,966.765495,971.905063,977.085486,982.307100,987.569987,992.874551,998.220632,1003.608572,1009.038557,1014.510462,1020.024625,1025.581300,1031.180451,1036.822337,1042.507501,1048.235546,1054.006583,1059.821238,1065.679108,1071.580873,1077.526205,1083.515946,1089.549381,1095.627025,1101.749450,1107.916247,1114.127628,1120.383879,1126.685277,1133.031655,1139.423538,1145.860778,1152.343570,1158.872384,1165.446938,1172.067814,1178.734751,1185.447993,1192.207880,1199.014318,1205.867513,1212.767770,1219.715049,1226.709548,1233.751440,1240.840903,1247.978016,1255.162860,1262.396215,1269.677320,1277.006569,1284.384294,1291.810547,1299.285468,1306.809382,1314.382100,1322.003897
895.013982,892.961331,890.911627,888.865082,886.821449,884.780780,882.743000,880.708573,878.677205,876.649037,874.624119,872.602217,870.583580,868.568203,866.556021,864.547236,862.541832,860.539528,858.540546,856.545095,854.553173,852.564317,850.579209,848.597709,846.619699,844.644990,842.674054,840.706911,838.743351,836.783190,834.826783,832.874159,830.925270,828.980087,827.038672,825.101132,823.167437,821.237641,819.311689,817.389730,815.471632,813.557333,811.647390,809.741244,807.839306,805.941401,804.047717,802.158277,800.272882,798.128769,796.515069,794.642573,792.774352,790.910295,789.050778,787.195782,785.345045,783.498983,781.657437,779.820356,777.987784,776.160038,774.336852,772.518264,770.704457,768.895315,767.090956,765.291391,763.496764,761.706707,759.921870,758.141823,756.366939,754.597008,752.831955,751.072297,749.317461,747.567861,745.823521,744.084218,742.350326,740.621723,738.898502,737.180644,735.468202,733.761109,732.059426,730.363507,728.672835,726.987997,725.112246,723.635272,721.967457,720.305234,718.648946,716.998348,715.353648,713.714953,712.082182,710.423190,708.834461,707.219612,705.612541,704.008507,702.412256,700.822209,699.234466,697.661229,696.089934,694.525657,692.971549,691.415766,689.870559,688.331986,686.783319,685.274837,683.756182,682.243757,680.738993,679.239270,677.749281,676.264809,674.786877,673.316005,671.853106,670.397023,668.807452,667.505946,666.071212,664.591856,663.223544,661.810933,660.473926,659.005598,657.616480,656.233182,654.858302,653.491755,652.131855,650.780706,649.441608,648.101798,646.773570,645.454437,644.142729,642.831092,641.543625,640.251110,638.977510,637.706685,636.453588,635.186027,633.945425,632.708799,631.479775,630.261018,629.050019,627.849570,626.654135,625.472800,624.294304,623.127624,621.980599,620.819914,619.682119,618.551776,617.429304,616.314199,615.217123,614.124659,613.041594,611.968049,610.902981,609.849223,608.807167,607.769028,606.744943,605.728779,604.688438,603.728354,602.757638,601.764656,600.803226,599.842346,598.904646,597.960090,597.047726,596.139308,595.233148,594.341301,593.466694,592.592016,591.733312,590.873759,590.049192,589.223358,588.408899,587.605444,586.801803,586.030499,585.258111,584.506683,583.760242,583.025520,582.304041,581.593660,580.896011,580.206766,579.532509,578.869788,578.215630,577.578746,576.952337,576.338170,575.735594,575.145026,574.570983,574.005844,573.454310,572.916413,572.390839,571.879054,571.379403,570.894385,570.421904,569.961513,569.515388,569.082536,568.663899,568.260060,567.866061,567.487606,567.123012,566.772355,566.436835,566.114287,565.805828,565.512670,565.234711,564.969538,564.718554,564.483338,564.261778,564.055082,563.864189,563.687582,563.525864,563.379718,563.249116,563.133535,563.033083,562.948198,562.878749,562.825244,562.787750,562.765515,562.759616,562.770186,562.796730,562.839124,562.898178,562.973663,563.065542,563.174328,563.299188,563.440808,563.599778,563.775821,563.968655,564.178648,564.405999,564.650734,564.912925,565.192951,565.490857,565.806342,566.139694,566.491346,566.860813,567.248221,567.654196,568.078917,568.521972,568.983543,569.463910,569.963388,570.481575,571.018329,571.574381,572.149945,572.744818,573.359134,573.993293,574.647167,575.320436,576.014024,576.727332,577.460952,578.214653,578.988704,579.783229,580.598519,581.434344,582.291335,583.168902,584.067884,584.987835,585.929029,586.891654,587.875681,588.881286,589.909004,590.958147,592.029176,593.122351,594.237637,595.375184,596.535438,597.718189,598.923488,600.151791,601.403207,602.677488,603.974910,605.295742,606.640019,608.008154,609.399567,610.814952,612.254139,613.717430,615.204770,616.716389,618.252437,619.812913,621.398284,623.008463,624.643746,626.304320,627.989704,629.700370,631.436642,633.198516,634.986020,636.799299,638.638732,640.504182,642.395887,644.314031,646.258757,648.230076,650.228407,652.253576,654.305759,656.385087,658.491649,660.626073,662.787855,664.977416,667.194810,669.440221,671.713858,674.015785,676.346172,678.705132,681.092824,683.509389,685.954986,688.429757,690.933729,693.467207,696.030252,698.622958,701.245592,703.898318,706.581085,709.294183,712.037809,714.811861,717.616707,720.452494,723.319288,726.217361,729.146618,732.107660,735.100297,738.124459,741.180412,744.268473,747.388963,750.541455,753.726908,756.944678,760.195301,763.478787,766.795744,770.145614,773.528949,776.945828,780.396466,783.880956,787.399415,790.952093,794.538950,798.160244,801.816289,805.506997,809.232701,812.993539,816.789523,820.620873,824.487651,828.390006,832.328306,836.302665,840.313062,844.359766,848.443009,852.562804,856.719507,860.912962,865.143493,869.411253,873.716354,878.059069,882.439431,886.857626,891.313807,895.808325,900.341149,904.912343,909.522112,914.170530,918.857834,923.584529,928.350136,933.155300,938.000285,942.884621,947.808996,952.773350,957.777823,962.822524,967.907740,973.033863,978.200530,983.408172,988.656838,993.946936,999.278297,1004.651270,1010.066039,1015.522477,1021.020924,1026.561633,1032.144568,1037.769985,1043.438431,1049.149507,1054.903322,1060.700505,1066.540650,1072.424437,1078.351568,1084.322799,1090.337499,1096.396156,1102.499341,1108.646644,1114.838277,1121.074528,1127.355604,1133.681541,1140.052662,1146.468886,1152.930408,1159.437697,1165.990473,1172.589316,1179.233966,1185.924666,1192.661783,1199.445144,1206.275033,1213.151729,1220.075193,1227.045622,1234.063190,1241.128073,1248.240353,1255.400108,1262.608120,1269.863628,1277.167025,1284.518642,1291.918534,1299.366840,1306.863885,1314.409478,1322.003897
887.117024,885.099846,883.085548,881.074181,879.066038,877.060514,875.058402,873.059170,871.063292,869.070538,867.080881,865.094160,863.110890,861.130746,859.153907,857.180336,855.210116,853.243107,851.279262,849.319112,847.361896,845.408610,843.458718,841.512314,839.569374,837.629651,835.693850,833.761834,831.833254,829.908132,827.986806,826.069170,824.155152,822.244980,820.338494,818.435876,816.537118,814.642224,812.751107,810.863885,808.980537,807.101251,805.226044,803.354587,801.487456,799.624266,797.765277,795.910355,794.059765,792.213387,790.371154,788.533205,786.699616,784.870075,783.045007,781.224361,779.408321,777.596788,775.789501,773.986747,772.188761,770.395277,768.606338,766.822111,765.042482,763.267610,761.497519,759.732159,757.971593,756.215781,754.464882,752.706129,750.978196,749.242281,747.511201,745.854051,744.064538,742.348907,740.638337,738.932969,737.232936,735.538055,733.841033,732.164431,730.485668,728.812055,727.144272,725.281371,723.824732,722.173370,720.527656,718.887492,717.253012,715.410260,714.001353,712.384013,710.772648,709.167136,707.567492,705.973753,704.387545,702.804309,701.228755,699.734982,698.092117,696.538808,694.988119,693.443537,691.909179,690.373732,688.848102,687.329162,685.799304,684.310795,682.810364,681.318475,679.771586,678.351154,676.787511,675.414066,673.954584,672.502359,671.056230,669.618751,668.188316,666.763647,665.346441,663.936306,662.533991,661.138025,659.819153,658.367712,656.994047,655.627716,654.268566,652.918029,651.574244,650.237478,648.911384,647.591336,646.279068,644.967293,643.678597,642.381360,641.110351,639.836766,638.567411,637.298614,636.067786,634.819645,633.661498,632.346512,631.158194,629.948436,628.754695,627.516483,626.383986,625.213252,624.046744,622.898262,621.748553,620.614275,619.483020,618.371393,617.255130,616.158919,615.066955,613.983894,612.913048,611.804391,610.795439,609.751177,608.717568,607.691435,606.676086,605.669978,604.673146,603.687750,602.711584,601.751821,600.789259,599.842351,598.906615,597.980453,597.074861,596.159690,595.267189,594.380623,593.505355,592.647118,591.791633,590.950159,590.119313,589.299802,588.490291,587.692852,586.905304,586.118236,585.362963,584.606728,583.870771,583.140537,582.420800,581.726372,581.017830,580.336927,579.662728,579.002900,578.353292,577.713522,577.092608,576.480046,575.879080,575.289124,574.715971,574.153017,573.603953,573.062329,572.536720,572.021498,571.522241,571.038635,570.564609,570.104462,569.657074,569.222353,568.800223,568.391845,567.998173,567.616803,567.249246,566.895667,566.555752,566.229233,565.917293,565.619266,565.335079,565.065112,564.811168,564.569070,564.341980,564.129844,563.931260,563.748431,563.580402,563.426840,563.287775,563.164622,563.056491,562.963169,562.885306,562.822710,562.775321,562.744095,562.728173,562.727766,562.743866,562.775917,562.823742,562.887841,562.967681,563.064473,563.177186,563.306716,563.452345,563.614616,563.794142,563.990314,564.203532,564.433469,564.680966,564.945556,565.227444,565.527101,565.844295,566.179144,566.531793,566.902379,567.290489,567.696928,568.121696,568.564832,569.026276,569.506139,570.004518,570.522177,571.057795,571.612312,572.186084,572.778813,573.390981,574.022504,574.673675,575.344213,576.034241,576.744374,577.474095,578.223852,578.993611,579.783696,580.593972,581.424984,582.276205,583.148495,584.041475,584.955418,585.890101,586.846174,587.823227,588.821571,589.841666,590.883241,591.946191,593.030997,594.137785,595.266451,596.417578,597.590762,598.786468,600.004611,601.245578,602.509338,603.795743,605.105430,606.438212,607.794565,609.174011,610.576954,612.003548,613.453876,614.927973,616.426041,617.948310,619.494505,621.065336,622.660816,624.280900,625.925725,627.595848,629.290660,631.010429,632.755655,634.526211,636.322176,638.143998,639.991678,641.865101,643.764663,645.690446,647.642639,649.621397,651.626681,653.658724,655.717610,657.803451,659.916286,662.056944,664.224660,666.419920,668.642832,670.893622,673.172371,675.479257,677.814382,680.177869,682.569933,684.990787,687.440188,689.918631,692.426157,694.963029,697.529152,700.124835,702.750255,705.405341,708.090497,710.805687,713.551203,716.326915,719.133291,721.970312,724.838122,727.737025,730.667064,733.628337,736.621170,739.645311,742.701015,745.788840,748.908412,752.060183,755.244363,758.460799,761.709868,764.991866,768.306559,771.654194,775.035074,778.449358,781.897054,785.378432,788.893703,792.442670,796.025738,799.643016,803.294759,806.981029,810.702057,814.457966,818.248813,822.074752,825.935909,829.832586,833.764626,837.732669,841.736512,845.776435,849.852661,853.965337,858.114418,862.300137,866.522719,870.782293,875.078948,879.413071,883.784443,888.193532,892.640280,897.125171,901.648186,906.209212,910.808607,915.446438,920.122929,924.838548,929.592824,934.386439,939.219619,944.091906,949.003988,953.955803,958.947611,963.979233,969.051109,974.163807,979.316652,984.510238,989.744642,995.020328,1000.336836,1005.694865,1011.094320,1016.535256,1022.018056,1027.542660,1033.109344,1038.718362,1044.369966,1050.064034,1055.800599,1061.580280,1067.402672,1073.268455,1079.177331,1085.130055,1091.125996,1097.165857,1103.249564,1109.377351,1115.549216,1121.765446,1128.026248,1134.331658,1140.682000,1147.077191,1153.517426,1160.003176,1166.534158,1173.110954,1179.733303,1186.401449,1193.115758,1199.876056,1206.682629,1213.535756,1220.435395,1227.381747,1234.374982,1241.415280,1248.502719,1255.637380,1262.820044,1270.049949,1277.327490,1284.652998,1292.026526,1299.448215,1306.918388,1314.436856,1322.003897
879.339246,877.356976,875.377705,873.401314,871.427963,869.457601,867.490511,865.526479,863.565546,861.607588,859.652905,857.701122,855.752677,853.807448,851.865478,849.926815,847.991348,846.058979,844.130089,842.204481,840.282506,838.363942,836.448775,834.537006,832.628501,830.723886,828.822885,826.925366,825.031394,823.141041,821.254333,819.371199,817.491862,815.616256,813.744240,811.876228,810.012004,808.151493,806.294931,804.442085,802.593126,800.748375,798.907290,797.070476,795.237665,793.408831,791.584075,789.763525,787.947200,786.134980,784.326987,782.523299,780.723740,778.928332,777.137345,775.351037,773.569080,771.791578,770.018296,768.249653,766.485614,764.726022,762.971088,761.220685,759.474984,757.733965,755.997774,754.266123,752.539331,750.817224,749.100276,747.388082,745.680850,743.978403,742.281018,740.588776,738.901572,737.219365,735.542293,733.870491,732.203864,730.542306,728.886274,727.235471,725.385861,723.948776,722.315133,720.685560,719.061973,717.443751,715.831069,714.207006,712.624096,711.026855,709.436925,707.852431,706.273954,704.701300,703.136080,701.573427,700.018567,698.469722,696.922668,695.389991,693.859399,692.334698,690.820400,689.304084,687.798825,686.299271,684.789405,683.319391,681.839205,680.365586,678.898013,677.504851,675.982050,674.535890,673.095316,671.661110,670.233420,668.813279,667.399965,665.993785,664.594242,663.187247,661.816610,660.434720,659.066465,657.702051,656.343982,654.995001,653.652359,652.317252,650.984115,649.670407,648.358742,647.059204,645.757906,644.467894,643.187433,641.914031,640.640367,639.390414,638.135226,636.899010,635.664641,634.439361,633.221927,632.012457,630.811386,629.621923,628.474360,627.258263,626.090221,624.932081,623.778735,622.639804,621.508786,620.387621,619.266603,618.159828,617.061686,615.973363,614.866112,613.822101,612.791526,611.708369,610.664871,609.630400,608.606157,607.590965,606.584222,605.589330,604.602590,603.624982,602.656984,601.679309,600.753168,599.815848,598.887359,597.969599,597.061910,596.163843,595.276920,594.399659,593.533013,592.675445,591.834190,590.995935,590.158135,589.357490,588.553996,587.761786,586.980826,586.209442,585.438571,584.699181,583.959069,583.236155,582.523599,581.820679,581.130085,580.448163,579.782279,579.121299,578.477340,577.841276,577.217581,576.608189,576.009838,575.426342,574.850935,574.287284,573.737018,573.201041,572.671566,572.161521,571.660590,571.173844,570.697822,570.238734,569.789706,569.353918,568.930124,568.519017,568.123860,567.741480,567.371844,567.014167,566.670690,566.341337,566.024236,565.723074,565.434312,565.159189,564.899368,564.654238,564.422149,564.203332,564.000122,563.810553,563.635275,563.475414,563.329734,563.198722,563.082637,562.981978,562.896073,562.825084,562.769080,562.728410,562.703204,562.693610,562.699227,562.720741,562.758592,562.811527,562.880452,562.965448,563.066887,563.183951,563.317563,563.467436,563.633619,563.816359,564.015933,564.232299,564.465451,564.715218,564.982273,565.266438,565.567855,565.887205,566.223286,566.577355,566.949027,567.338337,567.745020,568.170050,568.613267,569.074754,569.554152,570.052030,570.568573,571.103494,571.656735,572.228688,572.819781,573.429890,574.058931,574.707370,575.375481,576.062360,576.769046,577.495280,578.241262,579.007018,579.792649,580.598355,581.424364,582.270770,583.137523,584.024701,584.932613,585.861321,586.810770,587.781223,588.772622,589.785222,590.819476,591.874684,592.951509,594.049793,595.169895,596.311885,597.475944,598.662123,599.870472,601.101314,602.354834,603.630765,604.929373,606.250951,607.595488,608.963442,610.354202,611.768468,613.206104,614.667299,616.152089,617.660722,619.193288,620.749784,622.330705,623.935988,625.565863,627.220542,628.899534,630.603370,632.332243,634.086283,635.865401,637.669824,639.499841,641.355538,643.236875,645.144111,647.077420,649.036892,651.022772,653.035080,655.073776,657.139216,659.231311,661.350536,663.497016,665.670540,667.871413,670.099677,672.355712,674.639465,676.951159,679.290889,681.658811,684.055068,686.479934,688.933186,691.415217,693.926204,696.466210,699.035335,701.633814,704.261840,706.919352,709.606635,712.323814,715.071110,717.848346,720.656069,723.494227,726.362958,729.262580,732.193246,735.154686,738.147660,741.171599,744.226950,747.314208,750.432864,753.583765,756.766727,759.981731,763.229108,766.509315,769.821846,773.167180,776.545599,779.957056,783.401858,786.879947,790.391777,793.937125,797.516280,801.129454,804.776867,808.458601,812.174823,815.925830,819.711325,823.531764,827.387249,831.277995,835.203960,839.165506,843.162740,847.195955,851.265011,855.370270,859.511813,863.689787,867.904292,872.155602,876.443757,880.769142,885.131591,889.531417,893.968931,898.444063,902.957005,907.507864,912.096852,916.724035,921.389637,926.094127,930.837012,935.619368,940.440358,945.300546,950.200285,955.139515,960.118493,965.137040,970.195884,975.294731,980.433766,985.613296,990.833513,996.094536,1001.396247,1006.739234,1012.123399,1017.548797,1023.015810,1028.524380,1034.074781,1039.667267,1045.302090,1050.979148,1056.698412,1062.460563,1068.265174,1074.112927,1080.003589,1085.937713,1091.914871,1097.935697,1104.000118,1110.108368,1116.260444,1122.456633,1128.697142,1134.982007,1141.311551,1147.685692,1154.104724,1160.568819,1167.077993,1173.632728,1180.232763,1186.878342,1193.569831,1200.307056,1207.090303,1213.919850,1220.795656,1227.717921,1234.686817,1241.702521,1248.765115,1255.874676,1263.031986,1270.236244,1277.487966,1284.787361,1292.134523,1299.529592,1306.972892,1314.464235,1322.003897
871.679559,869.731764,867.787205,865.845437,863.906798,861.971261,860.038790,858.109255,856.182794,854.259460,852.339198,850.421943,848.508078,846.597323,844.689797,842.785648,840.884364,838.986657,837.092113,835.201242,833.313565,831.429350,829.548474,827.670812,825.797059,823.926786,822.060144,820.196704,818.337074,816.480971,814.628497,812.779579,810.934402,809.092831,807.255165,805.421339,803.591119,801.764798,799.942248,798.123337,796.308642,794.497651,792.690847,790.888012,789.089175,787.294147,785.503400,783.716827,781.934309,780.156033,778.381882,776.612013,774.846028,773.084392,771.327468,769.574841,767.826555,766.082551,764.343150,762.608141,760.877600,759.151660,757.430194,755.713360,753.988041,752.293745,750.590796,748.892704,747.199124,745.510697,743.826964,742.148130,740.474189,738.804993,737.140880,735.481823,733.827700,732.171261,730.534836,728.899460,727.262414,725.633969,724.010933,722.393094,720.780308,719.173134,717.571138,715.967704,714.383906,712.781548,711.218343,709.644024,708.075404,706.512312,704.954799,703.403030,701.857094,700.316757,698.782349,697.253935,695.731497,694.215105,692.704352,691.199934,689.705566,688.208702,686.722723,685.242779,683.752285,682.301135,680.840756,679.385047,677.937831,676.495893,675.058926,673.631550,672.225315,670.793123,669.324209,667.979552,666.585932,665.197323,663.815460,662.343259,661.072237,659.711701,658.356813,657.009610,655.668760,654.336486,653.009711,651.690951,650.379663,649.075465,647.778473,646.444511,645.210509,643.936863,642.670170,641.412160,640.141473,638.920625,637.683600,636.456413,635.218923,634.025132,632.811908,631.625571,630.438954,629.259859,628.088065,626.926221,625.771765,624.610740,623.487708,622.361657,621.238390,620.126514,619.022837,617.925997,616.841550,615.760868,614.683454,613.633219,612.585249,611.543660,610.511397,609.487110,608.473089,607.468284,606.472537,605.481760,604.509364,603.539384,602.583556,601.609762,600.696245,599.767087,598.848470,597.936714,597.037791,596.148935,595.268453,594.399379,593.539886,592.690754,591.850568,591.021660,590.205088,589.384204,588.600344,587.813345,587.038261,586.273098,585.518250,584.763143,584.039760,583.315202,582.607680,581.910931,581.219618,580.547060,579.876851,579.230035,578.583771,577.952491,577.333022,576.723661,576.128026,575.540382,574.972518,574.410849,573.863925,573.322730,572.802337,572.287543,571.787743,571.300417,570.825516,570.363288,569.913751,569.477706,569.054248,568.641791,568.243278,567.858113,567.486037,567.127189,566.780047,566.448055,566.128557,565.822500,565.530502,565.252406,564.987501,564.736348,564.499532,564.277579,564.067998,563.872590,563.692250,563.524854,563.373145,563.235850,563.112882,563.003840,562.910500,562.831828,562.767821,562.718937,562.684625,562.665620,562.662096,562.674070,562.700953,562.744046,562.802706,562.876741,562.966831,563.072507,563.194474,563.332145,563.486533,563.656494,563.842773,564.045670,564.265284,564.501483,564.753979,565.023815,565.310229,565.613729,565.934498,566.272574,566.628064,567.000712,567.391146,567.798691,568.224040,568.667482,569.128945,569.608261,570.105622,570.621166,571.155683,571.707729,572.278270,572.867693,573.475748,574.102726,574.748691,575.414011,576.098251,576.801588,577.524553,578.266819,579.028772,579.810198,580.611585,581.432756,582.274164,583.135549,584.017503,584.919730,585.842502,586.785588,587.749636,588.734284,589.739752,590.766432,591.814432,592.883319,593.973678,595.085318,596.218589,597.373691,598.550548,599.749475,600.970399,602.213699,603.479319,604.767260,606.077847,607.411154,608.767573,610.146628,611.548788,612.973938,614.422491,615.894401,617.389738,618.908818,620.451351,622.018132,623.608908,625.223871,626.863193,628.527194,630.215477,631.928119,633.665920,635.428464,637.216040,639.028746,640.866872,642.730356,644.619421,646.534204,648.474891,650.441637,652.434389,654.453412,656.498755,658.570537,660.668844,662.794327,664.946482,667.125542,669.331839,671.565443,673.826478,676.115109,678.431470,680.775671,683.147867,685.548198,687.976820,690.433800,692.919380,695.433645,697.976725,700.548712,703.149871,705.780363,708.440136,711.129475,713.848576,716.597334,719.376163,722.185091,725.024244,727.893934,730.794008,733.725093,736.686988,739.679683,742.703313,745.758202,748.844785,751.962550,755.112410,758.293985,761.507471,764.753070,768.031303,771.341640,774.684560,778.060346,781.468948,784.910675,788.385466,791.893776,795.435367,799.010567,802.619586,806.262643,809.939637,813.651176,817.396901,821.177153,824.991959,828.841663,832.726473,836.646126,840.601202,844.591736,848.617929,852.679912,856.777847,860.911688,865.081800,869.288189,873.531187,877.810775,882.127424,886.480769,890.871320,895.299349,899.764742,904.267662,908.808295,913.386818,918.003261,922.658065,927.351201,932.082760,936.853415,941.662517,946.510562,951.397968,956.324482,961.290584,966.296011,971.341491,976.426730,981.552001,986.717404,991.923219,997.169654,1002.456600,1007.784437,1013.153307,1018.563099,1024.014291,1029.506793,1035.040877,1040.616798,1046.234814,1051.894807,1057.596761,1063.341353,1069.128156,1074.957851,1080.830327,1086.745773,1092.704123,1098.705892,1104.751005,1110.839695,1116.971961,1123.148088,1129.368285,1135.632517,1141.941315,1148.294389,1154.692102,1161.134626,1167.621977,1174.154638,1180.732346,1187.355345,1194.024003,1200.738144,1207.498054,1214.304011,1221.155975,1228.054146,1234.998695,1241.989799,1249.027539,1256.111995,1263.243947,1270.422594,1277.648453,1284.921731,1292.242524,1299.610971,1307.027398,1314.491614,1322.003897
864.137046,862.223636,860.313181,858.405901,856.501567,854.600220,852.701833,850.806562,848.914305,847.025196,845.138902,843.001718,841.376088,839.499477,837.626078,835.755730,833.888913,832.024979,830.164732,828.307857,826.454085,824.603805,822.756780,820.913525,819.073632,817.237347,815.404485,813.575037,811.749293,809.927061,808.108342,806.293319,804.481897,802.674232,800.870438,799.070208,797.273816,795.481149,793.571069,791.907166,790.065108,788.348805,786.575625,784.806403,783.040958,781.279639,779.522512,777.769417,776.020460,774.275603,772.534977,770.798295,769.065684,767.337764,765.614215,763.894940,762.179955,760.469328,758.763211,757.061349,755.364111,753.671295,751.983045,750.050294,748.620394,746.946052,745.252434,743.610969,741.950672,740.295137,738.644419,736.998533,735.357344,733.720994,732.089964,730.463647,728.842434,727.226205,725.615051,724.009032,722.407984,720.812288,719.221878,717.636376,716.056421,714.481456,712.912243,711.348367,709.789917,708.236677,706.689086,705.147136,703.610808,702.079921,700.554651,699.035086,697.521202,696.013089,694.510890,693.014593,691.524268,690.039796,688.565433,687.088364,685.621304,684.160942,682.689335,681.257717,679.816844,678.379817,676.951585,675.528209,674.111606,672.701229,671.318985,669.899842,668.509538,667.124400,665.746476,664.375475,663.011048,661.653379,660.302653,658.959292,657.621734,656.291136,654.967814,653.650342,652.342011,651.039225,649.743372,648.456125,647.175306,645.855529,644.637619,643.379678,642.129022,640.885282,639.649739,638.409722,637.201239,635.982232,634.784138,633.596013,632.396944,631.215590,630.042173,628.876506,627.722192,626.569031,625.428188,624.295521,623.169286,622.051397,620.942419,619.848657,618.753020,617.672509,616.594282,615.535886,614.475170,613.426760,612.384410,611.356671,610.334962,609.323447,608.319128,607.323379,606.338692,605.365209,604.391233,603.438675,602.485789,601.511554,600.618298,599.698982,598.784267,597.890467,596.992426,596.111686,595.242064,594.379240,593.527892,592.685807,591.833962,591.030984,590.219374,589.419316,588.628740,587.848174,587.077920,586.319098,585.570417,584.830732,584.092460,583.385673,582.675910,581.983812,581.302538,580.625996,579.966630,579.313437,578.678104,578.049659,577.433160,576.828648,576.234505,575.651061,575.079059,574.522245,573.973277,573.439751,572.915555,572.404929,571.905712,571.418205,570.943170,570.478531,570.027578,569.593081,569.168141,568.756518,568.357552,567.970401,567.594919,567.232775,566.886144,566.551338,566.228741,565.919529,565.624796,565.340947,565.073210,564.817757,564.575490,564.348470,564.135672,563.935418,563.748442,563.576802,563.418388,563.273934,563.144733,563.029284,562.928268,562.841685,562.770447,562.713671,562.671421,562.644354,562.631595,562.634123,562.652154,562.684985,562.733280,562.797580,562.876848,562.971806,563.082299,563.208931,563.350988,563.509122,563.683470,563.873518,564.079683,564.302524,564.541931,564.797644,565.069631,565.358729,565.664413,565.986882,566.327066,566.683694,567.057829,567.449354,567.857955,568.283722,568.727438,569.188975,569.668337,570.165399,570.680560,571.213762,571.765253,572.334522,572.922353,573.528625,574.153647,574.797369,575.460147,576.141636,576.842070,577.561733,578.300667,579.058872,579.836438,580.633518,581.450280,582.286827,583.143437,584.019841,584.916554,585.833441,586.770726,587.728305,588.706364,589.705191,590.724534,591.765390,592.826632,593.909013,595.012527,596.137374,597.283714,598.451616,599.641227,600.852689,602.085971,603.341603,604.619159,605.919025,607.241353,608.586223,609.953916,611.344203,612.757417,614.193478,615.652760,617.135112,618.640811,620.170034,621.722686,623.299314,624.899788,626.524398,628.173333,629.846102,631.543355,633.264909,635.011284,636.782235,638.577968,640.398883,642.244980,644.116145,646.012750,647.934898,649.882928,651.856510,653.856177,655.881723,657.933504,660.011525,662.115972,664.247254,666.405084,668.589702,670.801325,673.039967,675.305918,677.599283,679.920202,682.268670,684.645026,687.049439,689.481701,691.942187,694.431092,696.948523,699.494497,702.069280,704.673068,707.305755,709.967724,712.659009,715.379825,718.130090,720.910252,723.720290,726.560341,729.430720,732.331454,735.262644,738.224612,741.217106,744.240375,747.294754,750.380538,753.497409,756.646085,759.826123,763.037995,766.281794,769.557885,772.865912,776.206389,779.579432,782.985088,786.423612,789.895211,793.399689,796.937445,800.508589,804.113432,807.751857,811.424271,815.130734,818.871280,822.646127,826.455333,830.299046,834.177633,838.091203,842.039731,846.023492,850.042708,854.097526,858.187896,862.314065,866.476217,870.674507,874.909042,879.180094,883.487780,887.832024,892.213238,896.631684,901.087328,905.580233,910.110587,914.678509,919.284186,923.928053,928.609891,933.330065,938.088912,942.886057,947.721903,952.596957,957.510702,962.463856,967.456142,972.488236,977.559803,982.671179,987.822442,993.013874,998.245681,1003.517754,1008.830643,1014.183979,1019.578161,1025.013498,1030.489896,1036.007632,1041.567024,1047.168129,1052.811030,1058.495645,1064.222650,1069.991617,1075.803228,1081.657321,1087.554234,1093.493753,1099.476440,1105.502357,1111.571331,1117.683766,1123.839812,1130.039678,1136.283360,1142.571292,1148.903282,1155.279660,1161.700598,1168.166112,1174.676683,1181.232051,1187.832523,1194.478273,1201.169318,1207.905881,1214.688240,1221.516353,1228.390421,1235.310614,1242.277111,1249.289993,1256.349337,1263.455927,1270.608958,1277.808949,1285.056108,1292.350530,1299.692353,1307.081904,1314.518993,1322.003897
856.710937,854.831532,852.955078,851.081579,849.211017,847.343534,845.478995,843.617531,841.759034,839.903687,838.051064,836.201938,834.355979,832.512928,830.673168,828.836794,827.003273,825.173368,823.346763,821.523422,819.703364,817.886556,816.073476,814.263718,812.457474,810.654586,808.855280,807.059432,805.267197,803.478361,801.693178,799.911548,798.133676,796.359436,794.588969,792.822210,791.059188,789.299757,787.544135,785.792276,784.044549,782.300757,780.560828,778.824739,777.092555,775.364503,773.640502,771.920581,770.204725,768.493050,766.785406,765.081594,763.382348,761.687454,759.996908,758.310585,756.628615,754.950938,753.277621,751.608716,749.944255,748.361680,746.628929,744.978118,743.331831,741.690151,740.053042,738.420461,736.762703,735.170011,733.551900,731.938593,730.322271,728.726137,727.127508,725.533762,723.903243,722.361164,720.782393,719.208643,717.640003,715.828153,714.518288,712.965188,711.435684,709.874638,708.337563,706.805854,705.279188,703.758141,702.242581,700.732741,699.311265,697.729332,696.235797,694.748087,693.265987,691.789727,690.319330,688.854764,687.400614,685.942997,684.495874,683.054475,681.601925,680.190498,678.767488,677.351166,675.940394,674.535814,673.137893,671.744382,670.360282,668.981430,667.608146,666.241915,664.881734,663.529155,662.181743,660.841250,659.507826,658.181129,656.861630,655.548106,654.241197,652.933494,651.648942,650.362874,649.083301,647.804726,646.546042,645.241551,644.044991,642.797579,641.562269,640.333822,639.113587,637.900504,636.696337,635.496494,634.306699,633.105585,631.948038,630.770328,629.621153,628.469109,627.325409,626.231949,625.061176,623.941313,622.831480,621.726323,620.601020,619.543328,618.464682,617.388066,616.331924,615.278021,614.232846,613.185647,612.167769,611.147283,610.135627,609.134864,608.141762,607.157385,606.181840,605.216139,604.261864,603.310472,602.372387,601.441410,600.520911,599.608966,598.713140,597.815057,596.932355,596.049729,595.196586,594.339296,593.496458,592.655813,591.837812,591.020046,590.217301,589.422871,588.639479,587.865371,587.101670,586.347670,585.605203,584.872702,584.149107,583.426607,582.735372,582.041245,581.367372,580.698668,580.037321,579.393142,578.759168,578.133976,577.521045,576.918231,576.326511,575.747680,575.186527,574.622218,574.076897,573.543396,573.021372,572.511120,572.013499,571.529454,571.051125,570.589090,570.137540,569.700937,569.275357,568.863807,568.462630,568.074558,567.698356,567.334046,566.985087,566.648628,566.325952,566.012113,565.713424,565.428004,565.155218,564.896622,564.651673,564.419306,564.200558,563.996260,563.805675,563.627982,563.463900,563.314692,563.178317,563.056769,562.949471,562.856111,562.776812,562.712852,562.663094,562.627755,562.607305,562.600960,562.609768,562.633493,562.672543,562.726271,562.795730,562.880573,562.980667,563.095970,563.226999,563.373826,563.536043,563.714551,563.908566,564.118409,564.344310,564.586916,564.845655,565.120437,565.412043,565.720035,566.044702,566.386121,566.744904,567.120410,567.512899,567.922771,568.349269,568.793409,569.255087,569.734548,570.231539,570.746057,571.278532,571.829457,572.397746,572.984156,573.588740,574.211933,574.853616,575.513729,576.192840,576.890743,577.607103,578.342606,579.097294,579.871223,580.664177,581.476692,582.308592,583.160401,584.031873,584.923114,585.834406,586.765932,587.717311,588.689241,589.681346,590.693872,591.727085,592.781360,593.856139,594.951802,596.068360,597.206234,598.365295,599.545814,600.747903,601.971660,603.217275,604.484833,605.774176,607.085766,608.419754,609.775928,611.154866,612.556268,613.980114,615.426976,616.896718,618.389429,619.905345,621.444564,623.007137,624.593391,626.203368,627.837366,629.495423,631.177311,632.883131,634.613556,636.368269,638.147532,639.951454,641.780278,643.633984,645.512817,647.416796,649.346181,651.301208,653.281646,655.287960,657.320036,659.378045,661.462072,663.572595,665.709536,667.872859,670.062869,672.279571,674.523259,676.793985,679.091931,681.417193,683.769923,686.150260,688.558477,690.994334,693.458264,695.950399,698.470813,701.019603,703.597003,706.203202,708.838138,711.502092,714.195304,716.917643,719.669279,722.450639,725.261669,728.102654,730.973464,733.874694,736.805924,739.767911,742.760085,745.782888,748.836815,751.921354,755.037350,758.184616,761.363131,764.573233,767.815349,771.088998,774.394650,777.732582,781.102745,784.505447,787.940611,791.408729,794.909538,798.443337,802.010336,805.610754,809.244648,812.912248,816.613707,820.348981,824.118319,827.921814,831.759764,835.632006,839.539186,843.481093,847.458155,851.470214,855.517652,859.600483,863.718870,867.873034,872.063103,876.289162,880.551516,884.850236,889.185394,893.557166,897.965977,902.411813,906.894553,911.414582,915.971909,920.566771,925.199670,929.870124,934.578777,939.325891,944.110993,948.934769,953.797157,958.698297,963.638294,968.617434,973.636106,978.693946,983.791385,988.928467,994.105599,999.322615,1004.579857,1009.877510,1015.215446,1020.593982,1026.013428,1031.473690,1036.975043,1042.517808,1048.102038,1053.727818,1059.395345,1065.104453,1070.855821,1076.649056,1082.484790,1088.363096,1094.283730,1100.247342,1106.253905,1112.303277,1118.395860,1124.531804,1130.711319,1136.934400,1143.201482,1149.512370,1155.867398,1162.266734,1168.710396,1175.198865,1181.731879,1188.309747,1194.932641,1201.600580,1208.313786,1215.072536,1221.876789,1228.726745,1235.622576,1242.564460,1249.552476,1256.586703,1263.667924,1270.795336,1277.969456,1285.190492,1292.458540,1299.773738,1307.136412,1314.546373,1322.003897
849.400406,847.554339,845.711382,843.871434,842.034367,840.200339,838.369193,836.541176,834.716156,832.894060,831.075047,829.259118,827.446573,825.636831,823.830578,822.027517,820.227218,818.430576,816.637321,814.847330,813.060327,811.277011,809.497162,807.720694,805.947542,804.177799,802.411735,800.649112,798.889845,797.134187,795.382041,793.572600,791.888765,790.147588,788.410184,786.676441,784.946229,783.219971,781.497114,779.778399,778.063640,776.352704,774.645657,772.942378,771.243111,769.547835,767.856659,766.169498,764.486468,762.807427,761.132151,759.461510,757.794944,756.132706,754.474767,752.821028,751.171670,749.526529,747.885746,746.249354,744.646167,742.990001,741.367089,739.748647,738.134715,736.525410,734.920557,733.320529,731.725193,730.138280,728.548711,726.746955,725.390951,723.819580,722.253030,720.691436,719.134636,717.582873,716.036068,714.494400,712.951054,711.426162,709.882257,708.378307,706.862377,705.351831,703.846465,702.346226,700.851415,699.362045,697.878198,696.399902,694.926942,693.459606,691.997627,690.541339,689.090805,687.646023,686.211657,684.773933,683.346316,681.924442,680.490719,679.098302,677.693787,676.296666,674.803897,673.519424,672.139918,670.764803,669.399016,667.975405,666.683531,665.335049,663.992934,662.657914,661.327782,660.005301,658.673878,657.378928,656.076852,654.780025,653.490262,652.207244,650.929503,649.659843,648.398903,647.142794,645.893637,644.601150,643.418349,642.191178,640.971598,639.759019,638.553088,637.355384,636.164507,634.980702,633.798025,632.636867,631.475779,630.322465,629.177065,628.038562,626.908171,625.789831,624.666719,623.564639,622.448405,621.373307,620.291897,619.216639,618.151326,617.043563,616.042898,614.999394,613.967391,612.942015,611.923083,610.914356,609.916840,608.925658,607.944005,606.970056,606.005042,605.047800,604.101752,603.163508,602.234425,601.313075,600.372244,599.500880,598.584773,597.721686,596.849834,595.985005,595.127153,594.285113,593.445611,592.619945,591.802924,590.996221,590.198358,589.401337,588.633349,587.850955,587.107831,586.360728,585.623032,584.896920,584.185848,583.472771,582.765894,582.090610,581.411678,580.753098,580.100061,579.457642,578.825163,578.204825,577.594320,576.987536,576.407612,575.830364,575.264814,574.708706,574.168718,573.635483,573.115361,572.604944,572.110003,571.624599,571.152259,570.685979,570.239369,569.799986,569.375172,568.959457,568.560521,568.171721,567.796127,567.430934,567.079001,566.740001,566.412882,566.100140,565.798954,565.511224,565.235531,564.974082,564.723680,564.488674,564.265175,564.055551,563.860987,563.679604,563.510508,563.354869,563.214092,563.086521,562.972033,562.872894,562.787091,562.715485,562.658110,562.615664,562.587456,562.573438,562.574256,562.589164,562.618888,562.663846,562.723584,562.798140,562.888206,562.993568,563.113828,563.249655,563.400912,563.567575,563.749770,563.948059,564.161540,564.390746,564.636435,564.898421,565.176325,565.470110,565.780743,566.107719,566.450843,566.811597,567.188520,567.582254,567.992955,568.420781,568.865202,569.327316,569.806864,570.303917,570.818186,571.350162,571.899943,572.467845,573.053026,573.655937,574.277401,574.917146,575.575068,576.251828,576.946966,577.660538,578.392915,579.144291,579.914559,580.703692,581.512069,582.339673,583.186643,584.053323,584.939320,585.845335,586.771065,587.716735,588.682393,589.668175,590.674092,591.700239,592.747470,593.814671,594.902558,596.011387,597.140845,598.291460,599.463232,600.656173,601.870554,603.106405,604.364072,605.643352,606.944392,608.267577,609.612807,610.980385,612.370212,613.782358,615.216990,616.674291,618.154321,619.657230,621.183192,622.732093,624.304545,625.900330,627.519780,629.162728,630.829833,632.520538,634.234972,635.973943,637.736913,639.524185,641.336154,643.172821,645.034059,646.920266,648.831515,650.768154,652.729849,654.717132,656.729796,658.768193,660.832327,662.922383,665.038776,667.181189,669.349889,671.545083,673.766781,676.015271,678.290646,680.593053,682.922525,685.279337,687.663537,690.075304,692.514703,694.982007,697.477189,700.000489,702.551957,705.131944,707.740347,710.377374,713.043235,715.738074,718.461819,721.214910,723.997329,726.809208,729.650864,732.522138,735.423657,738.355215,741.316802,744.308548,747.330776,750.383919,753.467462,756.582316,759.728100,762.905005,766.113233,769.353301,772.624677,775.927840,779.263069,782.630312,786.029876,789.461697,792.926230,796.423232,799.953032,803.515798,807.111809,810.741003,814.403683,818.100102,821.829953,825.593695,829.391425,833.223358,837.089446,840.990051,844.925277,848.895415,852.900323,856.940359,861.015603,865.126199,869.272246,873.454014,877.671542,881.925213,886.214859,890.540789,894.903099,899.302216,903.738123,908.210700,912.720305,917.267002,921.851013,926.472804,931.131901,935.829187,940.564279,945.337323,950.148802,954.998654,959.887018,964.813999,969.779883,974.785058,979.829160,984.912619,990.035479,995.198149,1000.400456,1005.642748,1010.925208,1016.247706,1021.610580,1027.014082,1032.458174,1037.943112,1043.469439,1049.036754,1054.645169,1060.295306,1065.986762,1071.720215,1077.495336,1083.312964,1089.172359,1095.074112,1101.018597,1107.005784,1113.035531,1119.108242,1125.224054,1131.383209,1137.585823,1143.831884,1150.121655,1156.455315,1162.833034,1169.254927,1175.721182,1182.231862,1188.787080,1195.387108,1202.031930,1208.721767,1215.456899,1222.237283,1229.063120,1235.934581,1242.851843,1249.814988,1256.824093,1263.879941,1270.981729,1278.129973,1285.324884,1292.566554,1299.855125,1307.190921,1314.573752,1322.003897
842.203893,840.391260,838.581446,836.774629,834.970593,833.169650,831.371634,829.576567,827.784566,825.995529,824.209540,822.426809,820.647012,818.870471,817.097183,815.326719,813.559635,811.796076,810.035702,808.278523,806.524502,804.774154,803.027148,801.283363,799.543055,797.806199,796.072932,794.342996,792.616554,790.893615,789.174237,787.458518,785.746365,784.037926,782.333187,780.631905,778.934514,777.240580,775.550541,773.864470,772.182261,770.503870,768.829164,767.158440,765.491727,763.828930,762.170160,760.515487,758.864746,757.217875,755.575280,753.936861,752.302722,750.672829,748.667673,747.425661,745.808418,744.195548,742.586860,740.982656,739.382909,737.787593,736.196768,734.610312,733.028514,731.451054,729.878309,728.302872,726.746860,725.188154,723.634020,722.041680,720.540093,719.000531,717.465746,715.935897,714.410816,712.744214,711.375599,709.865471,708.360322,706.860506,705.365329,703.875692,702.391257,700.912122,699.437993,697.971791,696.505829,695.047792,693.595192,692.148212,690.706566,689.270203,687.839453,686.414389,684.994996,683.581381,682.145207,680.771107,679.356604,677.983386,676.597372,675.219335,673.845085,672.479290,671.117926,669.763299,668.413046,667.071347,665.577900,664.404156,663.079780,661.761967,660.346529,659.145183,657.827615,656.634222,655.267688,653.988404,652.693344,651.397796,650.196558,648.936596,647.690451,646.450666,645.217748,643.941057,642.773093,641.561468,640.357245,639.160024,637.969235,636.786820,635.615022,634.437865,633.281848,632.126685,630.972141,629.840954,628.700069,627.584318,626.468687,625.359616,624.257801,623.164554,622.079105,621.000895,619.931117,618.866824,617.815672,616.774266,615.732107,614.702307,613.676709,612.668196,611.661653,610.664609,609.673271,608.695773,607.724317,606.761899,605.807672,604.861088,603.912102,602.996408,602.075876,601.166706,600.264841,599.332846,598.488517,597.613553,596.747870,595.892126,595.045332,594.207973,593.381293,592.558853,591.750935,590.950716,590.161145,589.380428,588.607025,587.843441,587.073699,586.356700,585.610760,584.904557,584.192295,583.499489,582.802260,582.110807,581.451029,580.788366,580.144148,579.506373,578.879011,578.262044,577.654973,577.059804,576.466398,575.901477,575.340142,574.789617,574.243408,573.718280,573.199548,572.695387,572.198578,571.712674,571.240317,570.781730,570.329868,569.892577,569.467042,569.053501,568.650716,568.261932,567.884998,567.520863,567.168706,566.828290,566.498628,566.182741,565.880771,565.591148,565.311997,565.046499,564.794644,564.554724,564.328562,564.115941,563.915741,563.728551,563.556245,563.396472,563.249935,563.116551,562.997929,562.892022,562.799953,562.722110,562.658075,562.607647,562.572493,562.551170,562.543826,562.551393,562.572496,562.608412,562.659026,562.724638,562.804868,562.900247,563.010811,563.136051,563.276455,563.432172,563.603628,563.789655,563.991859,564.209532,564.442281,564.690972,564.956048,565.237023,565.533602,565.846728,566.175832,566.521187,566.883064,567.262060,567.657194,568.069230,568.498012,568.943380,569.405865,569.885584,570.382710,570.896836,571.428330,571.977530,572.544641,573.128702,573.730704,574.350341,574.988254,575.644166,576.318587,577.011237,577.722384,578.451578,579.199598,579.966501,580.752078,581.556354,582.379832,583.222362,584.084213,584.965538,585.866117,586.786472,587.726332,588.686027,589.665723,590.665149,591.684658,592.724408,593.784808,594.865297,595.966253,597.087658,598.230070,599.393146,600.577234,601.782475,603.009125,604.256946,605.526353,606.817189,608.129795,609.464363,610.820674,612.199307,613.599959,615.022647,616.467826,617.935456,619.425637,620.938551,622.474311,624.032958,625.614845,627.219982,628.848675,630.500961,632.176482,633.875843,635.598964,637.346065,639.117147,640.912464,642.732197,644.576411,646.445106,648.338541,650.256895,652.200401,654.168826,656.162633,658.181706,660.226215,662.296336,664.392263,666.514198,668.662011,670.836003,673.036243,675.262827,677.516001,679.795881,682.102606,684.436188,686.796902,689.184973,691.600176,694.042896,696.513274,699.011467,701.537524,704.091553,706.673918,709.284415,711.923467,714.591095,717.287534,720.012612,722.766868,725.550247,728.362882,731.205088,734.076888,736.978381,739.909951,742.871150,745.862418,748.884022,751.936274,755.018802,758.132372,761.276526,764.451700,767.658063,770.895888,774.164894,777.465539,780.797900,784.162128,787.558461,790.987057,794.447703,797.940822,801.466520,805.025046,808.616463,812.240869,815.898755,819.589782,823.314290,827.072335,830.864159,834.690069,838.549764,842.443823,846.372277,850.335356,854.333101,858.365758,862.433267,866.535937,870.673827,874.847248,879.056178,883.301086,887.581608,891.898247,896.251250,900.640542,905.066314,909.528669,914.027818,918.563824,923.136969,927.747538,932.395218,937.081022,941.804110,946.565045,951.364178,956.201446,961.077104,965.990972,970.943610,975.935219,980.965574,986.034879,991.143476,996.291738,1001.479202,1006.706567,1011.973735,1017.280759,1022.628020,1028.015458,1033.443346,1038.911935,1044.421471,1049.971850,1055.563082,1061.195793,1066.869576,1072.585110,1078.342067,1084.141284,1089.982047,1095.864870,1101.790204,1107.757993,1113.768094,1119.820911,1125.916718,1132.055347,1138.237324,1144.462498,1150.731064,1157.043411,1163.399498,1169.799663,1176.243634,1182.731935,1189.264524,1195.841678,1202.463366,1209.129825,1215.841329,1222.597836,1229.399545,1236.246628,1243.139262,1250.077529,1257.061506,1264.091976,1271.168135,1278.290501,1285.459282,1292.674574,1299.936515,1307.245431,1314.601132,1322.003897
835.121207,833.341318,831.564211,829.790134,828.018882,826.250542,824.485269,822.722763,820.963540,819.207259,817.453958,815.703886,813.956693,812.212667,810.471654,808.734157,806.999746,805.268751,803.540927,801.816041,800.094880,798.377023,796.662348,794.951109,793.243282,791.539005,789.837943,788.140482,786.446409,784.755855,783.068917,781.385542,779.705734,778.029675,776.357004,774.688178,773.023053,771.361201,769.703560,768.049700,766.399685,764.753312,763.110920,761.472282,759.837636,758.206970,756.580353,754.957620,753.338941,751.724020,749.726418,748.507129,746.904913,745.306923,743.713230,742.098259,740.538230,738.957202,737.380281,735.807925,734.208499,732.676405,731.121085,729.562511,728.012284,726.466463,724.925482,723.389036,721.857209,720.329906,718.807214,717.289466,715.776402,714.268368,712.765054,711.266445,709.772701,708.283991,706.802818,705.321227,703.847495,702.378591,700.914894,699.456430,698.003081,696.554818,695.111834,693.674177,692.241823,690.810346,689.393334,687.989562,686.566333,685.160679,683.818827,682.366656,680.978080,679.594994,678.199600,676.846015,675.556469,674.119442,672.765115,671.416349,670.073428,668.737231,667.405283,666.082143,664.763392,663.450558,662.144738,660.844201,659.549933,658.262043,656.980629,655.705338,654.436344,653.174521,651.917969,650.668140,649.425208,648.187418,646.958940,645.735295,644.511942,643.308513,642.104624,640.914627,639.720156,638.538313,637.363328,636.194886,635.025070,633.880557,632.733536,631.594441,630.462126,629.336792,628.219568,627.109954,626.006755,624.911281,623.804135,622.738445,621.670503,620.606043,619.548386,618.469859,617.461257,616.425130,615.399781,614.376153,613.372667,612.371048,611.377234,610.363793,609.415429,608.445730,607.483805,606.483934,605.589340,604.654873,603.727061,602.809373,601.903805,600.995913,600.107630,599.222039,598.350013,597.483381,596.627890,595.780306,594.942859,594.112845,593.293460,592.482901,591.681679,590.888807,590.105703,589.332631,588.569438,587.820382,587.070571,586.336649,585.612032,584.888632,584.192146,583.496007,582.818945,582.137469,581.461648,580.817270,580.170138,579.540840,578.918287,578.305215,577.702872,577.111146,576.530399,575.951142,575.400771,574.852324,574.314561,573.787778,573.271297,572.764023,572.275153,571.793275,571.322942,570.860395,570.414924,569.976160,569.551007,569.138183,568.732545,568.343066,567.968477,567.603409,567.249989,566.908336,566.578501,566.259848,565.956060,565.664239,565.385390,565.115805,564.861962,564.619081,564.390676,564.172693,563.969628,563.778407,563.600468,563.437420,563.286586,563.148430,563.023635,562.912868,562.815415,562.730714,562.660892,562.604129,562.561578,562.532670,562.518476,562.518273,562.532067,562.560293,562.602072,562.658642,562.729864,562.815975,562.916438,563.032157,563.162646,563.307951,563.468399,563.643992,563.834605,564.040501,564.262186,564.498875,564.750635,565.018744,565.302826,565.602442,565.917688,566.249665,566.597127,566.960748,567.341525,567.738192,568.151338,568.581215,569.027630,569.490686,569.970605,570.467828,570.982204,571.513373,572.061981,572.628105,573.211865,573.812554,574.430766,575.066934,575.721063,576.393238,577.083569,577.792032,578.518549,579.263506,580.027085,580.809161,581.609726,582.429133,583.267418,584.124663,585.001108,585.896715,586.811842,587.746259,588.700233,589.673810,590.667056,591.680041,592.712932,593.766278,594.839597,595.932954,597.046749,598.180939,599.335672,600.511220,601.707484,602.924862,604.163280,605.423075,606.703976,608.006252,609.330240,610.675838,612.043264,613.432699,614.843841,616.277052,617.732568,619.210299,620.710471,622.233320,623.778519,625.346820,626.938092,628.552529,630.190002,631.851169,633.535462,635.243035,636.974666,638.729826,640.508903,642.312025,644.139455,645.990980,647.866991,649.767561,651.693036,653.643081,655.618095,657.618260,659.643534,661.694063,663.770041,665.871606,667.999095,670.152163,672.331211,674.536304,676.767684,679.025401,681.309655,683.620481,685.958087,688.322623,690.714256,693.132847,695.578832,698.052224,700.553208,703.081842,705.638401,708.222941,710.835527,713.476394,716.145781,718.843537,721.569877,724.325179,727.109403,729.922830,732.765327,735.637519,738.538891,741.470290,744.431112,747.421796,750.442836,753.493726,756.575282,759.687342,762.829868,766.003212,769.207782,772.443101,775.709634,779.007583,782.337125,785.698335,789.091213,792.516246,795.973136,799.462283,802.983790,806.537968,810.124698,813.744382,817.397111,821.082842,824.801820,828.554136,832.340087,836.159508,840.013042,843.900476,847.822237,851.778094,855.768641,859.793676,863.853444,867.948127,872.077876,876.242797,880.443161,884.679080,888.950479,893.257765,897.601209,901.980745,906.396465,910.848543,915.337092,919.862313,924.424622,929.023804,933.660132,938.334215,943.045399,947.794181,952.580977,957.405529,962.268318,967.169078,972.108535,977.086393,982.102923,987.158163,992.252571,997.386173,1002.558920,1007.771190,1013.023090,1018.314604,1023.646113,1029.017556,1034.429206,1039.881314,1045.374133,1050.907537,1056.481558,1062.096812,1067.752894,1073.450482,1079.189275,1084.970029,1090.792110,1096.656004,1102.562282,1108.510532,1114.500966,1120.533868,1126.609514,1132.727734,1138.889055,1145.093325,1151.340739,1157.631687,1163.966126,1170.344396,1176.766222,1183.232130,1189.742077,1196.296340,1202.894889,1209.537960,1216.225827,1222.958447,1229.736020,1236.558718,1243.426717,1250.340099,1257.298942,1264.304029,1271.354555,1278.451039,1285.593688,1292.782597,1300.017907,1307.299942,1314.628513,1322.003897
828.151124,826.403530,824.658893,822.917051,821.178198,819.442235,817.403967,815.979233,814.252309,812.528202,810.807278,809.089173,807.374297,805.662458,803.825974,802.248774,800.546576,798.847781,797.151901,795.459525,793.770507,792.084631,790.402099,788.723047,787.047319,785.375031,783.706039,782.040659,780.378625,778.720164,777.065257,775.413847,773.766012,772.121843,770.481181,768.844277,767.210703,765.581094,763.955322,762.333307,760.714982,759.100535,757.489976,755.883083,754.280161,752.681299,750.691688,749.495281,747.908133,746.325103,744.746292,743.171435,741.575022,740.034510,738.472242,736.914132,735.360319,733.810614,732.265318,730.724400,728.856869,727.655614,726.127799,724.604385,723.085624,721.571141,720.061368,718.556157,716.788026,715.559392,714.067923,712.581245,711.063679,709.622492,708.150092,706.682532,705.219879,703.762149,702.309190,700.861269,699.418206,697.980379,696.547534,695.119835,693.697164,692.279714,690.867520,689.460447,688.058755,686.662512,685.271607,683.885881,682.505417,681.130470,679.761230,678.397456,677.039140,675.686536,674.339603,672.997014,671.662026,670.330904,669.007718,667.689187,666.375231,665.070513,663.769927,662.475202,661.186823,659.904197,658.627288,657.356857,656.092691,654.834519,653.582640,652.337745,651.097807,649.864979,648.630845,647.416743,646.204910,644.997760,643.796973,642.602415,641.413798,640.234573,639.060939,637.894435,636.734678,635.581210,634.435945,633.284199,632.164897,631.033659,629.922449,628.811608,627.707518,626.602137,625.522279,624.441533,623.367088,622.300212,621.240421,620.189518,619.145376,618.108425,617.077152,616.058860,615.050902,614.038977,613.043582,612.064103,611.072221,610.098104,609.130383,608.172455,607.225180,606.284141,605.351163,604.426731,603.510577,602.602651,601.704002,600.816759,599.931032,599.058960,598.190561,597.336882,596.465783,595.651448,594.821613,594.001245,593.181922,592.386993,591.594008,590.809709,590.034374,589.268045,588.512090,587.765652,587.032212,586.300127,585.561893,584.873912,584.166802,583.486837,582.808359,582.122494,581.479155,580.831256,580.191143,579.557188,578.943021,578.336042,577.737798,577.150081,576.572764,576.006662,575.450819,574.905470,574.370434,573.846941,573.332106,572.831343,572.336932,571.861670,571.388810,570.932792,570.483665,570.051483,569.626528,569.213243,568.812741,568.421637,568.044974,567.677098,567.326384,566.982551,566.653046,566.334392,566.028186,565.733876,565.451282,565.182925,564.926287,564.681014,564.448575,564.229926,564.021245,563.826867,563.646214,563.477332,563.321862,563.180287,563.051203,562.934905,562.831713,562.742872,562.666600,562.603620,562.554682,562.519341,562.497482,562.490354,562.497072,562.517268,562.552130,562.600258,562.662777,562.739715,562.831437,562.937560,563.058242,563.194094,563.344114,563.509161,563.689133,563.884308,564.094177,564.319611,564.560246,564.815655,565.086747,565.373758,565.676482,565.994512,566.328767,566.678520,567.044299,567.426320,567.825021,568.239536,568.670561,569.117919,569.581800,570.062316,570.559732,571.074082,571.605298,572.153495,572.718911,573.301759,573.901892,574.518696,575.153291,575.805694,576.475730,577.163943,577.869944,578.593821,579.335966,580.096261,580.875064,581.672163,582.487640,583.321821,584.174802,585.046571,585.937502,586.847298,587.776478,588.724771,589.692615,590.679897,591.686409,592.712853,593.759084,594.825470,595.911551,597.017758,598.143969,599.290774,600.457808,601.645605,602.853864,604.083212,605.333357,606.604640,607.896925,609.210551,610.545678,611.902067,613.280420,614.680473,616.102009,617.545597,619.011193,620.498894,622.008881,623.541286,625.096096,626.673701,628.274114,629.897596,631.544262,633.213679,634.906473,636.622548,638.362145,640.125287,641.912128,643.722996,645.557830,647.416670,649.299771,651.207311,653.139522,655.096168,657.077712,659.083973,661.115300,663.171688,665.253348,667.360569,669.493198,671.651472,673.835543,676.045356,678.281304,680.543439,682.831934,685.146743,687.488213,689.856365,692.251414,694.673304,697.122425,699.598706,702.102385,704.633511,707.192431,709.779095,712.393545,715.036150,717.707075,720.406016,723.133640,725.889849,728.674770,731.488729,734.331552,737.203869,740.105469,743.036342,745.996614,748.986607,752.006750,755.056526,758.136846,761.247324,764.388149,767.559522,770.761956,773.994919,777.258886,780.554133,783.880608,787.238614,790.628086,794.049477,797.502554,800.987604,804.504833,808.054458,811.636556,815.251286,818.898946,822.579229,826.292589,830.039124,833.819045,837.632213,841.479272,845.360009,849.274850,853.223633,857.206739,861.224180,865.276127,869.362763,873.484250,877.640659,881.832293,886.059220,890.321511,894.619337,898.953125,903.322855,907.728408,912.170147,916.648130,921.162542,925.713899,930.301719,934.926643,939.588929,944.288106,949.024857,953.799031,958.611025,963.460749,968.348380,973.274467,978.238674,983.241336,988.282529,993.362533,998.481550,1003.639472,1008.836677,1014.073303,1019.349239,1024.664960,1030.020374,1035.415752,1040.851347,1046.327411,1051.843836,1057.400595,1062.998364,1068.636716,1074.316331,1080.036906,1085.799198,1091.602571,1097.447728,1103.334594,1109.263401,1115.234145,1121.247112,1127.302577,1133.400369,1139.541015,1145.724364,1151.950610,1158.220142,1164.532918,1170.889277,1177.288945,1183.732447,1190.219740,1196.751101,1203.326500,1209.946279,1216.610391,1223.319116,1230.072545,1236.870849,1243.714207,1250.602601,1257.536402,1264.516209,1271.540990,1278.611587,1285.728100,1292.890626,1300.099302,1307.354454,1314.655893,1322.003897
821.292562,819.576988,817.864407,816.154623,814.447660,812.743741,811.042768,809.344805,807.649795,805.957536,804.268294,802.582383,800.899243,799.219560,797.543025,795.869505,794.199352,792.532078,790.868361,789.207782,787.550399,785.896321,784.245684,782.598332,780.954249,779.313745,777.676633,776.042748,774.412463,772.785691,771.162331,769.542591,767.926364,766.313721,764.704758,763.099155,761.483294,759.899314,758.305048,756.714428,755.127684,753.544694,751.563613,750.390035,748.818580,747.251001,745.687371,744.127556,742.571811,740.994010,739.472677,737.929052,736.389784,734.854640,733.323503,731.796634,730.273892,728.755349,727.241212,725.731402,724.225827,722.724633,721.227787,719.690817,718.206610,716.764243,715.285289,713.810828,712.341040,710.875758,709.415189,707.959388,706.508502,705.062140,703.620372,702.183544,700.751580,699.417726,697.902047,696.484489,695.075425,693.664872,692.262569,690.865148,689.473001,688.086023,686.704129,685.327489,683.956159,682.590169,681.229464,679.873804,678.523626,677.108378,675.838271,674.506061,673.177918,671.854386,670.537985,669.225507,667.920572,666.620096,665.325925,664.037168,662.754780,661.478129,660.207224,658.941794,657.683268,656.426956,655.269338,653.942139,652.707388,651.508787,650.256946,649.040178,647.822212,646.546643,645.428434,644.238371,643.053689,641.875779,640.702215,639.537455,638.380383,637.228948,636.084662,634.946873,633.815143,632.696247,631.576347,630.463762,629.360720,628.245061,627.174940,626.061458,625.012205,623.950340,622.889901,621.840533,620.789948,619.751640,618.720528,617.696323,616.681015,615.676141,614.672255,613.679458,612.688034,611.716608,610.746925,609.788836,608.832134,607.884734,606.943315,606.015915,605.044059,604.180298,603.275023,602.377203,601.488207,600.607689,599.734644,598.859954,598.015984,597.170512,596.332563,595.503029,594.680842,593.870130,593.067303,592.272413,591.488974,590.713109,589.945925,589.197763,588.439141,587.677888,586.969920,586.247360,585.537095,584.835777,584.143546,583.460831,582.792580,582.124558,581.455209,580.827308,580.194868,579.570017,578.951381,578.352233,577.759918,577.176266,576.603264,576.040298,575.488736,574.949086,574.415620,573.894583,573.385140,572.882511,572.396105,571.916667,571.451778,570.993475,570.549287,570.116766,569.693941,569.284659,568.878938,568.492601,568.114007,567.748636,567.394364,567.051333,566.720940,566.404635,566.095914,565.800944,565.516294,565.245100,564.986668,564.740792,564.504070,564.282134,564.071809,563.874650,563.689050,563.517640,563.357831,563.210792,563.078518,562.957858,562.850428,562.755612,562.674164,562.606200,562.550932,562.509508,562.481418,562.467162,562.466239,562.479950,562.507101,562.548250,562.603188,562.671384,562.754206,562.851344,562.963280,563.089064,563.229735,563.385129,563.554936,563.739258,563.938955,564.153164,564.382249,564.626808,564.886225,565.160291,565.450317,565.756052,566.077013,566.413551,566.765949,567.133774,567.517530,567.917766,568.334055,568.766171,569.214700,569.679424,570.160643,570.658264,571.172774,571.704175,572.252080,572.816812,573.398986,573.998245,574.614261,575.247374,575.898114,576.566399,577.252374,577.956178,578.677593,579.417054,580.174226,580.949662,581.743528,582.555327,583.385566,584.234400,585.101667,585.987775,586.892871,587.816830,588.759854,589.721938,590.703288,591.703900,592.723877,593.763340,594.822880,595.901980,597.000714,598.119499,599.258262,600.417124,601.596415,602.796008,604.016299,605.257212,606.519045,607.801640,609.105153,610.430061,611.775893,613.143145,614.532246,615.942471,617.374332,618.828059,620.303562,621.801066,623.320803,624.862664,626.426742,628.013509,629.623065,631.255207,632.910561,634.588584,636.289554,638.013873,639.761402,641.532333,643.326889,645.145253,646.987253,648.853306,650.743366,652.657853,654.596512,656.559619,658.547394,660.559795,662.596964,664.659188,666.746321,668.858898,670.996676,673.159950,675.348790,677.563286,679.803683,682.070114,684.362658,686.681382,689.026536,691.398347,693.796570,696.221670,698.673662,701.152726,703.658972,706.192517,708.753590,711.342117,713.958472,716.602676,719.274960,721.975151,724.703784,727.460802,730.246485,733.060699,735.903910,738.776065,741.677549,744.607908,747.567581,750.556833,753.575972,756.624657,759.703557,762.812305,765.951304,769.120720,772.320825,775.551333,778.812636,782.105008,785.428398,788.783107,792.169292,795.586737,799.035864,802.516775,806.029575,809.574756,813.151981,816.761884,820.404124,824.079037,827.786646,831.527291,835.301175,839.108030,842.948433,846.822412,850.730196,854.671824,858.647466,862.657281,866.701356,870.779821,874.892985,879.040826,883.223745,887.441572,891.694612,895.982960,900.307041,904.666835,909.062221,913.493555,917.960898,922.464469,927.004735,931.581207,936.194598,940.845095,945.532247,950.256740,955.018507,959.817686,964.654446,969.528877,974.441559,979.392062,984.380813,989.407858,994.473474,999.577867,1004.720925,1009.903197,1015.124310,1020.384663,1025.684562,1031.023911,1036.402985,1041.822034,1047.281310,1052.780706,1058.320192,1063.900447,1069.521041,1075.182655,1080.885054,1086.628790,1092.413432,1098.239613,1104.107258,1110.016599,1115.967632,1121.960643,1127.995839,1134.073252,1140.193205,1146.355615,1152.560676,1158.808856,1165.099873,1171.434307,1177.811803,1184.232886,1190.697512,1197.205978,1203.758198,1210.354568,1216.995023,1223.679843,1230.409119,1237.183024,1244.001733,1250.865230,1257.773886,1264.728299,1271.727438,1278.772145,1285.862520,1292.998658,1300.180699,1307.408967,1314.683274,1322.003897
814.544784,812.861014,811.179901,809.501838,807.826573,806.154296,804.423657,802.818494,801.154951,799.494175,797.836815,796.182240,794.530910,792.882760,791.237746,789.595734,787.956838,786.321383,784.689029,783.059834,781.433905,779.811325,778.192101,776.576148,774.963450,773.354316,771.748423,770.146014,768.547079,766.951515,765.359522,763.770987,762.185981,760.604694,759.026695,757.164678,755.881897,754.407906,752.751906,751.192505,749.636855,748.084917,746.536692,744.992424,743.452075,741.915451,740.382274,738.854090,737.329314,735.808661,734.291891,732.779430,731.271043,729.523471,728.266394,726.770267,725.271036,723.790647,722.307289,720.828118,719.353313,717.604944,716.416714,714.954989,713.497636,712.044860,710.596432,709.152602,707.713396,706.278517,704.848513,703.423211,702.002688,700.586545,699.175283,697.768830,696.367016,694.970215,693.577893,692.190851,690.808838,689.431547,688.059196,686.691986,685.329922,683.973020,682.621279,681.279870,679.933334,678.597193,677.266275,675.940663,674.700900,673.305460,671.996092,670.691209,669.393668,668.099289,666.812936,665.530826,664.087456,662.982512,661.718952,660.460281,659.207107,657.960116,656.718209,655.482467,654.252593,653.029028,651.811209,650.599312,649.339627,648.203518,646.998952,645.813465,644.630671,643.457819,642.289384,641.127132,639.971569,638.820800,637.684390,636.542641,635.413530,634.291008,633.174338,632.056027,630.963316,629.867584,628.778552,627.697100,626.702760,625.553419,624.492534,623.437692,622.391450,621.351952,620.263574,619.293331,618.276125,617.265297,616.261545,615.264066,614.273899,613.300520,612.322575,611.359415,610.400262,609.451799,608.509145,607.573929,606.647847,605.728818,604.816571,603.914605,603.020002,602.133811,601.253798,600.384121,599.522034,598.663538,597.823124,596.986120,596.156934,595.337724,594.526048,593.721021,592.933853,592.143262,591.364198,590.600792,589.840761,589.090860,588.354961,587.617773,586.891510,586.181642,585.475276,584.781671,584.081927,583.407898,582.753624,582.101119,581.442306,580.811454,580.184672,579.565414,578.955516,578.352178,577.767760,577.190347,576.621171,576.062849,575.514963,574.977066,574.451258,573.931637,573.427176,572.928816,572.441181,571.966766,571.500376,571.048605,570.605235,570.170685,569.751831,569.341441,568.944087,568.553253,568.177409,567.812089,567.457695,567.111973,566.783494,566.463726,566.156561,565.859888,565.575549,565.301532,565.041851,564.793758,564.557448,564.331627,564.120225,563.919572,563.733320,563.556562,563.393376,563.243601,563.105093,562.980933,562.869445,562.770310,562.683890,562.610189,562.550615,562.503392,562.468916,562.448249,562.441169,562.447131,562.467753,562.501677,562.548941,562.610469,562.684909,562.773733,562.876460,562.993842,563.125172,563.270715,563.431162,563.605712,563.794730,563.998651,564.217139,564.450429,564.698531,564.961734,565.239543,565.532452,565.840955,566.165086,566.504129,566.858975,567.229089,567.614813,568.016502,568.434693,568.868208,569.317977,569.783584,570.265561,570.763715,571.278482,571.809860,572.357711,572.922157,573.503653,574.102122,574.717508,575.349514,575.998434,576.664934,577.348970,578.050690,578.769815,579.506534,580.261016,581.033414,581.823892,582.632217,583.458751,584.303473,585.166646,586.048107,586.948595,587.867265,588.805294,589.761872,590.737614,591.732404,592.746049,593.779158,594.831759,595.904150,596.995688,598.106972,599.238235,600.389118,601.560133,602.751306,603.962717,605.194741,606.447204,607.720294,609.013990,610.328733,611.664373,613.020930,614.399080,615.798391,617.218820,618.660729,620.124374,621.609741,623.116870,624.645976,626.197057,627.770486,629.366249,630.984652,632.625789,634.289225,635.975593,637.684673,639.417018,641.172352,642.950923,644.753057,646.578692,648.427865,650.300829,652.197761,654.118890,656.063979,658.033435,660.027236,662.045567,664.088477,666.156193,668.248774,670.366656,672.509477,674.677670,676.871013,679.090054,681.334776,683.605333,685.901750,688.224301,690.573062,692.948262,695.349586,697.777752,700.232564,702.714258,705.222892,707.758737,710.321903,712.912288,715.530303,718.176080,720.849519,723.550812,726.280336,729.038044,731.824228,734.638738,737.482204,740.354104,743.255351,746.185144,749.144113,752.132684,755.150349,758.197922,761.275240,764.382268,767.519333,770.686865,773.884376,777.112330,780.370939,783.660336,786.980637,790.331824,793.714385,797.128016,800.573116,804.049787,807.558337,811.098645,814.670986,818.275823,821.912714,825.582094,829.283986,833.018805,836.786322,840.586773,844.420545,848.287679,852.188393,856.122865,860.090933,864.092937,868.129052,872.199333,876.304089,880.443295,884.617420,888.826095,893.069822,897.348845,901.662942,906.012740,910.397950,914.818779,919.275437,923.768154,928.297212,932.862317,937.464289,942.102743,946.777820,951.490004,956.239230,961.025633,965.849318,970.710662,975.609769,980.546554,985.521352,990.534206,995.585520,1000.675123,1005.803359,1010.970409,1016.176142,1021.420876,1026.704916,1032.028167,1037.390903,1042.793441,1048.235834,1053.718166,1059.240350,1064.803061,1070.405869,1076.049455,1081.733704,1087.458806,1093.224691,1099.031872,1104.880272,1110.770125,1116.701427,1122.674461,1128.689435,1134.746382,1140.845624,1146.987078,1153.170936,1159.397669,1165.666992,1171.979487,1178.334891,1184.733447,1191.175395,1197.660935,1204.189982,1210.762933,1217.379722,1224.040629,1230.745744,1237.495240,1244.289294,1251.127888,1258.011393,1264.940408,1271.913901,1278.932714,1285.996947,1293.106696,1300.262099,1307.463482,1314.710655,1322.003897
807.906813,806.254406,804.604750,802.957939,801.313953,799.672870,798.034735,796.399577,794.767142,793.137838,791.511432,789.888325,788.268187,786.651238,785.037370,783.426354,781.818857,780.214516,778.613196,777.015035,775.420265,773.828814,772.240595,770.655594,769.074118,767.495713,765.921017,764.349621,762.781557,761.217023,759.655944,758.098253,756.544329,754.993625,753.446748,751.903389,750.399124,748.827588,747.295224,745.766652,744.241706,742.720554,741.203130,739.662474,738.179757,736.673760,735.171878,733.673773,732.179743,730.689662,729.203615,727.721626,726.243675,724.769869,723.299986,721.834446,720.373042,718.915786,717.462743,716.014015,714.408538,713.129399,711.693659,710.262086,708.835151,707.406716,705.994353,704.561732,703.171517,701.767038,700.367214,698.971957,697.581429,696.076707,694.814176,693.437553,692.065882,690.698722,689.336601,687.979503,686.627090,685.279608,683.951009,682.599744,681.267617,679.940339,678.618324,677.301416,675.989647,674.660855,673.271096,672.085550,670.794812,669.509521,668.229448,666.954906,665.685694,664.421712,663.163877,661.909091,660.664027,659.422635,658.186734,656.957575,655.730002,654.514832,653.302456,652.095651,650.894721,649.699711,648.499381,647.328085,646.151422,644.980126,643.813791,642.656812,641.504622,640.352176,639.218598,638.079840,636.962480,635.836116,634.722094,633.614903,632.513977,631.419169,630.318662,629.250757,628.169784,627.108797,626.122196,624.994120,623.935263,622.906891,621.873773,620.847425,619.832810,618.816219,617.811550,616.813803,615.791950,614.840195,613.868344,612.845453,611.936376,610.976983,610.037376,609.099389,608.172944,607.245332,606.327822,605.416721,604.522411,603.630525,602.746633,601.870710,601.002114,600.141804,599.291113,598.435484,597.608004,596.786844,595.962861,595.128118,594.351273,593.558652,592.774636,591.996561,591.228444,590.467489,589.720386,588.975019,588.244325,587.522914,586.804757,586.098577,585.401701,584.712056,584.036289,583.365362,582.705166,582.054079,581.412729,580.780264,580.158409,579.547155,578.938602,578.348206,577.760183,577.187421,576.627628,576.073028,575.528848,574.995370,574.472823,573.959904,573.454041,572.963470,572.478765,572.005933,571.543509,571.092464,570.651614,570.220195,569.799652,569.392828,568.995410,568.610257,568.232010,567.867435,567.514980,567.169711,566.838581,566.520463,566.213215,565.915384,565.630739,565.356684,565.095045,564.844691,564.604724,564.380517,564.166093,563.963356,563.772921,563.594604,563.428330,563.274027,563.133577,563.004827,562.887950,562.785156,562.694656,562.616572,562.551367,562.499241,562.460036,562.433163,562.419901,562.419783,562.433293,562.459982,562.500791,562.554865,562.622599,562.703865,562.798062,562.906741,563.029261,563.166309,563.316780,563.482214,563.662113,563.855611,564.063732,564.286714,564.524163,564.775928,565.042827,565.324455,565.620499,565.932081,566.258896,566.600933,566.958185,567.330778,567.718599,568.122011,568.541691,568.976911,569.427548,569.894496,570.377234,570.876213,571.391086,571.922637,572.470644,573.034908,573.615720,574.213582,574.828103,575.459023,576.106809,576.771557,577.453919,578.153616,578.870400,579.604696,580.356698,581.126010,581.913263,582.718407,583.541272,584.382110,585.241283,586.118505,587.014230,587.928462,588.861096,589.812610,590.782620,591.771662,592.779452,593.806260,594.852195,595.917601,597.002585,598.106637,599.230308,600.373560,601.536502,602.719478,603.922347,605.145477,606.389103,607.652738,608.936982,610.241711,611.567420,612.913631,614.280841,615.669363,617.078850,618.509354,619.961318,621.434659,622.929552,624.446238,625.984610,627.544775,629.127178,630.731927,632.358852,634.008472,635.680347,637.374840,639.091968,640.831983,642.594976,644.381068,646.190592,648.023327,649.879490,651.759274,653.663016,655.590460,657.541867,659.517493,661.517256,663.541309,665.589937,667.662992,669.760972,671.883736,674.031474,676.204288,678.402268,680.625654,682.874579,685.149120,687.449340,689.775491,692.127653,694.506006,696.910532,699.341576,701.799079,704.283276,706.794212,709.332235,711.897290,714.489416,717.108980,719.756147,722.430606,725.133024,727.863301,730.621708,733.408125,736.222937,739.066265,741.938334,744.838796,747.767978,750.726134,753.713691,756.730131,759.776472,762.851991,765.957211,769.092217,772.257523,775.452591,778.677895,781.933709,785.219979,788.537005,791.884709,795.263576,798.673336,802.114285,805.586628,809.090579,812.626190,816.193687,819.793216,823.424731,827.088447,830.784535,834.513207,838.274323,842.068523,845.895591,849.755953,853.649373,857.576446,861.536964,865.531171,869.559247,873.621352,877.717554,881.848157,886.013312,890.212785,894.447136,898.716583,903.021020,907.360648,911.735528,916.145808,920.591724,925.073469,929.591327,934.145054,938.735444,943.361890,948.024822,952.724649,957.461283,962.234981,967.045558,971.893571,976.779221,981.702280,986.662950,991.661572,996.698418,1001.773316,1006.886610,1012.038481,1017.228797,1022.457876,1027.726022,1033.033141,1038.379504,1043.765655,1049.190974,1054.656215,1060.161347,1065.706205,1071.291199,1076.916730,1082.582633,1088.289245,1094.036348,1099.824505,1105.653773,1111.523981,1117.435529,1123.388566,1129.383299,1135.419760,1141.498273,1147.618752,1153.781391,1159.986660,1166.234275,1172.524815,1178.858020,1185.234130,1191.653387,1198.115992,1204.621854,1211.171375,1217.764488,1224.401472,1231.082419,1237.807499,1244.576890,1251.390575,1258.248924,1265.152535,1272.100378,1279.093293,1286.131381,1293.214738,1300.343501,1307.517998,1314.738037,1322.003897
801.378059,799.756544,798.137838,796.521810,794.908793,793.298673,791.691518,790.087097,788.485754,786.887066,785.291789,783.699447,782.110239,780.524119,778.940910,777.360956,775.784235,774.210591,772.639888,771.072629,769.508597,767.947872,766.390270,764.836024,763.285135,761.737532,759.893226,758.652658,757.115290,755.581294,754.050733,752.523763,751.000139,749.480242,747.963803,746.450938,744.941717,743.436146,741.934310,740.436102,738.914111,737.450791,735.963861,734.480522,733.001008,731.525568,730.054000,728.586163,727.122380,725.662697,724.206797,722.754958,721.307267,719.820174,718.423943,716.942194,715.557148,714.130532,712.669458,711.288213,709.873885,708.463796,707.058009,705.656465,704.281950,702.866576,701.478391,700.094608,698.715239,697.340635,695.970540,694.605119,693.244156,691.887908,690.536225,689.189426,687.847085,686.509812,685.177245,683.849647,682.526618,681.208666,679.895757,678.588003,677.285157,675.987354,674.694620,673.387229,672.124388,670.847050,669.574984,668.358885,667.045654,665.790337,664.538355,663.293741,662.053590,660.817314,659.589899,658.366053,657.147756,655.936174,654.728980,653.527630,652.332092,651.142874,649.958881,648.780737,647.608809,646.442909,645.282129,644.127381,642.979210,641.835036,640.646424,639.563788,638.445766,637.328099,636.215500,635.110015,634.011062,632.919006,631.833291,630.749647,629.685933,628.614533,627.554782,626.501343,625.528162,624.415367,623.382082,622.355951,621.336901,620.323970,619.318144,618.315503,617.327353,616.343854,615.366142,614.395176,613.430226,612.486062,611.532078,610.585621,609.654275,608.726613,607.809563,606.867821,605.995318,605.081740,604.209854,603.329622,602.455306,601.590450,600.733449,599.882901,599.041019,598.207766,597.382651,596.565211,595.757481,594.955069,594.162157,593.377699,592.601512,591.833555,591.075097,590.322839,589.581029,588.837920,588.120962,587.417620,586.698683,586.000595,585.310961,584.638470,583.952197,583.256867,582.642271,581.996087,581.362424,580.736717,580.120265,579.523195,578.915807,578.323625,577.748326,577.175149,576.617030,576.071841,575.531674,575.001668,574.482181,573.974105,573.475126,572.982971,572.506198,572.035279,571.575375,571.135492,570.688530,570.260301,569.844186,569.436806,569.040241,568.655192,568.282488,567.916645,567.563118,567.221213,566.889790,566.571584,566.260832,565.965923,565.680620,565.408373,565.143752,564.893540,564.652489,564.424674,564.209150,564.006009,563.811486,563.630819,563.461481,563.306343,563.160551,563.028573,562.908511,562.800598,562.706295,562.624241,562.554880,562.497736,562.452841,562.421836,562.403264,562.396642,562.403657,562.424212,562.457760,562.505121,562.565791,562.639729,562.727337,562.827891,562.942179,563.070217,563.212690,563.368842,563.538835,563.723257,563.921916,564.134508,564.361675,564.603371,564.859154,565.129577,565.415019,565.714756,566.029031,566.358675,566.703710,567.063312,567.438415,567.828533,568.233856,568.654924,569.091946,569.544078,570.012176,570.495817,570.995467,571.511089,572.042776,572.590750,573.155007,573.735494,574.332761,574.946513,575.576752,576.223423,576.886715,577.567109,578.264784,578.979804,579.711644,580.461008,581.227600,582.011875,582.813849,583.633239,584.470509,585.325652,586.198771,587.089862,587.999519,588.927178,589.873700,590.838408,591.821976,592.824049,593.844667,594.884345,595.943211,597.021252,598.118395,599.234798,600.370645,601.525751,602.700613,603.895213,605.109687,606.344349,607.599055,608.873957,610.169070,611.484934,612.821033,614.177758,615.555606,616.954282,618.373647,619.814040,621.275728,622.758723,624.263050,625.788989,627.336336,628.905641,630.496880,632.110301,633.745704,635.403580,637.083625,638.785997,640.511088,642.258779,644.029209,645.822770,647.639375,649.479057,651.342108,653.228586,655.138794,657.072576,659.030215,661.011727,663.017297,665.046970,667.101094,669.179406,671.282569,673.410234,675.562786,677.740002,679.942440,682.170041,684.422999,686.701393,689.005285,691.334959,693.690571,696.071807,698.479379,700.913093,703.373181,705.859753,708.372920,710.912965,713.479649,716.073523,718.694614,721.342841,724.018403,726.721671,729.452602,732.211474,734.998147,737.813089,740.656243,743.528052,746.427874,749.356391,752.313627,755.300064,758.315278,761.360002,764.433799,767.537093,770.670048,773.832932,777.025459,780.248015,783.500876,786.783986,790.097645,793.442007,796.816854,800.222619,803.659362,807.127332,810.626634,814.157405,817.720013,821.314168,824.940204,828.598142,832.288319,836.010936,839.765635,843.553273,847.373562,851.226926,855.113202,859.032766,862.985646,866.971957,870.991934,875.045718,879.133378,883.255214,887.411380,891.601638,895.826550,900.086322,904.380977,908.710392,913.074929,917.474638,921.909718,926.380583,930.887006,935.429375,940.007994,944.622495,949.273275,953.960753,958.684666,963.445493,968.242965,973.077808,977.949722,982.858976,987.805607,992.790070,997.812390,1002.872446,1007.970820,1013.107413,1018.282275,1023.495784,1028.747879,1034.038831,1039.368889,1044.738296,1050.146948,1055.594852,1061.082631,1066.609879,1072.177295,1077.784479,1083.432327,1089.120106,1094.848373,1100.617511,1106.427490,1112.278165,1118.169938,1124.102957,1130.077428,1136.093385,1142.151150,1148.250638,1154.392041,1160.575830,1166.801721,1173.070292,1179.381283,1185.734935,1192.131488,1198.571145,1205.053812,1211.579894,1218.149348,1224.762374,1231.419143,1238.119800,1244.864522,1251.653291,1258.486478,1265.364681,1272.286868,1279.253882,1286.265822,1293.322784,1300.424906,1307.572514,1314.765419,1322.003897
794.957371,793.366449,791.778149,790.192850,788.610473,787.030965,785.454171,783.880423,782.309296,780.741548,779.176788,777.614952,776.056238,774.500365,772.947847,771.398450,769.852092,768.308732,766.768597,765.231744,763.698160,762.167665,760.640486,759.116496,757.596075,756.078954,754.565013,753.054521,751.547361,750.043590,748.543385,747.046414,745.553239,744.063540,742.340574,741.094510,739.615448,738.112210,736.668294,735.200185,733.735825,732.275082,730.818030,729.364664,727.915383,726.469928,725.028159,723.590398,722.156690,720.726718,719.300760,717.878902,716.413870,715.047012,713.637341,712.231708,710.830033,709.432654,708.039356,706.650420,705.265704,703.885275,702.489589,701.140931,699.769521,698.406458,697.047745,695.693391,694.343747,692.998557,691.657830,690.321910,688.990343,687.663306,686.341131,685.018627,683.710558,682.402429,681.099181,679.800591,678.512466,677.218207,675.934476,674.655837,673.381994,672.093538,670.849507,669.590718,668.337095,667.088886,665.844848,664.607675,663.373846,662.147521,660.902298,659.708466,658.495512,657.291461,656.089971,654.891939,653.706208,652.521890,651.343596,650.170992,649.004362,647.843066,646.687326,645.536856,644.394091,643.256006,642.123554,640.995719,639.877081,638.762907,637.654159,636.550904,635.455225,634.365690,633.281352,632.204106,631.133490,630.068941,629.010474,627.961512,626.914088,625.874961,624.929515,623.817682,622.798447,621.785937,620.779732,619.782027,618.789635,617.804409,616.825203,615.854066,614.889980,613.931565,612.981841,612.042613,611.102668,610.174686,609.247106,608.339073,607.432363,606.537542,605.640635,604.753399,603.875922,603.009050,602.144518,601.292346,600.445848,599.606788,598.775231,597.951708,597.120775,596.328362,595.530031,594.738734,593.954848,593.155029,592.413208,591.652795,590.903593,590.162697,589.427745,588.702849,587.986411,587.278531,586.589691,585.887197,585.183111,584.531894,583.871642,583.210510,582.566805,581.927719,581.281399,580.679157,580.069011,579.467620,578.875806,578.293433,577.721008,577.154570,576.597795,576.054104,575.523522,574.998813,574.481934,573.976356,573.482670,572.997416,572.518881,572.052905,571.598294,571.151614,570.725130,570.292855,569.876729,569.474844,569.079541,568.696318,568.317099,567.958262,567.606369,567.265242,566.935953,566.615520,566.308449,566.011151,565.724829,565.450256,565.188002,564.936439,564.695782,564.463987,564.247339,564.042056,563.847835,563.664683,563.494322,563.334640,563.188581,563.052135,562.928578,562.817798,562.719140,562.632415,562.559127,562.497532,562.448668,562.412245,562.388556,562.377887,562.378652,562.392815,562.420435,562.460965,562.514721,562.582055,562.662495,562.756300,562.863231,562.983007,563.116890,563.264325,563.426022,563.601117,563.790297,563.994102,564.211064,564.442483,564.688485,564.948370,565.222457,565.511316,565.814782,566.132228,566.464914,566.812472,567.175153,567.552596,567.945107,568.352536,568.775119,569.213756,569.667619,570.136635,570.621454,571.121904,571.638184,572.170226,572.718225,573.282648,573.862870,574.459453,575.072821,575.702109,576.347810,577.009816,577.688595,578.384623,579.097584,579.827251,580.574192,581.338309,582.119626,582.918430,583.734728,584.568436,585.419803,586.288946,587.175887,588.080963,589.004178,589.945423,590.905175,591.883049,592.879581,593.894473,594.927921,595.980284,597.051726,598.142204,599.251519,600.380059,601.527559,602.694508,603.881033,605.087180,606.313117,607.559180,608.824798,610.110642,611.416564,612.743057,614.089608,615.456880,616.844873,618.253496,619.682695,621.132919,622.604084,624.096472,625.610094,627.145134,628.701432,630.279573,631.879580,633.501321,635.145370,636.811208,638.499221,640.209379,641.942097,643.697241,645.475062,647.275803,649.099435,650.945947,652.815638,654.708827,656.625254,658.565187,660.528862,662.516210,664.527377,666.562675,668.621892,670.705376,672.813526,674.945999,677.103162,679.284818,681.491490,683.723200,685.980061,688.262049,690.569574,692.902602,695.261251,697.645610,700.055988,702.492321,704.954844,707.443611,709.958935,712.500792,715.069208,717.664550,720.286978,722.936291,725.612825,728.316806,731.048246,733.807468,736.594294,739.409349,742.252111,745.123488,748.022678,750.950307,753.906720,756.891648,759.905661,762.948672,766.020646,769.121906,772.252681,775.413081,778.602966,781.822746,785.072500,788.352443,791.662543,795.003238,798.374208,801.775874,805.208336,808.671695,812.166441,815.692234,819.249737,822.838509,826.458982,830.111176,833.795505,837.511737,841.260106,845.040997,848.854450,852.700680,856.579728,860.491836,864.436936,868.415336,872.427090,876.472504,880.551553,884.664651,888.811581,892.992692,897.208059,901.458106,905.742810,910.062049,914.416201,918.805271,923.229490,927.689358,932.184387,936.715217,941.282105,945.884574,950.523306,955.198149,959.909497,964.657258,969.441605,974.263118,979.121365,984.016771,988.949379,993.919468,998.927238,1003.972578,1009.055865,1014.177202,1019.336573,1024.534355,1029.770486,1035.045237,1040.358857,1045.711595,1051.103326,1056.534077,1062.004465,1067.514082,1073.063604,1078.652702,1084.282211,1089.951389,1095.660825,1101.410891,1107.201557,1113.032677,1118.904653,1124.817633,1130.771824,1136.767222,1142.804256,1148.882735,1155.002986,1161.165179,1167.369330,1173.615918,1179.904682,1186.235862,1192.609825,1199.026395,1205.485858,1211.988489,1218.534248,1225.123334,1231.755918,1238.432144,1245.152189,1251.916036,1258.724055,1265.576845,1272.473373,1279.414482,1286.400271,1293.430835,1300.506314,1307.627032,1314.792801,1322.003897
788.643825,787.083038,785.525201,783.970212,782.418062,780.868595,779.322223,777.778422,776.237755,774.700191,773.165606,771.633932,770.105133,768.579813,767.057245,765.537962,764.021558,762.508344,760.998376,759.491585,757.987958,756.487556,754.990307,753.496455,752.005997,750.518815,749.034910,747.554300,746.077039,744.633105,743.132736,741.665915,740.202631,738.742680,737.286279,735.833343,734.384157,732.675019,731.496571,730.058207,728.623477,727.192397,725.764958,724.341559,722.921946,721.506115,720.093952,718.685946,717.281741,715.711228,714.484939,713.092536,711.704154,710.319736,708.939561,707.563284,706.191100,704.817831,703.459263,702.099669,700.744297,699.393138,698.046078,696.578424,695.365272,694.031361,692.701773,691.376823,690.056283,688.740151,687.428614,686.121689,684.819081,683.521278,682.227786,680.939235,679.655436,678.376175,677.101752,675.832071,674.567367,673.307533,672.052583,670.801263,669.557635,668.369700,667.082253,665.852312,664.626616,663.407803,662.192018,660.983733,659.756399,658.580222,657.266925,656.198915,655.015068,653.837431,652.665290,651.498350,650.337121,649.181315,648.031498,646.887370,645.748038,644.537275,643.487675,642.366243,641.249604,640.162265,639.035526,637.937286,636.844589,635.756785,634.677349,633.602198,632.551348,631.471105,630.415478,629.366028,628.311648,627.285902,626.255130,625.224259,624.300772,623.201676,622.196747,621.185929,620.200471,619.221584,618.242637,617.275556,616.301480,615.346434,614.395899,613.454677,612.513442,611.583401,610.659539,609.748841,608.831926,607.950344,607.035812,606.149948,605.269483,604.397340,603.573756,602.672376,601.768013,600.977354,600.141672,599.313609,598.478539,597.679211,596.874856,596.080949,595.284110,594.506190,593.729943,592.966181,592.208031,591.459500,590.713401,589.984411,589.252178,588.539816,587.833817,587.135033,586.443536,585.760429,585.085475,584.420018,583.762616,583.110609,582.473324,581.845206,581.222465,580.597264,580.004851,579.407936,578.824240,578.246940,577.679635,577.121968,576.570316,576.031114,575.501835,574.982990,574.472435,573.969774,573.477999,572.998204,572.526853,572.062018,571.609448,571.168177,570.734869,570.320886,569.902180,569.498927,569.109721,568.727088,568.357734,567.992148,567.643200,567.305740,566.971161,566.656299,566.347098,566.051701,565.766347,565.490733,565.226816,564.975231,564.733644,564.503263,564.284544,564.077065,563.880561,563.697268,563.524952,563.362961,563.213425,563.074726,562.949146,562.834439,562.732848,562.642057,562.564098,562.499379,562.446583,562.405659,562.376905,562.360937,562.357598,562.367048,562.387461,562.421995,562.469441,562.530070,562.603853,562.690690,562.790567,562.903745,563.029804,563.169023,563.321992,563.488641,563.669492,563.863374,564.071474,564.293455,564.529237,564.779153,565.043474,565.321506,565.613743,565.921005,566.242095,566.577519,566.927776,567.293270,567.673194,568.068018,568.477665,568.902335,569.342140,569.797760,570.268127,570.754200,571.255460,571.772457,572.305111,572.853430,573.417763,573.998050,574.594233,575.206852,575.835441,576.480469,577.141396,577.818684,578.512959,579.224149,579.951916,580.696427,581.457972,582.236696,583.032474,583.845529,584.675986,585.523755,586.389062,587.271956,588.172513,589.091245,590.027612,590.982473,591.955203,592.946316,593.955613,594.983077,596.029184,597.094254,598.177925,599.280390,600.401830,601.542146,602.701362,603.880026,605.078002,606.295456,607.532701,608.789592,610.066278,611.362771,612.679610,614.016271,615.373162,616.750612,618.148811,619.567059,621.005949,622.465732,623.946394,625.447965,626.970797,628.514617,630.079734,631.666557,633.274957,634.905105,636.557213,638.231145,639.926891,641.644784,643.384988,645.147441,646.932489,648.740268,650.570663,652.423897,654.300111,656.199657,658.122288,660.068316,662.037753,664.030781,666.047447,668.088095,670.152459,672.241202,674.353972,676.491079,678.652582,680.838625,683.049412,685.285073,687.545683,689.831302,692.142214,694.478431,696.840116,699.227371,701.640386,704.079210,706.544040,709.034962,711.552203,714.095796,716.665793,719.262491,721.886091,724.536306,727.213756,729.918353,732.650366,735.409672,738.196703,741.011431,743.854225,746.724685,749.623135,752.549827,755.505187,758.488693,761.501362,764.542470,767.612507,770.711641,773.840286,776.997951,780.185099,783.402001,786.648602,789.925200,793.231711,796.568623,799.935660,803.333117,806.761239,810.220167,813.709908,817.230813,820.782972,824.366311,827.981111,831.627474,835.305732,839.015680,842.757549,846.531726,850.338399,854.177333,858.049153,861.953544,865.890846,869.861229,873.864746,877.901703,881.972075,886.076379,890.214087,894.385856,898.591658,902.831918,907.106694,911.415666,915.759284,920.137673,924.551062,928.999731,933.483372,938.002836,942.557703,947.148124,951.774581,956.437004,961.135530,965.870325,970.641476,975.449561,980.294148,985.175663,990.094147,995.049879,1000.043059,1005.073575,1010.141804,1015.247880,1020.391691,1025.573710,1030.793842,1036.052358,1041.349506,1046.685536,1052.060321,1057.473889,1062.926856,1068.418813,1073.950438,1079.521398,1085.132531,1090.783094,1096.473674,1102.204645,1107.975974,1113.787517,1119.639675,1125.532585,1131.466486,1137.441341,1143.457591,1149.515043,1155.614025,1161.754706,1167.937102,1174.161693,1180.428215,1186.736911,1193.088146,1199.481744,1205.917990,1212.397161,1218.919215,1225.484352,1232.092742,1238.744530,1245.439892,1252.178810,1258.961656,1265.789028,1272.659892,1279.575091,1286.534726,1293.538890,1300.587723,1307.681551,1314.820183,1322.003897
782.436661,780.905977,779.378045,777.852965,776.330513,774.811136,773.294382,771.780710,770.269898,768.762179,767.257427,765.755341,764.256708,762.761066,761.268367,759.778696,758.292134,756.808668,755.328435,753.851332,752.377416,750.906618,749.439179,747.975156,746.514123,744.809800,743.602304,742.151269,740.703711,739.259299,737.823514,736.381352,734.571121,733.517032,732.090042,730.666762,729.246969,727.830819,726.418292,725.009410,723.603901,722.202169,720.804323,719.410273,718.019963,716.459682,715.250699,713.871878,712.496867,711.125707,709.758469,708.395334,707.036179,705.681031,704.329810,702.982634,701.663915,700.300711,698.965931,697.635369,696.309021,694.986620,693.668693,692.355077,691.045730,689.745324,688.440133,687.143987,685.852197,684.564947,683.347432,682.003859,680.730114,679.460722,678.196182,676.936338,675.680980,674.430308,673.184608,671.943514,670.684068,669.475997,668.303595,667.028095,665.811268,664.599477,663.391774,662.191117,660.993525,659.803239,658.616544,657.435517,656.257579,655.088548,653.922830,652.861183,651.607851,650.458033,649.313530,648.174640,647.041622,645.923887,644.791549,643.674735,642.564737,641.459020,640.358831,639.208046,638.174530,637.093946,636.017351,634.946426,633.881246,632.827615,631.768879,630.720793,629.679808,628.645232,627.615980,626.580620,625.578473,624.570156,623.564751,622.547035,621.577160,620.592493,619.614635,618.643201,617.678581,616.719855,615.749620,614.822509,613.884207,612.953495,612.027205,611.109955,610.203730,609.294865,608.398568,607.501932,606.623480,605.750084,604.881394,604.019838,603.145733,602.315413,601.478868,600.645226,599.820944,599.003838,598.194061,597.391277,596.596098,595.808809,595.029432,594.257826,593.495583,592.737855,591.989586,591.257520,590.512926,589.798750,589.076095,588.368389,587.665586,586.966147,586.293635,585.618754,584.952135,584.294020,583.644777,583.002930,582.366951,581.745350,581.115994,580.512798,579.925922,579.339070,578.759127,578.196067,577.626753,577.073916,576.531264,575.995168,575.469664,574.955025,574.450324,573.949545,573.466235,572.986835,572.521619,572.063954,571.612571,571.173512,570.745469,570.324901,569.914548,569.517891,569.128179,568.750202,568.379215,568.020518,567.671952,567.333971,567.005474,566.685433,566.382405,566.086516,565.799908,565.523288,565.262466,565.011062,564.767468,564.537038,564.318009,564.109657,563.912738,563.726434,563.553298,563.391392,563.237629,563.097789,562.968245,562.852997,562.746646,562.653549,562.571654,562.502663,562.445049,562.400644,562.367768,562.347580,562.338824,562.343214,562.360139,562.388304,562.429426,562.483935,562.551311,562.631231,562.724575,562.830885,562.950229,563.082390,563.227079,563.385660,563.557460,563.743419,563.942610,564.155232,564.382153,564.622144,564.876438,565.144873,565.426842,565.722838,566.033225,566.358103,566.696468,567.049708,567.417806,567.800634,568.197861,568.609812,569.036282,569.477906,569.935021,570.407129,570.893992,571.396515,571.914125,572.447547,572.996303,573.560749,574.140906,574.736989,575.348874,575.977277,576.621071,577.281465,577.957490,578.649860,579.359292,580.085237,580.827584,581.586817,582.362935,583.155931,583.966029,584.793183,585.637570,586.499201,587.378169,588.274658,589.188802,590.120910,591.070592,592.038413,593.024051,594.027806,595.049709,596.089675,597.148535,598.225564,599.321529,600.435920,601.569154,602.721068,603.891950,605.081976,606.291299,607.519938,608.768245,610.035860,611.323271,612.630452,613.957678,615.304505,616.671765,618.059164,619.467027,620.894946,622.343408,623.812518,625.302380,626.813055,628.344728,629.897247,631.471130,633.066522,634.683190,636.321735,637.981644,639.663268,641.366574,643.092096,644.839552,646.609241,648.401406,650.216015,652.053056,653.912862,655.795639,657.701196,659.629870,661.581763,663.556961,665.555462,667.577630,669.623252,671.692651,673.786288,675.903756,678.045440,680.211134,682.401381,684.616180,686.855648,689.119835,691.408924,693.723103,696.062536,698.426947,700.817004,703.232522,705.673733,708.140743,710.633661,713.152769,715.697823,718.269371,720.867474,723.491945,726.143083,728.821221,731.526312,734.258641,737.018054,739.805022,742.619484,745.461882,748.331569,751.229226,754.154875,757.108995,760.091160,763.102099,766.141384,769.209409,772.306361,775.432498,778.587530,781.771844,784.985720,788.229170,791.502228,794.805328,798.138152,801.501131,804.894323,808.317975,811.772190,815.257078,818.772887,822.319820,825.897586,829.506637,833.147062,836.819144,840.522520,844.258046,848.025433,851.825101,855.656887,859.521163,863.417956,867.347379,871.309665,875.304954,879.333311,883.394969,887.490280,891.618804,895.781168,899.977560,904.207952,908.472462,912.771139,917.104239,921.471886,925.874307,930.311784,934.784072,939.291827,943.834822,948.413144,953.027274,957.677143,962.362885,967.084602,971.842669,976.637188,981.468114,986.335651,991.239969,996.181427,1001.159852,1006.175504,1011.228806,1016.319382,1021.447628,1026.613848,1031.817946,1037.060192,1042.340835,1047.660126,1053.017954,1058.414288,1063.849804,1069.324073,1074.837771,1080.390595,1085.983298,1091.615245,1097.286919,1102.998772,1108.750741,1114.542685,1120.375003,1126.247970,1132.161414,1138.115859,1144.111155,1150.147562,1156.225258,1162.344412,1168.505037,1174.707616,1180.951883,1187.238081,1193.566576,1199.937190,1206.350209,1212.805909,1219.304250,1225.845428,1232.429616,1239.056958,1245.727629,1252.441614,1259.199280,1266.001229,1272.846425,1279.735711,1286.669188,1293.646950,1300.669136,1307.736071,1314.847566,1322.003897
776.335247,774.834139,773.335788,771.840079,770.347389,768.857304,767.370268,765.886061,764.404914,762.926702,761.451124,759.978945,758.509765,757.043588,755.580177,754.119954,752.662883,751.208829,749.757903,748.310244,746.865611,745.424299,743.986234,742.551447,741.119801,739.691566,738.266474,736.844819,735.426264,734.011358,732.599875,731.191852,729.787076,728.385855,726.988102,725.593897,724.203318,722.816270,721.432858,720.052887,718.676410,717.126957,715.935140,714.570081,713.208594,711.851180,710.497474,709.147534,707.801510,706.459176,705.120938,703.786670,702.456274,701.129934,699.807580,698.493765,697.045507,695.864746,694.558734,693.256873,691.958873,690.665411,689.376144,688.091096,686.810409,685.533948,684.261936,682.994236,681.731022,680.472246,679.233860,677.967976,676.722359,675.487563,674.245425,673.013881,671.786727,670.564476,669.326238,668.189721,666.926243,665.723105,664.524927,663.331153,662.141538,660.958902,659.780353,658.606706,657.377988,656.274627,655.114298,653.959409,652.814278,651.671297,650.534537,649.401323,648.250543,647.151558,646.035503,644.923780,643.736939,642.717872,641.624034,640.534403,639.451111,638.372532,637.298612,636.233490,635.172780,634.117395,633.068065,632.030030,630.986281,629.954137,628.926907,627.907444,626.893815,625.876472,624.884829,623.889325,622.900066,621.884672,620.940655,619.970284,619.005814,618.047284,617.097342,616.151921,615.195063,614.281793,613.355592,612.437658,611.528823,610.619967,609.667250,608.830538,607.951559,607.066016,606.197923,605.331863,604.476828,603.627276,602.785488,601.949007,601.117113,600.301617,599.484673,598.678261,597.879048,597.087061,596.302287,595.525898,594.755823,593.988999,593.240141,592.493973,591.754547,591.024157,590.301074,589.588849,588.878399,588.140249,587.487562,586.804885,586.131869,585.460848,584.816176,584.154354,583.512033,582.877922,582.262282,581.629617,581.012029,580.428723,579.838846,579.254371,578.688070,578.117985,577.545120,577.015537,576.477871,575.948984,575.427274,574.918983,574.416421,573.926058,573.439339,572.970094,572.504438,572.051610,571.608819,571.170874,570.745102,570.329371,569.922654,569.525505,569.139709,568.760300,568.399521,568.038026,567.693233,567.358083,567.031729,566.716910,566.409181,566.115159,565.832342,565.553321,565.293821,565.040897,564.798812,564.568495,564.350463,564.139860,563.942813,563.752270,563.577699,563.414034,563.260487,563.118207,562.987777,562.868555,562.761088,562.664606,562.579677,562.507211,562.445939,562.397125,562.360771,562.336428,562.323857,562.322910,562.334813,562.358910,562.395088,562.442822,562.503978,562.578198,562.664863,562.764612,562.877044,563.002322,563.140513,563.291644,563.455264,563.632473,563.823242,564.027795,564.245147,564.476402,564.721435,564.980023,565.252484,565.538539,565.838333,566.151997,566.480485,566.822601,567.178514,567.549157,567.934701,568.334465,568.748652,569.177385,569.620823,570.079249,570.552893,571.041321,571.544898,572.063485,572.597566,573.146780,573.711487,574.291785,574.887731,575.499319,576.126864,576.770245,577.429661,578.104527,578.795652,579.503346,580.227567,580.967971,581.724750,582.498526,583.288934,584.096061,584.920119,585.761249,586.619378,587.494537,588.387055,589.296984,590.224467,591.169581,592.132392,593.113074,594.111465,595.127833,596.162007,597.214408,598.285439,599.374725,600.482397,601.608722,602.753432,603.916715,605.099019,606.300336,607.520699,608.760487,610.019625,611.297830,612.595738,613.913451,615.250725,616.607830,617.984947,619.382378,620.799655,622.237041,623.694954,625.173311,626.672162,628.191845,629.732138,631.293266,632.875692,634.479270,636.104143,637.750601,639.418427,641.107634,642.818538,644.551327,646.305958,648.082677,649.881770,651.702994,653.546611,655.412923,657.301793,659.213458,661.147990,663.105629,665.086326,667.090314,669.117597,671.168266,673.242793,675.340886,677.462925,679.608826,681.778827,683.973081,686.191733,688.434854,690.702506,692.994932,695.312250,697.654516,700.021863,702.414480,704.832416,707.275863,709.744918,712.239761,714.760494,717.307116,719.879938,722.479156,725.104592,727.756537,730.435227,733.140823,735.873197,738.632615,741.419552,744.233547,747.075311,749.944234,752.840876,755.765578,758.718085,761.698982,764.708033,767.745379,770.811275,773.905948,777.029488,780.181806,783.363308,786.573933,789.814050,793.083571,796.382933,799.711813,803.070631,806.459483,809.878575,813.328025,816.807963,820.318790,823.860114,827.432363,831.035524,834.670108,838.335781,842.032718,845.761588,849.522111,853.314727,857.139191,860.995937,864.885028,868.806511,872.760623,876.747556,880.767322,884.820237,888.906453,893.025729,897.178625,901.365345,905.585908,909.840190,914.128551,918.451038,922.807848,927.199284,931.625443,936.086422,940.582521,945.113478,949.679631,954.281384,958.918649,963.591677,968.300283,973.045023,977.826092,982.643262,987.496733,992.386842,997.313861,1002.277614,1007.278445,1012.316530,1017.391738,1022.504382,1027.654768,1032.842797,1038.068740,1043.332913,1048.635367,1053.976183,1059.355272,1064.773308,1070.229859,1075.725604,1081.260237,1086.834511,1092.447791,1098.100776,1103.793387,1109.525857,1115.298179,1121.110637,1126.963503,1132.856607,1138.790472,1144.764946,1150.780292,1156.836685,1162.934295,1169.073136,1175.253687,1181.475686,1187.739373,1194.045115,1200.392734,1206.782515,1213.214734,1219.689351,1226.206562,1232.766540,1239.369428,1246.015403,1252.704446,1259.436928,1266.213448,1273.032972,1279.896374,1286.803658,1293.755015,1300.750551,1307.790592,1314.874948,1322.003897
770.338565,768.531470,767.397408,765.931136,764.467414,763.006805,761.548974,760.093962,758.641998,757.192727,755.746644,754.303515,752.863560,751.426234,749.992063,748.561009,747.133028,745.707961,744.286217,742.867464,741.451995,740.044992,738.630590,737.224811,735.792567,734.422844,733.026813,731.633844,730.244441,728.858483,727.475894,726.096598,724.720786,723.300528,721.979491,720.614123,719.252324,717.894135,716.539324,715.187953,713.840560,712.496770,711.156690,709.820288,708.487617,707.158760,705.833624,704.512360,703.194739,701.881090,700.571492,699.245364,697.968785,696.666029,695.372047,694.082200,692.796405,691.514641,690.237024,688.963348,687.698922,686.428763,685.167727,683.911044,682.658678,681.371049,680.166534,678.927106,677.692063,676.461154,675.235058,674.013059,672.795772,671.583114,670.375021,669.171280,668.027973,666.778033,665.588363,664.403539,663.223469,662.048088,660.877547,659.711672,658.550863,657.393943,656.244248,655.098351,653.955530,652.821451,651.690224,650.565646,649.443816,648.365777,647.217982,646.101923,645.013100,643.916950,642.828726,641.744966,640.667487,639.593986,638.526830,637.464649,636.406342,635.357104,634.311720,633.272372,632.239727,631.217022,630.186641,629.170320,628.158728,627.153179,626.154450,625.160846,624.177127,623.193630,622.218846,621.217479,620.287604,619.331211,618.369901,617.436777,616.499208,615.568164,614.628956,613.719667,612.811413,611.905816,611.007679,610.114967,609.225465,608.346861,607.477121,606.612244,605.746714,604.901424,604.056484,603.223372,602.387050,601.560531,600.746020,599.881772,599.131798,598.336961,597.548736,596.769371,595.993425,595.226350,594.467560,593.708122,592.971630,592.237628,591.503448,590.784018,590.071128,589.360747,588.664250,587.975829,587.293426,586.618672,585.952454,585.293914,584.641455,584.000967,583.366408,582.737721,582.123187,581.513986,580.912774,580.319015,579.736010,579.161242,578.594005,578.035974,577.486139,576.946806,576.413425,575.876010,575.376138,574.868719,574.371758,573.887263,573.410500,572.936611,572.482277,572.030333,571.591319,571.161617,570.737387,570.324747,569.922142,569.528505,569.140671,568.770393,568.404317,568.054026,567.706212,567.374771,567.051010,566.736933,566.434278,566.138220,565.855422,565.583730,565.318488,565.067758,564.823657,564.594999,564.374338,564.165775,563.966925,563.778686,563.600502,563.435815,563.281392,563.138252,563.005526,562.884643,562.774788,562.675290,562.588752,562.512827,562.449320,562.396257,562.355517,562.327029,562.310883,562.306090,562.313166,562.332587,562.363892,562.408054,562.463043,562.530489,562.611600,562.704927,562.810562,562.929343,563.060768,563.205240,563.362148,563.531399,563.713983,563.909739,564.119470,564.341924,564.577631,564.827258,565.089831,565.366484,565.656844,565.960439,566.277809,566.609484,566.955235,567.314200,567.687605,568.075638,568.478179,568.894797,569.325737,569.771010,570.231104,570.706412,571.196458,571.700783,572.220556,572.755112,573.305130,573.870157,574.450622,575.046516,575.657959,576.284860,576.927992,577.586230,578.260551,578.950432,579.656216,580.378928,581.117336,581.872179,582.643538,583.431352,584.235816,585.056934,585.894790,586.749595,587.621171,588.509809,589.415616,590.338727,591.279373,592.237324,593.213099,594.206279,595.217202,596.245887,597.292342,598.357281,599.439990,600.541148,601.660738,602.798485,603.954580,605.129244,606.322760,607.535146,608.766464,610.017063,611.286598,612.575473,613.883805,615.211757,616.558913,617.926117,619.313034,620.720025,622.146652,623.593448,625.060468,626.547858,628.055661,629.583943,631.132744,632.702427,634.293261,635.904929,637.538052,639.192113,640.867463,642.564064,644.282454,646.022430,647.784021,649.567750,651.373481,653.201240,655.051246,656.923817,658.818736,660.736293,662.676633,664.639766,666.625868,668.635121,670.667449,672.722936,674.802278,676.905023,679.031446,681.181512,683.355546,685.553698,687.776034,690.022663,692.293692,694.589333,696.909746,699.254655,701.624724,704.019825,706.440017,708.885573,711.356546,713.853215,716.375374,718.923449,721.497618,724.097700,726.723855,729.376551,732.055693,734.761561,737.494015,740.253491,743.039956,745.853842,748.694555,751.562607,754.458184,757.381710,760.332660,763.312049,766.319150,769.354446,772.418119,775.510563,778.631291,781.780763,784.959249,788.166690,791.403382,794.669390,797.964748,801.289629,804.644174,808.028629,811.443069,814.887680,818.362508,821.868071,825.403923,828.970464,832.567797,836.196249,839.855614,843.546122,847.268156,851.021903,854.807125,858.624447,862.473550,866.354773,870.268282,874.214131,878.192623,882.203730,886.247915,890.324805,894.434900,898.578221,902.755191,906.965784,911.209926,915.487824,919.799677,924.145631,928.526097,932.940845,937.390261,941.874681,946.393629,950.947606,955.536991,960.161642,964.821669,969.517167,974.248770,979.016079,983.819458,988.658907,993.534765,998.447401,1003.396345,1008.382294,1013.405145,1018.464947,1023.562057,1028.696468,1033.868393,1039.077999,1044.325825,1049.611251,1054.935027,1060.296841,1065.697367,1071.136173,1076.613935,1082.130538,1087.686170,1093.280758,1098.914813,1104.588257,1110.301322,1116.054001,1121.846576,1127.679322,1133.552066,1139.465331,1145.418966,1151.413162,1157.448307,1163.524356,1169.641495,1175.799907,1181.999623,1188.240851,1194.523763,1200.848375,1207.214907,1213.623635,1220.074519,1226.567755,1233.103514,1239.681941,1246.303211,1252.967308,1259.674600,1266.425686,1273.219533,1280.057015,1286.938152,1293.863084,1300.831969,1307.845115,1314.902331,1322.003897
764.445809,763.002649,761.562492,760.124855,758.690299,757.258574,755.829617,754.403468,752.980126,751.560029,750.142677,748.728554,747.317143,745.908624,744.503303,743.101022,741.701620,740.305507,738.912351,737.522444,736.135713,734.752056,733.371791,731.994483,730.620568,729.249882,727.882222,726.481541,725.157365,723.799942,722.445918,721.095136,719.747913,718.403960,717.063591,715.726751,714.393438,713.063561,711.737140,710.414418,709.095448,707.780013,706.468281,705.160236,703.855962,702.555366,701.258597,699.965540,698.655437,697.390868,696.109523,694.831855,693.558298,692.288494,691.022779,689.761067,688.503339,687.249710,686.000024,684.754421,683.588303,682.275880,681.042938,679.814265,678.589623,677.369352,676.153462,674.941872,673.740710,672.531747,671.332967,670.139047,668.949600,667.764654,666.584050,665.408063,664.236769,663.070212,661.908215,660.750827,659.598262,658.450574,657.307261,656.143668,655.035867,653.907240,652.783851,651.663888,650.551572,649.444077,648.339101,647.241021,646.085629,645.058797,643.975757,642.897804,641.824491,640.756717,639.695251,638.638904,637.587114,636.540904,635.500244,634.463626,633.435730,632.411640,631.394149,630.380204,629.371970,628.371248,627.375251,626.383661,625.399056,624.433110,623.448210,622.482357,621.513099,620.567064,619.618525,618.676347,617.738366,616.803288,615.885828,614.968221,614.037298,613.150962,612.251927,611.358337,610.473217,609.592019,608.719532,607.858066,606.993423,606.142988,605.294231,604.454493,603.614367,602.794619,601.975264,601.163706,600.357087,599.554725,598.766245,597.981146,597.203504,596.432268,595.669887,594.913512,594.164248,593.422939,592.687490,591.961801,591.241562,590.530803,589.826621,589.128704,588.443081,587.759520,587.085201,586.419794,585.758473,585.125255,584.469220,583.846990,583.208785,582.590182,581.980422,581.370459,580.783352,580.198155,579.623521,579.053790,578.493658,577.942379,577.398444,576.864157,576.350773,575.822412,575.312359,574.812335,574.320746,573.836918,573.366653,572.903560,572.448246,572.002565,571.565086,571.139440,570.723142,570.311959,569.912629,569.523152,569.142437,568.768988,568.409641,568.055945,567.718122,567.385574,567.064040,566.751455,566.449691,566.158971,565.875365,565.602392,565.341716,565.090162,564.849089,564.618747,564.397792,564.188125,563.989879,563.801420,563.623667,563.457020,563.300960,563.155187,563.023304,562.900848,562.787724,562.687277,562.597223,562.520428,562.452344,562.397001,562.352724,562.320674,562.299789,562.291525,562.295288,562.309898,562.336415,562.375910,562.426659,562.489328,562.563321,562.650873,562.750790,562.863199,562.988252,563.125650,563.276041,563.438877,563.614092,563.801718,564.002827,564.217297,564.444961,564.685362,564.939186,565.206667,565.487485,565.781781,566.089503,566.410575,566.745220,567.094370,567.457087,567.833243,568.223736,568.628892,569.048039,569.481291,569.928810,570.390615,570.867136,571.358522,571.864474,572.385268,572.920766,573.471479,574.037034,574.617587,575.213662,575.824926,576.451500,577.093816,577.751679,578.425033,579.113672,579.818375,580.539116,581.275986,582.028834,582.797873,583.583366,584.385092,585.203452,586.038190,586.889904,587.758040,588.642878,589.544842,590.463885,591.399985,592.353436,593.324233,594.312696,595.318206,596.341485,597.382179,598.440785,599.517646,600.612244,601.725321,602.856180,604.005227,605.172480,606.358374,607.562884,608.786099,610.028294,611.289512,612.569424,613.868745,615.187232,616.525015,617.882262,619.259058,620.655840,622.072042,623.507936,624.963969,626.439950,627.936198,629.452779,630.989559,632.546761,634.124818,635.723669,637.343367,638.984228,640.646036,642.328801,644.032836,645.758328,647.505231,649.273791,651.064308,652.876528,654.710636,656.567042,658.445563,660.346436,662.269731,664.215631,666.184247,668.175661,670.189894,672.227069,674.287393,676.371327,678.478495,680.609171,682.763256,684.941253,687.143159,689.369087,691.619063,693.893338,696.192065,698.515189,700.862951,703.235501,705.632886,708.055297,710.502881,712.975658,715.473906,717.997467,720.546842,723.122075,725.723021,728.349978,731.003179,733.682780,736.388654,739.121064,741.880360,744.666452,747.479673,750.319540,753.186668,756.081074,759.003237,761.952727,764.930271,767.935438,770.968621,774.030003,777.119840,780.237841,783.384388,786.559761,789.763969,792.997042,796.259402,799.550764,802.871520,806.221738,809.601662,813.011452,816.451042,819.920850,823.421021,826.951238,830.512017,834.103381,837.725726,841.378633,845.062544,848.777772,852.524502,856.302496,860.112377,863.953845,867.827183,871.732612,875.670243,879.640148,883.642559,887.677826,891.745506,895.846225,899.979953,904.147111,908.347755,912.581564,916.849009,921.150159,925.485255,929.854610,934.257893,938.695955,943.168371,947.675292,952.217195,956.793926,961.405876,966.052950,970.735320,975.453563,980.207244,984.996786,989.822171,994.683852,999.581850,1004.516112,1009.487011,1014.494649,1019.539008,1024.620462,1029.738948,1034.894735,1040.088069,1045.319192,1050.587995,1055.894486,1061.239276,1066.621981,1072.043012,1077.502765,1083.001074,1088.538274,1094.114144,1099.729245,1105.383499,1111.077136,1116.810149,1122.582821,1128.395425,1134.247789,1140.140436,1146.073214,1152.046313,1158.060122,1164.114596,1170.210012,1176.346275,1182.523695,1188.742387,1195.002521,1201.304114,1207.647386,1214.032613,1220.459754,1226.929005,1233.440537,1239.994496,1246.591055,1253.230198,1259.912294,1266.637908,1273.406108,1280.217666,1287.072636,1293.971157,1300.913389,1307.899638,1314.929715,1322.003897
758.655968,757.241605,755.829777,754.420975,753.014985,751.611733,750.211369,748.813560,747.419075,746.027389,744.638627,743.252769,741.869914,740.489929,739.113064,737.739137,736.368226,734.969696,733.635821,732.274337,730.915893,729.560672,728.208638,726.859697,725.464117,724.171587,722.832485,721.496639,720.164183,718.828164,717.509090,716.186690,714.867605,713.551865,712.188797,710.931052,709.625786,708.323941,707.025741,705.731259,704.440336,703.152944,701.869408,700.589305,699.312986,698.040449,696.771583,695.506409,694.245158,692.987871,691.734292,690.484537,689.238743,687.996980,686.759019,685.525075,684.295177,683.069179,681.847280,680.629420,679.415839,678.206415,677.001136,675.799885,674.602949,673.410317,672.222003,671.037799,669.858050,668.682522,667.511629,666.343687,665.183143,664.025340,662.872331,661.723753,660.579969,659.440513,658.305721,657.174724,656.050283,654.928470,653.813750,652.702702,651.706115,650.493677,649.398924,648.307265,647.197299,646.139217,645.043725,643.990594,642.923938,641.862741,640.805962,639.754705,638.708415,637.668843,636.632968,635.602612,634.577630,633.556605,632.544421,631.535945,630.534201,629.535167,628.542195,627.556771,626.575832,625.599936,624.628848,623.654293,622.707036,621.755812,620.802524,619.869058,618.912366,618.006531,617.083912,616.167346,615.257021,614.353282,613.435890,612.562526,611.676794,610.796572,609.923660,609.060127,608.212219,607.341879,606.495173,605.656751,604.817164,603.991912,603.158634,602.356012,601.553310,600.747067,599.949934,599.161693,598.384985,597.609748,596.843895,596.084120,595.332752,594.586135,593.847218,593.117671,592.396451,591.671291,590.965868,590.263283,589.567958,588.891397,588.197376,587.529775,586.864380,586.207968,585.557310,584.914433,584.284111,583.656640,583.038326,582.427893,581.825810,581.230395,580.654271,580.065507,579.495859,578.920324,578.369062,577.837014,577.300772,576.770627,576.252292,575.741597,575.237012,574.739527,574.258497,573.773844,573.313690,572.855710,572.405780,571.963379,571.532527,571.109508,570.696339,570.293449,569.895283,569.509257,569.132474,568.764736,568.403955,568.058035,567.715873,567.390531,567.070322,566.758218,566.459892,566.170253,565.891548,565.618491,565.357169,565.108262,564.866510,564.637947,564.416646,564.208422,564.009758,563.820252,563.642842,563.475554,563.319384,563.172679,563.037773,562.914419,562.800486,562.697690,562.606377,562.525882,562.456724,562.398547,562.351292,562.316687,562.291571,562.279450,562.278953,562.290404,562.312973,562.347344,562.393690,562.451784,562.522380,562.603354,562.697101,562.803922,562.922713,563.053522,563.197141,563.353480,563.522267,563.703382,563.896461,564.102858,564.322132,564.554801,564.800104,565.058392,565.330259,565.615167,565.913493,566.225390,566.550178,566.888389,567.240766,567.607032,567.986178,568.379349,568.786992,569.208688,569.644261,570.093865,570.557642,571.035688,571.528784,572.036182,572.557779,573.094538,573.645595,574.211881,574.792889,575.389039,576.000238,576.626739,577.268333,577.925816,578.598146,579.286279,579.989599,580.708641,581.443935,582.194895,582.961934,583.745060,584.544248,585.359968,586.191899,587.040231,587.905175,588.786521,589.684620,590.599687,591.531433,592.480496,593.446514,594.430064,595.430601,596.448478,597.483785,598.536550,599.607397,600.695705,601.802069,602.926550,604.068677,605.228903,606.407295,607.604163,608.819505,610.053494,611.306296,612.577638,613.867968,615.177371,616.506006,617.853523,619.220565,620.607113,622.013100,623.438424,624.883565,626.348444,627.833414,629.338323,630.863322,632.408575,633.974065,635.560311,637.166968,638.794814,640.443200,642.112269,643.802418,645.513644,647.246136,648.999841,650.775256,652.572241,654.390821,656.231214,658.093734,659.978163,661.884790,663.813758,665.765073,667.738912,669.735453,671.754618,673.796491,675.861751,677.949984,680.061424,682.195982,684.354176,686.535960,688.741462,690.970811,693.224048,695.501447,697.803003,700.128917,702.479245,704.854185,707.253783,709.678230,712.127619,714.602197,717.101858,719.626803,722.177272,724.753459,727.355184,729.982733,732.636339,735.316169,738.022081,740.754511,743.513424,746.298941,749.111391,751.950361,754.816342,757.709674,760.630101,763.578205,766.553749,769.556841,772.587810,775.646811,778.733953,781.849143,784.992669,788.164823,791.365615,794.595073,797.853632,801.140967,804.457508,807.803310,811.178616,814.583528,818.018175,821.482954,824.977472,828.502155,832.056987,835.642477,839.258289,842.904596,846.582067,850.290412,854.030078,857.800814,861.603074,865.436853,869.302262,873.199514,877.128800,881.090128,885.083746,889.110006,893.168464,897.259743,901.384030,905.541355,909.731653,913.955152,918.212042,922.502448,926.826595,931.184760,935.576716,940.003061,944.463622,948.958463,953.488065,958.052357,962.651471,967.285569,971.954834,976.659556,981.399583,986.175246,990.986583,995.833870,1000.717306,1005.636775,1010.592653,1015.585041,1020.613919,1025.679663,1030.782207,1035.921820,1041.098749,1046.313242,1051.565170,1056.854558,1062.182022,1067.547149,1072.950641,1078.392092,1083.872139,1089.390822,1094.947949,1100.544073,1106.179247,1111.853298,1117.566623,1123.319371,1129.111745,1134.943777,1140.815787,1146.727689,1152.679675,1158.672130,1164.705013,1170.778659,1176.892791,1183.047934,1189.244043,1195.481387,1201.759951,1208.079952,1214.441667,1220.845055,1227.290313,1233.777611,1240.307093,1246.878935,1253.493118,1260.150454,1266.850183,1273.592697,1280.378327,1287.207127,1294.079235,1300.994811,1307.954163,1314.957099,1322.003897
752.968591,751.582291,750.198982,748.818431,747.440681,746.065660,744.693177,743.324021,741.957721,740.594137,739.233494,737.875862,736.521047,735.169320,733.820498,732.474748,731.131919,729.792297,728.455783,727.122276,725.791956,724.464715,723.140680,721.819992,720.502125,719.187746,717.835071,716.568735,715.264159,713.962896,712.664996,711.319002,710.079148,708.791445,707.507054,706.226175,704.948682,703.674864,702.404467,701.137741,699.874490,698.615054,697.359009,696.106705,694.858142,693.613161,692.372032,691.134512,689.900944,688.671166,687.445157,686.222942,685.004888,683.790501,682.580126,681.373669,680.171056,678.972645,677.778065,676.501622,675.401641,674.219525,673.041582,671.874096,670.697997,669.532636,668.371417,667.275661,666.061890,664.913802,663.770086,662.630705,661.495561,660.365120,659.239159,658.117656,657.000595,655.887303,654.780583,653.676100,652.578871,651.485105,650.396325,649.310453,648.232843,647.158254,646.088347,645.023874,643.945106,642.908648,641.764671,640.813839,639.773597,638.738584,637.708445,636.684491,635.664327,634.650484,633.640983,632.635335,631.638983,630.645964,629.659875,628.675988,627.698971,626.726760,625.761785,624.801293,623.845839,622.884096,621.951397,621.114110,620.084749,619.156659,618.223508,617.321907,616.413433,615.510488,614.612714,613.723176,612.838742,611.964898,611.082512,610.220537,609.359303,608.506220,607.674183,606.812649,605.976920,605.152739,604.350732,603.508129,602.706432,601.863673,601.107205,600.317840,599.536249,598.759024,597.988961,597.226639,596.470543,595.721705,594.981009,594.244955,593.516957,592.795232,592.081653,591.374697,590.639576,589.984883,589.294787,588.619699,587.948188,587.289098,586.628105,585.982110,585.341403,584.708091,584.070364,583.465503,582.841532,582.256513,581.658665,581.069326,580.492802,579.929772,579.356731,578.777082,578.259771,577.721577,577.189246,576.675557,576.156618,575.657520,575.154426,574.664785,574.186270,573.714752,573.249469,572.798021,572.353839,571.917764,571.489000,571.075455,570.662309,570.262593,569.870274,569.487822,569.114577,568.750753,568.395745,568.047563,567.714194,567.384087,567.071117,566.763294,566.463359,566.176585,565.898664,565.629287,565.370089,565.120659,564.882870,564.653011,564.434370,564.221523,564.026104,563.839328,563.659230,563.494447,563.334935,563.189914,563.050154,562.925785,562.812624,562.708362,562.615202,562.532862,562.461667,562.400644,562.352201,562.313287,562.286730,562.270756,562.266299,562.273310,562.292226,562.323468,562.365071,562.418436,562.484286,562.561593,562.650051,562.750106,562.863277,562.988542,563.125892,563.275503,563.437742,563.612517,563.799337,563.998318,564.209472,564.434083,564.671285,564.921891,565.184550,565.460724,565.750311,566.052696,566.368335,566.697094,567.039036,567.394488,567.763863,568.146634,568.542474,568.952504,569.376732,569.814811,570.266724,570.732343,571.212348,571.706635,572.215412,572.738476,573.276168,573.828179,574.395081,574.976634,575.572899,576.184160,576.810503,577.451770,578.108691,578.780428,579.467500,580.169839,580.887508,581.621166,582.370423,583.135398,583.916402,584.713279,585.526361,586.355500,587.200767,588.062633,588.940595,589.835014,590.746112,591.673989,592.618595,593.580175,594.558934,595.554672,596.567291,597.597254,598.644360,599.709226,600.791578,601.891395,603.009580,604.144974,605.298246,606.469314,607.658820,608.866454,610.092499,611.337017,612.600087,613.881630,615.182185,616.501500,617.839750,619.197082,620.573631,621.969676,623.384773,624.819222,626.273354,627.747058,629.240699,630.754136,632.287435,633.840765,635.414497,637.008665,638.623285,640.258595,641.914454,643.590853,645.288069,647.006445,648.745702,650.506218,652.288266,654.091579,655.916369,657.763053,659.631342,661.521551,663.433813,665.368206,667.324872,669.303894,671.305289,673.329178,675.375768,677.445515,679.538044,681.653626,683.792159,685.954146,688.139581,690.348576,692.581149,694.837563,697.117957,699.422398,701.750765,704.103565,706.480781,708.882431,711.308832,713.759945,716.236045,718.737013,721.263227,723.814865,726.391741,728.994013,731.622146,734.276194,736.955984,739.661821,742.393992,745.152461,747.937656,750.748979,753.586941,756.451727,759.343757,762.262504,765.208982,768.182467,771.183415,774.212032,777.268701,780.352932,783.465183,786.605744,789.774431,792.971770,796.197636,799.452117,802.735381,806.047569,809.388924,812.759350,816.159538,819.589023,823.048491,826.537493,830.056428,833.605397,837.184723,840.794199,844.434053,848.104681,851.806221,855.538480,859.302064,863.096580,866.922585,870.779986,874.669018,878.589872,882.542555,886.527398,890.544503,894.593673,898.675450,902.790035,906.937446,911.117555,915.330721,919.576987,923.856587,928.169708,932.516619,936.897192,941.311911,945.760449,950.243141,954.760391,959.312108,963.898423,968.519435,973.175516,977.866767,982.593229,987.354836,992.152023,996.985058,1001.853765,1006.758403,1011.699221,1016.676352,1021.689680,1026.739677,1031.826243,1036.949648,1042.110139,1047.307963,1052.542989,1057.815244,1063.125342,1068.472871,1073.858507,1079.281917,1084.743934,1090.243815,1095.782145,1101.359294,1106.975231,1112.629808,1118.323424,1124.056225,1129.828418,1135.640030,1141.491384,1147.382392,1153.313246,1159.284413,1165.295608,1171.347408,1177.439456,1183.572275,1189.745821,1195.960369,1202.215885,1208.512604,1214.850798,1221.230424,1227.651679,1234.114734,1240.619732,1247.166849,1253.756067,1260.388196,1267.062476,1273.779300,1280.538999,1287.341625,1294.187318,1301.076236,1308.008688,1314.984483,1322.003897
747.382545,746.030359,744.669049,743.316438,741.966525,740.619232,739.275014,737.933732,736.595221,735.259447,733.926739,732.596931,731.269949,729.945954,728.625000,727.306875,725.992041,724.680223,723.371378,722.065686,720.763038,719.463621,718.167264,716.874020,715.584093,714.297385,713.013914,711.733580,710.456662,709.183060,707.912724,706.645740,705.382092,704.121843,702.865020,701.611524,700.361756,699.115312,697.872506,696.633202,695.397540,694.165231,692.936745,691.711820,690.490589,689.273090,688.059302,686.849132,685.642776,684.446487,683.241500,682.009820,680.855827,679.668651,678.485428,677.306000,676.130728,674.977643,673.792008,672.628859,671.469692,670.314584,669.163469,668.016679,666.874109,665.735532,664.601434,663.471258,662.345813,661.224585,660.107667,658.994894,657.886852,656.783137,655.683692,654.587993,653.498830,652.411848,651.331963,650.255230,649.183718,648.114810,647.096566,645.996593,644.943701,643.907595,642.852681,641.814044,640.780259,639.751710,638.727874,637.709147,636.695261,635.687394,634.683141,633.684692,632.691332,631.701883,630.719975,629.742386,628.771683,627.802911,626.841589,625.884166,624.933972,623.988445,623.048049,622.100677,621.167351,620.259152,619.342249,618.430305,617.524003,616.623216,615.789650,614.828417,613.956690,613.079478,612.208650,611.342892,610.478647,609.630126,608.782358,607.941073,607.121074,606.277230,605.458608,604.638543,603.834138,603.021081,602.227798,601.436902,600.652484,599.879863,599.103294,598.335696,597.519825,596.828982,596.082712,595.345802,594.613438,593.891658,593.172913,592.462091,591.758813,591.066326,590.367793,589.689504,588.984169,588.317196,587.694841,587.026870,586.384099,585.745262,585.112901,584.488787,583.868674,583.262711,582.661206,582.067565,581.480608,580.901376,580.332514,579.767943,579.212763,578.663247,578.099979,577.594546,577.071620,576.554242,576.049699,575.544633,575.041134,574.577867,574.103489,573.639073,573.181247,572.726341,572.289178,571.861929,571.439735,571.025790,570.624534,570.222226,569.838037,569.459143,569.089508,568.729027,568.378311,568.035749,567.700111,567.379072,567.065581,566.760492,566.463611,566.176514,565.901955,565.634406,565.377755,565.133422,564.888825,564.664739,564.446671,564.235873,564.040211,563.851825,563.674046,563.507615,563.349555,563.202479,563.064985,562.936818,562.822766,562.717229,562.624329,562.541195,562.466533,562.404181,562.352600,562.313417,562.282358,562.263934,562.256661,562.259371,562.274841,562.301688,562.340459,562.389513,562.450937,562.523327,562.607698,562.703984,562.810423,562.930000,563.061736,563.205588,563.361272,563.529114,563.709768,563.902357,564.106997,564.323465,564.553023,564.795286,565.050591,565.318158,565.598620,565.892268,566.198843,566.518377,566.851434,567.196765,567.555631,567.928174,568.314396,568.713259,569.125871,569.552571,569.993159,570.447280,570.915006,571.396802,571.892573,572.403131,572.927503,573.465915,574.019056,574.586473,575.168673,575.765433,576.376767,577.002945,577.644098,578.300320,578.971652,579.657712,580.359401,581.075720,581.807748,582.555515,583.318633,584.097612,584.892257,585.702665,586.529353,587.371690,588.230452,589.105165,589.996131,590.903439,591.827404,592.767707,593.724938,594.698940,595.689950,596.697682,597.722386,598.764187,599.823162,600.899712,601.993443,603.104974,604.234062,605.380532,606.544719,607.726728,608.926876,610.145102,611.381566,612.636548,613.909776,615.201506,616.511794,617.841063,619.188872,620.555727,621.941787,623.346757,624.770888,626.214344,627.677183,629.159643,630.661684,632.183411,633.725014,635.286419,636.868190,638.469966,640.092188,641.735210,643.398168,645.081791,646.786076,648.511119,650.257182,652.024323,653.812712,655.622244,657.453323,659.305775,661.179868,663.075726,664.993489,666.933162,668.894920,670.878941,672.885142,674.913626,676.964843,679.038943,681.135629,683.254982,685.397509,687.563185,689.752113,691.964430,694.200172,696.459612,698.742781,701.049768,703.380735,705.735843,708.115137,710.518804,712.946937,715.399780,717.877225,720.379445,722.906759,725.459282,728.036848,730.639751,733.268223,735.922418,738.602205,741.307844,744.039809,746.797634,749.582021,752.392360,755.229265,758.092749,760.983289,763.900454,766.844972,769.816393,772.815130,775.841349,778.895309,781.976715,785.085946,788.223280,791.388725,794.582307,797.804448,801.054856,804.333925,807.641719,810.978481,814.344367,817.739308,821.163722,824.617751,828.101075,831.614209,835.157171,838.730359,842.333349,845.966581,849.630366,853.324889,857.049906,860.806041,864.592990,868.411035,872.260394,876.141101,880.053455,883.997425,887.973525,891.981224,896.021173,900.093340,904.198145,908.335560,912.505508,916.708195,920.943815,925.212575,929.514699,933.850140,938.219255,942.622269,947.058812,951.529348,956.034254,960.573385,965.146849,969.754739,974.397520,979.075291,983.787914,988.535554,993.318548,998.137165,1002.991227,1007.881074,1012.806882,1017.768516,1022.766289,1027.800502,1032.871056,1037.978218,1043.122237,1048.303359,1053.521472,1058.776542,1064.069244,1069.399145,1074.766921,1080.172238,1085.615930,1091.097251,1096.616788,1102.174910,1107.771585,1113.406665,1119.080550,1124.793384,1130.545374,1136.336548,1142.167226,1148.037322,1153.947028,1159.896809,1165.886380,1171.916319,1177.986268,1184.096750,1190.247720,1196.439453,1202.671916,1208.945343,1215.260005,1221.615859,1228.013103,1234.451907,1240.932446,1247.454799,1254.019044,1260.625961,1267.274788,1273.965917,1280.699680,1287.476130,1294.295405,1301.157664,1308.063215,1315.011867,1322.003897
741.897473,740.566988,739.239223,737.914221,736.591681,735.272308,733.923272,732.641854,731.330764,730.022677,728.717506,727.415222,726.115667,724.819234,723.525688,722.235220,720.947824,719.663370,718.382033,717.097155,715.828447,714.556476,713.287319,712.021709,710.759149,709.499790,708.243489,706.990656,705.740993,704.494672,703.251635,702.011879,700.775485,699.542478,698.312760,697.086736,695.864118,694.644842,693.429159,692.217145,691.008456,689.803322,688.601854,687.404040,686.209916,685.019486,683.839056,682.649471,681.470233,680.294560,679.122904,677.955076,676.701718,675.630687,674.474200,673.321817,672.173251,671.028729,669.888303,668.751915,667.619399,666.490892,665.366694,664.166320,663.130539,662.018697,660.911016,659.807750,658.708957,657.614225,656.523670,655.437651,654.355905,653.277653,652.205863,651.136309,650.073658,649.015873,647.958203,646.951043,645.865830,644.823101,643.786970,642.756789,641.640516,640.707176,639.689975,638.677628,637.670174,636.667343,635.669432,634.677769,633.689008,632.706705,631.728820,630.754802,629.787637,628.826255,627.870778,626.916967,625.970283,625.028399,624.093503,623.162436,622.236570,621.316749,620.385555,619.491307,618.588523,617.690604,616.798389,615.911555,615.031093,614.142191,613.213088,612.422574,611.564780,610.712928,609.866408,609.026259,608.191833,607.362514,606.561480,605.724538,604.913669,604.110569,603.315999,602.519851,601.729493,600.957765,600.184577,599.418737,598.658956,597.904830,597.158988,596.417922,595.684338,594.956762,594.236560,593.523093,592.816280,592.116181,591.422059,590.735711,590.056178,589.383557,588.721083,588.056608,587.407117,586.762991,586.125812,585.493867,584.872956,584.258193,583.648620,583.033772,582.457029,581.869528,581.291447,580.720360,580.131575,579.601842,579.063517,578.514386,577.980650,577.438785,576.941131,576.422610,575.932639,575.440884,574.956464,574.481095,574.012529,573.537304,573.102252,572.659107,572.219971,571.796418,571.380421,570.973214,570.571396,570.198005,569.792015,569.423310,569.057655,568.700869,568.357010,568.014932,567.685094,567.361457,567.053330,566.751596,566.458478,566.173984,565.901328,565.636162,565.376896,565.135449,564.901903,564.668114,564.455035,564.248221,564.046748,563.863332,563.683373,563.518631,563.360444,563.213950,563.076684,562.949727,562.833218,562.726725,562.631260,562.547588,562.473384,562.406821,562.354528,562.311783,562.280032,562.258773,562.248125,562.250117,562.261046,562.283730,562.318589,562.364628,562.421922,562.490123,562.569531,562.661409,562.764443,562.878309,563.003732,563.142115,563.291993,563.453702,563.627680,563.813986,564.012479,564.222857,564.445110,564.679322,564.926718,565.186383,565.459053,565.743896,566.041732,566.352950,566.676321,567.013000,567.362218,567.724623,568.100356,568.489622,568.891940,569.307169,569.736224,570.179263,570.635775,571.105814,571.589423,572.086966,572.598544,573.124419,573.664261,574.218409,574.786533,575.369245,575.966612,576.578137,577.204279,577.845302,578.501034,579.171974,579.857389,580.557815,581.273468,582.003955,582.750103,583.511599,584.288515,585.081081,585.889201,586.713133,587.552951,588.408577,589.280318,590.167899,591.071634,591.991791,592.928158,593.881011,594.850573,595.836939,596.839959,597.859481,598.895990,599.949428,601.020071,602.107972,603.213062,604.335966,605.475786,606.633279,607.808155,609.000894,610.211544,611.440268,612.687043,613.952032,615.235256,616.536836,617.856944,619.195764,620.552982,621.929232,623.324427,624.738472,626.171447,627.623637,629.095123,630.586088,632.096472,633.626314,635.175839,636.745267,638.334779,639.944339,641.574277,643.224171,644.894288,646.584811,648.296084,650.027842,651.780391,653.554088,655.348634,657.164253,659.001275,660.859529,662.739245,664.640597,666.563649,668.508541,670.475378,672.464097,674.475019,676.507958,678.563697,680.641841,682.742556,684.865837,687.012006,689.181207,691.373526,693.588996,695.827790,698.090133,700.375918,702.685447,705.018802,707.376105,709.757372,712.162916,714.592656,717.046995,719.525751,722.029132,724.557527,727.110676,729.688845,732.292171,734.920882,737.575144,740.254811,742.960317,745.691625,748.448853,751.232326,754.041629,756.877253,759.739534,762.628213,765.543981,768.486265,771.455516,774.451913,777.475645,780.526807,783.605304,786.711496,789.845444,793.007387,796.197421,799.415532,802.661839,805.936622,809.239933,812.572014,815.932962,819.322882,822.742239,826.190567,829.668313,833.175459,836.712513,840.279135,843.875731,847.502264,851.159146,854.846586,858.564332,862.312873,866.092091,869.902196,873.743407,877.615832,881.519541,885.454762,889.421842,893.420338,897.450871,901.513409,905.608372,909.735813,913.895407,918.087622,922.312528,926.570361,930.861432,935.185409,939.543139,943.934196,948.358727,952.817209,957.309484,961.835942,966.396510,970.991283,975.620911,980.284932,984.983768,989.717398,994.486157,999.290411,1004.129690,1009.004687,1013.915296,1018.861565,1023.843745,1028.862138,1033.916644,1039.007529,1044.135110,1049.299429,1054.500577,1059.738452,1065.013728,1070.325972,1075.675859,1081.063083,1086.488395,1091.951156,1097.451849,1102.990920,1108.568310,1114.183871,1119.838001,1125.530847,1131.262614,1137.033293,1142.843314,1148.692480,1154.581019,1160.509398,1166.477330,1172.485393,1178.533228,1184.621359,1190.749741,1196.918647,1203.128045,1209.378168,1215.669288,1222.001361,1228.374585,1234.789129,1241.245169,1247.742784,1254.282051,1260.863749,1267.487118,1274.152549,1280.860372,1287.610642,1294.403497,1301.239094,1308.117743,1315.039251,1322.003897
736.512357,735.209184,733.908721,732.610786,731.315860,730.023637,728.734196,727.447583,726.163870,724.883019,723.604980,722.329761,721.014304,719.788280,718.522087,717.258753,715.998419,714.741168,713.486910,712.235655,710.987596,709.688867,708.500772,707.262094,706.029407,704.794129,703.564992,702.339126,701.116432,699.897128,698.681101,697.468201,696.258532,695.052551,693.849962,692.650828,691.455063,690.262635,689.073944,687.888539,686.706648,685.528384,684.353732,683.182729,682.015379,680.851622,679.691386,678.534927,677.382465,676.228217,675.088557,673.947265,672.809721,671.675886,670.546149,669.427233,668.298216,667.180340,666.066339,664.956231,663.850300,662.746689,661.650265,660.556602,659.466837,658.381385,657.300210,656.160263,655.150660,654.082064,653.017903,651.956934,650.902538,649.850138,648.804747,647.762381,646.769233,645.689525,644.662842,643.638795,642.619286,641.604444,640.593878,639.588680,638.587922,637.591936,636.631366,635.614046,634.631949,633.655289,632.680992,631.716672,630.754341,629.797025,628.842703,627.897870,626.957867,626.018896,625.087240,624.161261,623.239355,622.324415,621.413267,620.507389,619.703700,618.710803,617.822482,616.938573,616.060543,615.187205,614.293591,613.445225,612.596305,611.752890,610.908548,610.070246,609.236733,608.409526,607.588197,606.771624,605.983730,605.159027,604.357740,603.564503,602.783939,602.004461,601.232189,600.465389,599.697871,598.949855,598.253201,597.462107,596.723885,595.987769,595.272628,594.553838,593.846221,593.126804,592.448757,591.757757,591.074431,590.398530,589.733638,589.060365,588.410100,587.760335,587.119199,586.484431,585.855081,585.235087,584.621813,584.014722,583.415189,582.822717,582.238577,581.661011,581.095622,580.528616,579.973202,579.425678,578.884383,578.352449,577.826530,577.280066,576.803544,576.299757,575.806351,575.321179,574.841595,574.373771,573.912937,573.461217,573.013178,572.576534,572.146513,571.724928,571.311783,570.909413,570.513938,570.127866,569.767153,569.379856,569.018710,568.654430,568.321917,567.990887,567.661250,567.343869,567.032610,566.736772,566.447070,566.166184,565.893589,565.632800,565.379474,565.131551,564.901235,564.675115,564.459847,564.253912,564.059213,563.871444,563.695134,563.525698,563.370767,563.223677,563.086965,562.960352,562.842583,562.735916,562.638853,562.553080,562.477869,562.412049,562.356253,562.312606,562.278912,562.255593,562.243546,562.240789,562.250573,562.270081,562.300653,562.342505,562.396313,562.461427,562.536716,562.623902,562.722329,562.832301,562.953667,563.085549,563.229822,563.385999,563.554336,563.733963,563.925897,564.130226,564.346136,564.573911,564.813258,565.065599,565.330005,565.607551,565.897088,566.199152,566.514133,566.841774,567.182440,567.535599,567.901314,568.280464,568.672668,569.078273,569.496454,569.928208,570.373365,570.832431,571.304652,571.790254,572.289521,572.802544,573.330053,573.871079,574.426121,574.995265,575.578687,576.176486,576.788362,577.414686,578.055471,578.710992,579.381316,580.066253,580.765901,581.480463,582.209925,582.954580,583.714386,584.489470,585.280047,586.085809,586.907387,587.744673,588.597389,589.465880,590.350421,591.250725,592.167041,593.099686,594.048335,595.013578,595.995239,596.993760,598.008338,599.039671,600.087853,601.152945,602.234897,603.333937,604.450389,605.584052,606.734739,607.902788,609.088300,610.291592,611.512652,612.751490,614.008521,615.283437,616.576487,617.887815,619.217567,620.565578,621.932285,623.317640,624.721787,626.144618,627.586375,629.047129,630.527186,632.026298,633.544772,635.082728,636.640093,638.217450,639.814471,641.431359,643.068733,644.725646,646.402818,648.100244,649.818017,651.556398,653.315460,655.095321,656.895923,658.717654,660.560334,662.424233,664.309470,666.216186,668.144329,670.094346,672.065912,674.059337,676.074652,678.112173,680.172180,682.254331,684.358862,686.485805,688.635606,690.808198,693.003748,695.222307,697.464012,699.729037,702.017539,704.329320,706.664898,709.024197,711.407401,713.814655,716.246030,718.701633,721.181524,723.685971,726.215189,728.769014,731.347605,733.951326,736.580286,739.234346,741.913780,744.618905,747.349655,750.106348,752.888552,755.696712,758.531006,761.391855,764.278824,767.192636,770.132855,773.099836,776.093870,779.115078,782.163227,785.238685,788.341742,791.472308,794.630555,797.816800,801.030926,804.273088,807.543447,810.842244,814.169488,817.525494,820.910272,824.324243,827.767007,831.238962,834.740204,838.271056,841.831312,845.421101,849.041091,852.691146,856.371163,860.081744,863.822494,867.593968,871.396072,875.229037,879.093054,882.988126,886.914500,890.872525,894.861753,898.882807,902.935869,907.020822,911.138035,915.287297,919.468942,923.683090,927.929966,932.209844,936.522483,940.868513,945.247724,949.660191,954.106390,958.586162,963.099897,967.647497,972.229225,976.845373,981.495786,986.180791,990.900366,995.654963,1000.444600,1005.269222,1010.129198,1015.024630,1019.955496,1024.922152,1029.924584,1034.963006,1040.037680,1045.148845,1050.296178,1055.480325,1060.700973,1065.958793,1071.253350,1076.585320,1081.954396,1087.361328,1092.805478,1098.287327,1103.807324,1109.365404,1114.961423,1120.595778,1126.268604,1131.980137,1137.730339,1143.519646,1149.347865,1155.215220,1161.122180,1167.068457,1173.054628,1179.080430,1185.146102,1191.251882,1197.397967,1203.584271,1209.811080,1216.078647,1222.386930,1228.736125,1235.126402,1241.557935,1248.030805,1254.545087,1261.101561,1267.699466,1274.339194,1281.021075,1287.745161,1294.511593,1301.320527,1308.172272,1315.066636,1322.003897
731.226430,729.950243,728.676557,727.405850,726.137927,724.872537,723.570221,722.350530,721.093662,719.839663,718.588569,717.340219,716.088550,714.852561,713.613216,712.376689,711.143257,709.912676,708.685285,707.460758,706.239501,705.021327,703.806397,702.594472,701.235587,700.179944,698.977557,697.778277,696.582391,695.389752,694.177908,693.013836,691.831092,690.651724,689.475778,688.303162,687.133878,685.968213,684.805904,683.646936,682.491622,681.339880,680.191745,679.047223,677.906286,676.768876,675.629575,674.617715,673.378924,672.256408,671.137737,670.022683,668.911295,667.803960,666.700398,665.600629,664.505038,663.413264,662.302146,661.241571,660.161552,659.085655,658.014017,656.946154,655.882695,654.823291,653.768117,652.717171,651.670343,650.722174,649.589500,648.554297,647.525982,646.546423,645.479782,644.461427,643.451473,642.443905,641.441100,640.422590,639.448599,638.459933,637.475148,636.495272,635.520477,634.549531,633.574678,632.622580,631.667155,630.715273,629.768455,628.826809,627.913114,626.958072,626.033442,625.109567,624.192657,623.281215,622.374123,621.473856,620.578067,619.686633,618.791402,617.918507,616.937748,616.174749,615.310805,614.451423,613.597831,612.748620,611.908252,611.071288,610.240298,609.415253,608.600563,607.780779,606.972436,606.169056,605.372245,604.580793,603.796513,603.021395,602.244412,601.479188,600.712914,599.961154,599.212571,598.469484,597.738515,597.002621,596.275521,595.560267,594.848508,594.145417,593.444262,592.753386,592.066378,591.387688,590.715280,590.048513,589.389399,588.736834,588.041316,587.454990,586.816576,586.193256,585.575452,584.961479,584.359484,583.717301,583.170518,582.587313,581.994388,581.441309,580.880468,580.333029,579.778768,579.239029,578.706797,578.180756,577.664311,577.152407,576.652480,576.159781,575.671077,575.191806,574.721180,574.257458,573.810594,573.356206,572.915603,572.479601,572.061484,571.647360,571.235227,570.838188,570.449834,570.062307,569.693408,569.329329,568.972447,568.624438,568.272908,567.953309,567.634896,567.317716,567.012818,566.711805,566.429933,566.152290,565.883520,565.622688,565.373366,565.135304,564.898146,564.676571,564.461292,564.256092,564.062186,563.878494,563.701573,563.535465,563.379537,563.232160,563.095837,562.967600,562.850086,562.743971,562.648681,562.557688,562.482034,562.417122,562.360514,562.315240,562.278873,562.253362,562.239323,562.236326,562.241433,562.258408,562.287306,562.324993,562.374411,562.435812,562.508435,562.591776,562.685645,562.790816,562.907819,563.036173,563.174997,563.325366,563.488086,563.662143,563.847682,564.045413,564.255392,564.477015,564.710336,564.955103,565.212197,565.481716,565.763405,566.057791,566.364116,566.683262,567.015416,567.359515,567.716588,568.086024,568.468308,568.863840,569.272439,569.694027,570.128189,570.575739,571.037233,571.511734,571.999590,572.500554,573.015400,573.543915,574.086374,574.642688,575.212773,575.796803,576.395078,577.007621,577.634066,578.274842,578.930230,579.600011,580.284604,580.983555,581.697123,582.425615,583.168954,583.927012,584.700422,585.488966,586.292807,587.111906,587.946500,588.796655,589.662353,590.543738,591.440727,592.353519,593.282408,594.227178,595.188105,596.165468,597.159172,598.169278,599.195508,600.238442,601.297895,602.374339,603.467511,604.577737,605.705118,606.849403,608.010771,609.189431,610.385373,611.598931,612.830206,614.079171,615.345987,616.630643,617.933351,619.254187,620.593406,621.950603,623.326447,624.720842,626.133773,627.565229,629.015519,630.484722,631.973019,633.480350,635.006748,636.552440,638.117642,639.702534,641.307078,642.931731,644.575682,646.239582,647.923651,649.627733,651.352059,653.096830,654.862210,656.648089,658.454626,660.282150,662.130487,663.999864,665.890456,667.802322,669.735601,671.690398,673.666646,675.664644,677.684286,679.726233,681.790166,683.876230,685.984353,688.115050,690.268270,692.444160,694.642751,696.864216,699.108775,701.376359,703.667158,705.981340,708.319013,710.680238,713.065242,715.473984,717.906838,720.363648,722.844613,725.350000,727.879899,730.434225,733.013227,735.617134,738.246109,740.900003,743.579251,746.283811,749.013802,751.769545,754.550625,757.357588,760.190594,763.049678,765.934974,768.846671,771.784685,774.749363,777.740856,780.759268,783.804504,786.876844,789.976580,793.103716,796.258275,799.440677,802.650629,805.888521,809.154415,812.448552,815.771086,819.121945,822.501421,825.910025,829.347063,832.813172,836.308368,839.833047,843.386782,846.970011,850.583043,854.226059,857.898816,861.601934,865.335107,869.098615,872.892637,876.717315,880.572836,884.459204,888.376800,892.325569,896.305464,900.316974,904.360299,908.435453,912.542356,916.681212,920.852215,925.055606,929.291386,933.560007,937.861275,942.195538,946.562870,950.963201,955.397066,959.864495,964.365249,968.899857,973.468374,978.071090,982.707938,987.378979,992.084516,996.824733,1001.599828,1006.409682,1011.254668,1016.134884,1021.050309,1026.001317,1030.987839,1036.010141,1041.068470,1046.163063,1051.293721,1056.460713,1061.664384,1066.904437,1072.181278,1077.495303,1082.846324,1088.234730,1093.660242,1099.123438,1104.624237,1110.162867,1115.739321,1121.353879,1127.006811,1132.697944,1138.427800,1144.196224,1150.003476,1155.849731,1161.735155,1167.659761,1173.624026,1179.627686,1185.670979,1191.754145,1197.877378,1204.040594,1210.244184,1216.488083,1222.772566,1229.097723,1235.463724,1241.870743,1248.318860,1254.808152,1261.339397,1267.911833,1274.525853,1281.181787,1287.879688,1294.619693,1301.401962,1308.226802,1315.094021,1322.003897
726.038931,724.789210,723.498002,722.298480,721.057055,719.818324,718.582546,717.349562,716.119314,714.891981,713.667456,712.445703,711.227013,710.011270,708.798344,707.588464,706.381406,705.177504,703.976433,702.778524,701.583815,700.392241,699.203637,698.018021,696.833404,695.656436,694.480385,693.285121,692.138103,690.971729,689.808321,688.648580,687.492178,686.339116,685.189435,684.043135,682.900155,681.760623,680.624538,679.491777,678.362694,677.237177,676.115234,674.996766,673.881924,672.770513,671.683707,670.559257,669.459031,668.362560,667.269839,666.180655,665.095478,664.014042,662.936439,661.623675,660.792960,659.727008,658.665083,657.606952,656.552855,655.361010,654.456793,653.414989,652.377181,651.343577,650.314117,649.287580,648.267549,647.249401,646.287291,645.229660,644.225676,643.225822,642.230688,641.239547,640.253220,639.271244,638.294689,637.321079,636.352508,635.388684,634.429904,633.474841,632.515954,631.579304,630.639972,629.703614,628.772116,627.845872,626.922188,626.007603,625.096076,624.197551,623.287279,622.390627,621.498028,620.612601,619.731205,618.854720,617.973840,617.119914,616.253980,615.399317,614.549436,613.770105,612.864079,612.030448,611.201709,610.357634,609.560579,608.748381,607.947758,607.135620,606.345156,605.555308,604.770226,603.991462,603.220050,602.452531,601.691871,600.940894,600.184898,599.437821,598.708406,597.977329,597.252533,596.533743,595.820358,595.118681,594.409602,593.719543,593.031700,592.350031,591.674486,591.007775,590.344396,589.691026,589.039764,588.402052,587.755235,587.131500,586.508078,585.892970,585.283838,584.680061,584.085969,583.494616,582.915814,582.341939,581.772813,581.213194,580.661476,580.120649,579.574509,579.042759,578.517698,578.000989,577.498458,576.984108,576.475923,575.987267,575.526958,575.043886,574.587234,574.133703,573.685139,573.223838,572.810868,572.384709,571.967123,571.557792,571.148736,570.762153,570.375879,570.000825,569.631485,569.271261,568.919822,568.575335,568.240661,567.914692,567.595145,567.285194,566.984238,566.691637,566.406502,566.133042,565.867334,565.610476,565.361269,565.123617,564.897495,564.669125,564.461279,564.258879,564.062763,563.879403,563.705372,563.540436,563.384965,563.239287,563.102363,562.976912,562.858172,562.753876,562.654371,562.567753,562.486732,562.421092,562.363120,562.317704,562.283151,562.252679,562.236800,562.230844,562.235801,562.250103,562.274676,562.312172,562.358270,562.415147,562.483786,562.563555,562.654442,562.755274,562.867902,562.991807,563.126736,563.272447,563.429212,563.597661,563.777733,563.969705,564.173101,564.388353,564.615915,564.854554,565.104823,565.366879,565.641152,565.927363,566.226564,566.537483,566.860757,567.196651,567.544783,567.905816,568.278859,568.664642,569.063437,569.474890,569.899675,570.336762,570.786748,571.250416,571.727283,572.217140,572.720087,573.236688,573.766676,574.310624,574.868046,575.439077,576.023987,576.622969,577.235970,577.862735,578.503596,579.158722,579.828304,580.512212,581.210623,581.923492,582.650863,583.392765,584.149773,584.921489,585.708122,586.510066,587.326827,588.159087,589.006750,589.869525,590.747731,591.641719,592.551123,593.476296,594.417320,595.374187,596.347204,597.336525,598.342044,599.363330,600.401110,601.455458,602.526351,603.613762,604.718077,605.839147,606.977235,608.131965,609.303789,610.492683,611.699004,612.922686,614.164012,615.422878,616.699511,617.993696,619.305899,620.636252,621.984300,623.350820,624.735554,626.138709,627.560217,629.000252,630.458964,631.936412,633.432732,634.947961,636.482334,638.035642,639.608576,641.200796,642.812583,644.444273,646.095198,647.765974,649.456668,651.167205,652.897991,654.649052,656.420502,658.212325,660.024781,661.857852,663.711649,665.586365,667.482220,669.399039,671.337310,673.296704,675.277528,677.279815,679.303874,681.349987,683.417735,685.507574,687.619312,689.753467,691.909970,694.088988,696.290567,698.514808,700.761990,703.032058,705.325159,707.641496,709.981154,712.344144,714.730778,717.141071,719.575125,722.033001,724.514964,727.021228,729.551624,732.106375,734.685627,737.289758,739.918481,742.572096,745.250886,747.954879,750.683987,753.438734,756.218637,759.024183,761.855706,764.712945,767.596589,770.506069,773.441809,776.404012,779.392856,782.408431,785.450641,788.519854,791.616101,794.739644,797.890570,801.068859,804.274631,807.508162,810.769547,814.058891,817.376424,820.722202,824.096689,827.499416,830.930779,834.390906,837.880153,841.398328,844.945537,848.522036,852.128141,855.764054,859.429450,863.125031,866.850463,870.606024,874.391932,878.208292,882.055172,885.932769,889.841517,893.780881,897.751509,901.753370,905.786878,909.852087,913.948669,918.077075,922.237414,926.429891,930.654618,934.911872,939.201682,943.524379,947.879591,952.267754,956.689235,961.144061,965.631995,970.153499,974.708854,979.298060,983.921253,988.578331,993.269727,997.995708,1002.756093,1007.551139,1012.381094,1017.246088,1022.146003,1027.081307,1032.051900,1037.058049,1042.099998,1047.177992,1052.291898,1057.441741,1062.628133,1067.850661,1073.109757,1078.405808,1083.738645,1089.108599,1094.515448,1099.959751,1105.441425,1110.960700,1116.517567,1122.112305,1127.745185,1133.416034,1139.125373,1144.873046,1150.659314,1156.484351,1162.348323,1168.251242,1174.193586,1180.175089,1186.195991,1192.256528,1198.356898,1204.497014,1210.677269,1216.897595,1223.158268,1229.459378,1235.801095,1242.183593,1248.606951,1255.071246,1261.577255,1268.124218,1274.712527,1281.342510,1288.014221,1294.727798,1301.483400,1308.281333,1315.121324,1322.003897
720.948888,719.725875,718.505473,717.287669,716.072530,714.860314,713.650952,712.444120,711.240241,710.039159,708.840843,707.786878,706.453147,705.263541,704.076952,702.893153,701.712477,700.534536,699.359853,698.188140,697.019661,695.854183,694.691665,693.564303,692.376036,691.230921,690.072970,688.926375,687.782822,686.642199,685.505206,684.371516,683.241129,682.113999,680.990372,679.869972,678.752965,677.639434,676.529055,675.422382,674.319236,673.219624,672.123447,671.052127,669.941768,668.856364,667.774616,666.696523,665.622132,664.466162,663.484308,662.420933,661.361372,660.304144,659.253675,658.205648,657.161340,656.121129,655.084783,654.052086,653.023682,651.995900,650.978603,649.962227,648.922987,647.940362,646.937496,645.936256,644.941828,643.950178,642.963066,641.978185,641.001267,640.026507,639.056449,638.090889,637.130480,636.173108,635.154601,634.272818,633.329877,632.390824,631.456504,630.526558,629.602679,628.681640,627.766374,626.849211,625.946726,625.047320,624.150613,623.267327,622.371717,621.489741,620.611828,619.740864,618.874038,618.011924,617.145428,616.306233,615.454600,614.613342,613.777428,612.907150,612.119770,611.299569,610.484458,609.673452,608.870034,608.071153,607.246294,606.484367,605.706961,604.930001,604.095133,603.394921,602.632533,601.878350,601.146595,600.386236,599.649089,598.910938,598.193795,597.467903,596.740616,596.053920,595.355400,594.654852,593.964546,593.284567,592.607209,591.935618,591.272520,590.614275,589.963068,589.317723,588.667288,588.046206,587.382058,586.800856,586.191353,585.578942,584.981454,584.384851,583.803294,583.223512,582.651164,582.085052,581.526252,580.959331,580.429598,579.891518,579.365840,578.837280,578.320493,577.811551,577.308221,576.813586,576.325007,575.845204,575.374024,574.908328,574.451326,573.998378,573.558593,573.124870,572.709607,572.278147,571.847857,571.462159,571.066848,570.674829,570.298714,569.925200,569.563267,569.207239,568.860410,568.520400,568.192381,567.872855,567.554411,567.247518,566.950196,566.661431,566.381119,566.107904,565.845911,565.592568,565.347403,565.109786,564.883789,564.669099,564.455184,564.254559,564.064509,563.879471,563.706580,563.543598,563.387339,563.243803,563.104075,562.981491,562.866149,562.758188,562.661769,562.573188,562.494516,562.426346,562.368288,562.319490,562.282934,562.255838,562.235468,562.228479,562.231424,562.243865,562.267268,562.300057,562.344824,562.399224,562.464162,562.539276,562.626959,562.724776,562.833448,562.953046,563.082944,563.225103,563.377758,563.541065,563.715437,563.902059,564.099412,564.308747,564.529502,564.762708,565.006854,565.262638,565.529838,565.808655,566.099871,566.403102,566.718803,567.046115,567.386101,567.738713,568.103045,568.480111,568.869212,569.271290,569.685912,570.113421,570.553798,571.006178,571.472058,571.951403,572.443451,572.948735,573.466822,573.998560,574.543501,575.102354,575.674485,576.260278,576.859976,577.473233,578.100639,578.741667,579.396725,580.066133,580.749686,581.447557,582.159667,582.886116,583.627038,584.382663,585.152673,585.937691,586.737581,587.552490,588.382275,589.227228,590.087457,590.962879,591.853746,592.759875,593.681488,594.618882,595.571831,596.540664,597.525526,598.526579,599.543408,600.576185,601.625411,602.690667,603.772656,604.871137,605.986211,607.118036,608.266506,609.431714,610.613866,611.812953,613.029321,614.263003,615.514116,616.782756,618.068660,619.372384,620.693950,622.033388,623.390524,624.766030,626.159493,627.571261,629.001168,630.449534,631.916535,633.402060,634.906258,636.429291,637.971179,639.532161,641.112461,642.711973,644.331278,645.969489,647.627229,649.304730,651.001853,652.718816,654.455856,656.213075,657.990387,659.788114,661.606090,663.444632,665.303801,667.183769,669.084593,671.006412,672.949329,674.913272,676.898541,678.905028,680.933258,682.983310,685.054927,687.148170,689.263562,691.401014,693.560684,695.742663,697.947095,700.174082,702.423692,704.696068,706.991376,709.309722,711.651165,714.015930,716.404026,718.815670,721.250879,723.709752,726.192575,728.699459,731.230337,733.785334,736.364806,738.968873,741.597379,744.250601,746.928854,749.632133,752.360561,755.113840,757.892514,760.696594,763.526552,766.381953,769.263519,772.170779,775.104163,778.063888,781.050098,784.062555,787.101625,790.167596,793.260376,796.380133,799.527183,802.701405,805.902953,809.131986,812.388741,815.673225,818.985753,822.326329,825.695375,829.092486,832.518059,835.972188,839.455193,842.966867,846.507335,850.077262,853.676514,857.305070,860.963266,864.651010,868.368647,872.116190,875.893858,879.701810,883.540058,887.408897,891.308519,895.238629,899.199797,903.191988,907.215678,911.270739,915.357022,919.474917,923.624540,927.806077,932.019850,936.265527,940.543953,944.854696,949.197905,953.573873,957.982977,962.425068,966.900251,971.408617,975.950794,980.526379,985.135731,989.778846,994.456058,999.167634,1003.913393,1008.693672,1013.508476,1018.358177,1023.242575,1028.162140,1033.116768,1038.106728,1043.132263,1048.193617,1053.290658,1058.423409,1063.592483,1068.797464,1074.039050,1079.316835,1084.631720,1089.982936,1095.371096,1100.796480,1106.259141,1111.758901,1117.296158,1122.871055,1128.483863,1134.134407,1139.823209,1145.550113,1151.315379,1157.119181,1162.961684,1168.842900,1174.763308,1180.722640,1186.721136,1192.759159,1198.836530,1204.953532,1211.110440,1217.307182,1223.544037,1229.821092,1236.138516,1242.496486,1248.895077,1255.334369,1261.815138,1268.336622,1274.899214,1281.503243,1288.148762,1294.835908,1301.564847,1308.335866,1315.148709,1322.003897
715.956095,714.753162,713.564659,712.372921,711.183892,709.997714,708.814293,707.633536,706.455636,705.280585,704.108283,702.938924,701.772530,700.608878,699.448078,698.290367,697.135361,695.983580,694.834794,693.689095,692.546288,691.406676,690.270072,689.136494,688.006071,686.972603,685.754669,684.633731,683.515758,682.401181,681.289929,680.190145,679.077224,677.976003,676.877991,675.783131,674.691837,673.603727,672.519150,671.438128,670.382510,669.286469,668.215916,667.148764,666.092953,665.025423,663.969250,662.916587,661.867489,660.822246,659.756406,658.742593,657.708451,656.678068,655.651487,654.628734,653.609924,652.594988,651.583581,650.576467,649.572997,648.573847,647.578670,646.586160,645.576569,644.618222,643.637159,642.663014,641.694431,640.724200,639.763985,638.805572,637.830470,636.902201,635.958019,634.949202,634.080445,633.148513,632.221182,631.297728,630.379295,629.464816,628.556521,627.650845,626.751000,625.849429,624.962796,624.076822,623.195813,622.327574,621.446838,620.579217,619.715790,618.859737,618.007409,617.159453,616.307390,615.478989,614.645509,613.817442,612.995505,612.166691,611.365216,610.558829,609.757026,608.959728,608.169393,607.383834,606.603793,605.828206,605.058475,604.294449,603.535090,602.785942,602.035049,601.289329,600.573542,599.825708,599.100893,598.381640,597.668821,596.960209,596.238922,595.569715,594.873919,594.187547,593.511719,592.839586,592.174183,591.514101,590.860159,590.212434,589.573519,588.936899,588.308116,587.686055,587.075335,586.456032,585.825307,585.260124,584.698284,584.087354,583.508903,582.940299,582.374611,581.819775,581.270418,580.725810,580.188007,579.662553,579.145834,578.622670,578.114164,577.608398,577.118651,576.630316,576.145775,575.674195,575.211376,574.756789,574.286198,573.860397,573.424707,572.996577,572.584356,572.163862,571.757607,571.358341,570.970046,570.587053,570.209496,569.845858,569.487075,569.137262,568.793397,568.460713,568.133434,567.816215,567.505850,567.204384,566.910952,566.626021,566.349720,566.081185,565.819962,565.569820,565.323818,565.094774,564.868912,564.653877,564.452298,564.248244,564.058518,563.879643,563.706308,563.542331,563.390994,563.245152,563.111467,562.982421,562.869821,562.763240,562.666137,562.578989,562.500268,562.431877,562.373208,562.324365,562.285205,562.257149,562.237315,562.228669,562.228977,562.240040,562.261159,562.293971,562.334113,562.385960,562.449058,562.520891,562.604052,562.698528,562.804127,562.919993,563.046028,563.183563,563.331924,563.491601,563.661039,563.841868,564.034033,564.237529,564.452955,564.679243,564.917544,565.167562,565.428537,565.701021,565.984801,566.280603,566.588216,566.908565,567.240343,567.584315,567.940516,568.308852,568.689625,569.082314,569.487677,569.905450,570.335841,570.779140,571.234642,571.702808,572.184285,572.678624,573.185875,573.705713,574.239117,574.785512,575.345719,575.919123,576.505822,577.106118,577.720181,578.348001,578.989397,579.644401,580.313523,580.996677,581.694286,582.405600,583.131337,583.871086,584.625497,585.394190,586.177571,586.975553,587.788501,588.615976,589.458689,590.316289,591.189009,592.076692,592.979840,593.898119,594.831838,595.781089,596.745971,597.726459,598.723055,599.735517,600.763477,601.807494,602.867747,603.944305,605.036921,606.146283,607.271968,608.414306,609.572950,610.748469,611.940578,613.149939,614.376201,615.619588,616.880324,618.158455,619.453792,620.766791,622.097559,623.445747,624.811975,626.196026,627.598085,629.018313,630.456573,631.913135,633.388113,634.881561,636.393540,637.924285,639.473585,641.042110,642.629573,644.236199,645.862339,647.507324,649.171813,650.855640,652.559157,654.282446,656.025621,657.788697,659.571798,661.375165,663.198681,665.042528,666.906882,668.791971,670.697610,672.624284,674.571663,676.540052,678.529576,680.540261,682.572633,684.626281,686.701556,688.798362,690.917026,693.057664,695.220381,697.405220,699.612281,701.841839,704.093839,706.368425,708.665799,710.986042,713.329167,715.695481,718.085008,720.497819,722.934073,725.393811,727.877456,730.384769,732.915969,735.471202,738.050844,740.654603,743.282781,745.935658,748.613259,751.315495,754.042889,756.794955,759.572236,762.374891,765.202952,768.056551,770.935882,773.840834,776.771775,779.728848,782.712152,785.721590,788.757441,791.819993,794.909248,798.025227,801.168349,804.338315,807.535514,810.760007,814.012031,817.291678,820.599055,823.934304,827.297892,830.689225,834.108905,837.556943,841.033734,844.538850,848.072724,851.635680,855.227851,858.849036,862.499840,866.179953,869.889652,873.629116,877.398483,881.197939,885.027486,888.887503,892.777931,896.698723,900.650366,904.633030,908.646624,912.691536,916.767409,920.874727,925.013558,929.184123,933.386694,937.621028,941.887753,946.186655,950.517807,954.881684,959.278123,963.707513,968.169777,972.665103,977.193855,981.755849,986.351413,990.980520,995.643505,1000.340732,1005.071726,1009.837179,1014.636982,1019.471182,1024.340025,1029.243813,1034.182442,1039.156177,1044.165263,1049.209946,1054.290109,1059.405716,1064.557440,1069.744844,1074.968604,1080.228382,1085.525009,1090.857739,1096.227184,1101.633625,1107.077113,1112.557471,1118.075095,1123.630129,1129.222843,1134.853062,1140.521308,1146.227424,1151.971600,1157.754219,1163.575237,1169.434735,1175.333191,1181.270338,1187.246414,1193.261784,1199.316267,1205.410147,1211.543697,1217.716846,1223.929872,1230.182863,1236.475987,1242.809420,1249.183239,1255.597520,1262.053043,1268.549044,1275.085915,1281.663986,1288.283309,1294.944022,1301.646290,1308.390399,1315.176095,1322.003897
711.059498,710.036997,708.719414,707.553418,706.390244,705.229800,704.071991,702.916962,701.764848,700.615551,699.468877,698.325282,697.184428,696.046339,694.910143,693.779006,692.649870,691.500363,690.400445,689.280320,688.163224,687.049102,685.937975,684.829969,683.724963,682.623256,681.524537,680.428982,679.345185,678.247607,677.161795,676.079214,675.000054,673.924150,672.851319,671.782016,670.716005,669.653201,668.594057,667.538370,666.486040,665.445120,664.391823,663.350142,662.311811,661.277160,660.246106,659.193809,658.194807,657.174513,656.092602,655.145266,654.136147,653.130768,652.129309,651.131662,650.137730,649.147593,648.161467,647.151541,646.200871,645.226527,644.256037,643.288141,642.340850,641.368954,640.317594,639.463057,638.519259,637.577242,636.639521,635.706156,634.709480,633.852437,632.932154,632.016052,631.103170,630.187605,629.293864,628.395117,627.502104,626.611664,625.727077,624.846435,623.969363,623.098094,622.232306,621.370337,620.512727,619.660021,618.811127,617.968582,617.131447,616.298063,615.452860,614.645554,613.826152,613.013039,612.204164,611.388934,610.601630,609.808082,609.020383,608.236459,607.459142,606.686761,605.919829,605.157688,604.400624,603.649104,602.903152,602.165801,601.427609,600.694095,599.978035,599.254829,598.545418,597.832080,597.133915,596.438374,595.727512,595.063756,594.385509,593.712750,593.047219,592.381430,591.730175,591.078933,590.437913,589.801182,589.170008,588.527716,587.927833,587.315568,586.709767,586.110481,585.517417,584.933943,584.347319,583.775421,583.208804,582.657385,582.093155,581.545629,581.002470,580.469620,579.958715,579.421035,578.909519,578.396988,577.899182,577.405700,576.920577,576.440059,575.967350,575.501549,575.041309,574.591174,574.136293,573.712741,573.283309,572.861968,572.447005,572.020191,571.643819,571.250464,570.865970,570.490675,570.123105,569.754608,569.405833,569.060780,568.725517,568.394548,568.076651,567.758328,567.453508,567.158631,566.866427,566.585719,566.312938,566.048918,565.792320,565.557379,565.304584,565.070394,564.852843,564.638330,564.434885,564.244396,564.051331,563.872883,563.705117,563.542374,563.389308,563.247949,563.113129,562.989269,562.872050,562.768142,562.671772,562.583398,562.506674,562.437989,562.378579,562.329443,562.289492,562.259072,562.240141,562.229548,562.229469,562.238253,562.257923,562.287526,562.328412,562.376872,562.435840,562.507396,562.587409,562.678025,562.778970,562.891734,563.014837,563.147910,563.292439,563.446790,563.613679,563.789669,563.977136,564.174948,564.384528,564.605331,564.837709,565.081028,565.336637,565.602878,565.880695,566.169407,566.469823,566.782211,567.106389,567.443013,567.790857,568.151245,568.523640,568.907905,569.304302,569.712784,570.133684,570.567273,571.013312,571.471969,571.942412,572.426003,572.922524,573.432049,573.953954,574.488972,575.037045,575.598497,576.172919,576.760696,577.361828,577.976566,578.604670,579.246460,579.901754,580.570753,581.253703,581.950755,582.661672,583.386594,584.125306,584.878591,585.646185,586.427872,587.224208,588.035127,588.860766,589.700979,590.556025,591.426118,592.311041,593.211112,594.126135,595.056466,596.001974,596.962916,597.939370,598.931549,599.939642,600.963080,602.002342,603.057370,604.128667,605.215807,606.319384,607.439109,608.575306,609.727771,610.896717,612.082228,613.284355,614.503373,615.739384,616.992505,618.262752,619.550129,620.854685,622.176774,623.516377,624.873403,626.248413,627.640981,629.051434,630.479866,631.926257,633.390949,634.873788,636.374919,637.894584,639.432735,640.989482,642.565094,644.159744,645.773616,647.406100,649.057727,650.728737,652.418956,654.128633,655.858008,657.607091,659.375970,661.164820,662.973517,664.802376,666.651455,668.520926,670.410843,672.321404,674.252527,676.204323,678.177026,680.170529,682.185354,684.221576,686.278939,688.357611,690.457785,692.579697,694.723383,696.888967,699.076556,701.286249,703.518151,705.772364,708.049065,710.348359,712.670302,715.015117,717.382813,719.773604,722.187503,724.624612,727.085211,729.569410,732.077140,734.608635,737.163920,739.743441,742.346931,744.974666,747.626959,750.303802,753.005316,755.731258,758.482003,761.257727,764.058764,766.884944,769.736670,772.613648,775.516213,778.444563,781.399027,784.379232,787.385539,790.418161,793.477225,796.562695,799.674951,802.813860,805.979576,809.172336,812.392245,815.639382,818.914103,822.216217,825.546384,828.904073,832.289679,835.703327,839.145370,842.615619,846.114171,849.641281,853.197266,856.782323,860.396124,864.039373,867.711729,871.413471,875.144763,878.905793,882.696673,886.517452,890.368496,894.249747,898.161201,902.103211,906.076106,910.079817,914.114373,918.179864,922.276517,926.404571,930.564027,934.755331,938.978289,943.233245,947.520272,951.839296,956.190851,960.574963,964.991393,969.440666,973.922835,978.438188,982.986656,987.568297,992.183353,996.832184,1001.514807,1006.231161,1010.981617,1015.766271,1020.585100,1025.438457,1030.326326,1035.248919,1040.206495,1045.199067,1050.226976,1055.290208,1060.388660,1065.523004,1070.692802,1075.898730,1081.140449,1086.418792,1091.733008,1097.083684,1102.471185,1107.895477,1113.356408,1118.854377,1124.389526,1129.962058,1135.572000,1141.219670,1146.904979,1152.628117,1158.389467,1164.188983,1170.026747,1175.903236,1181.818183,1187.771827,1193.764530,1199.796114,1205.866859,1211.977040,1218.126587,1224.315774,1230.544692,1236.813508,1243.122396,1249.471435,1255.860701,1262.290972,1268.761485,1275.272631,1281.824740,1288.417864,1295.052141,1301.727736,1308.444934,1315.203482,1322.003897
706.258210,705.112286,703.969136,702.833100,701.690868,700.555834,699.423377,698.293893,697.167195,696.043093,694.922040,693.803698,692.688091,691.609929,690.465630,689.368013,688.255066,687.154199,686.056311,684.961345,683.869587,682.780657,681.694794,680.612024,679.532249,678.455650,677.382136,676.438722,675.244735,674.180849,673.120159,672.062854,671.008695,669.957851,668.910092,667.865824,666.824800,665.787252,664.761203,663.722370,662.695088,661.671153,660.650917,659.633990,658.620704,657.611050,656.604679,655.449913,654.603115,653.607794,652.616091,651.628126,650.643780,649.663346,648.686642,647.713566,646.744509,645.831351,644.817432,643.786282,642.909128,641.954381,641.010454,640.070586,639.130936,638.195524,637.268009,636.320311,635.420694,634.434173,633.591152,632.681384,631.776884,630.875267,629.980908,629.088677,628.201099,627.317872,626.440138,625.564983,624.695371,623.829932,622.968787,622.113685,621.260772,620.413565,619.586629,618.732440,617.899325,617.189805,616.247165,615.414894,614.596955,613.804196,612.998481,612.198695,611.403865,610.602523,609.828951,609.048957,608.274583,607.504014,606.740226,605.980788,605.226522,604.477769,603.733477,603.014127,602.261544,601.532376,600.810638,600.093281,599.387140,598.674887,597.982906,597.276095,596.582167,595.906545,595.222726,594.554872,593.888052,593.229069,592.571609,591.913953,591.277760,590.639288,589.989112,589.380828,588.760573,588.147006,587.539464,586.937117,586.340836,585.757097,585.163940,584.591422,584.020902,583.456495,582.898168,582.345109,581.801384,581.213017,580.730291,580.205513,579.685215,579.169308,578.666544,578.168395,577.676564,577.190897,576.712226,576.240743,575.775008,575.317556,574.865056,574.421833,573.985401,573.557152,573.135746,572.717391,572.310612,571.912623,571.532875,571.135649,570.738632,570.385492,570.023347,569.666699,569.317106,568.978176,568.646438,568.322139,568.004898,567.716533,567.389147,567.102790,566.820126,566.540589,566.272231,566.011366,565.759204,565.512775,565.291893,565.052936,564.827902,564.621899,564.418433,564.226566,564.047366,563.865323,563.698002,563.540920,563.388886,563.246129,563.115376,562.992277,562.876349,562.772251,562.673843,562.589347,562.511681,562.444000,562.384798,562.335410,562.297346,562.262197,562.242928,562.231489,562.231698,562.241891,562.255364,562.285034,562.322888,562.371157,562.428552,562.495806,562.574176,562.662265,562.760636,562.868320,562.988065,563.118599,563.258993,563.410173,563.571386,563.744170,563.927455,564.120535,564.324839,564.540043,564.766471,565.004473,565.253449,565.514362,565.785976,566.068881,566.362968,566.667946,566.984789,567.313322,567.654342,568.006620,568.370754,568.746788,569.134660,569.534883,569.946830,570.371224,570.807611,571.256438,571.717788,572.191249,572.677011,573.175969,573.687441,574.211484,574.747970,575.297713,575.860235,576.436151,577.025147,577.627072,578.242519,578.871198,579.513438,580.169059,580.837969,581.520601,582.217397,582.927921,583.651960,584.390164,585.142200,585.908440,586.688791,587.483471,588.292519,589.116077,589.954150,590.807006,591.674430,592.556623,593.453535,594.365606,595.292478,596.234528,597.191791,598.164339,599.152194,600.156000,601.175013,602.209415,603.259709,604.325497,605.407551,606.505443,607.619434,608.749577,609.896002,611.058479,612.237456,613.432792,614.644790,615.873528,617.119172,618.381632,619.661009,620.957435,622.271258,623.602254,624.950550,626.316337,627.699658,629.100671,630.519469,631.955938,633.410350,634.882801,636.373359,637.882078,639.409192,640.954487,642.518631,644.101346,645.702826,647.323449,648.962532,650.620736,652.297890,653.994347,655.710185,657.445518,659.200356,660.974823,662.769160,664.583246,666.417261,668.271379,670.145828,672.040419,673.955664,675.891148,677.847256,679.824084,681.821678,683.840501,685.880197,687.941099,690.023044,692.126555,694.251537,696.398173,698.566501,700.756656,702.968793,705.203012,707.459304,709.737960,712.039047,714.362620,716.708901,719.077955,721.469827,723.884716,726.322569,728.783949,731.268514,733.776500,736.308060,738.863566,741.442724,744.045833,746.673182,749.324766,752.000521,754.700960,757.425594,760.174967,762.949086,765.748422,768.572536,771.422149,774.296783,777.196874,780.122631,783.074195,786.051325,789.054387,792.083667,795.139067,798.220756,801.329046,804.463814,807.625212,810.813395,814.028599,817.270829,820.540396,823.837303,827.161968,830.513986,833.893750,837.301352,840.737110,844.200814,847.692821,851.213093,854.762194,858.339868,861.946447,865.581876,869.246385,872.940097,876.663191,880.415824,884.198006,888.010031,891.852086,895.723877,899.625969,903.558327,907.521365,911.515131,915.539296,919.594308,923.680274,927.797396,931.945783,936.125711,940.337205,944.580594,948.855504,953.162367,957.501549,961.873076,966.276705,970.712963,975.181935,979.683811,984.218661,988.786381,993.387401,998.021860,1002.689953,1007.391558,1012.127045,1016.896511,1021.699931,1026.537678,1031.409678,1036.316199,1041.257481,1046.233761,1051.244711,1056.290977,1061.372242,1066.489174,1071.641337,1076.829403,1082.053063,1087.313066,1092.608743,1097.940652,1103.309161,1108.714231,1114.155713,1119.634004,1125.149247,1130.701643,1136.291220,1141.918295,1147.582779,1153.284860,1159.024923,1164.802921,1170.619126,1176.473442,1182.366176,1188.297438,1194.267397,1200.276068,1206.323668,1212.410469,1218.536429,1224.701743,1230.906578,1237.151078,1243.435415,1249.759667,1256.123911,1262.528924,1268.973943,1275.459360,1281.985504,1288.552426,1295.160264,1301.809183,1308.499470,1315.230868,1322.003897
701.551598,700.430960,699.313013,698.197634,697.085028,695.974973,694.867839,693.763118,692.661835,691.562890,690.442923,689.373578,688.283130,687.195389,686.110777,685.029065,683.950271,682.874230,681.801472,680.731651,679.664711,678.600762,677.539874,676.481903,675.426950,674.375368,673.326945,672.281515,671.239289,670.200244,669.164550,668.155721,667.102662,666.076406,665.053605,664.042275,663.017858,662.005097,660.995644,659.989551,658.987071,657.959812,656.990794,656.000010,655.011363,654.026057,653.044502,652.063459,651.092085,650.121344,649.154265,648.190711,647.231004,646.275037,645.299419,644.374245,643.427927,642.488261,641.551136,640.616540,639.688463,638.762883,637.841545,636.922225,636.011019,635.101329,634.195910,633.294687,632.398145,631.504105,630.614424,629.730490,628.850647,627.973859,627.101670,626.233730,625.371534,624.511189,623.651456,622.806254,621.960480,621.120079,620.281853,619.449489,618.621479,617.797768,616.978791,616.163625,615.355200,614.421820,613.750342,612.954491,612.163867,611.377098,610.596647,609.819295,609.048020,608.281447,607.520622,606.763523,606.012721,605.266450,604.525289,603.789393,603.058031,602.265027,601.611448,600.895266,600.184012,599.481008,598.781171,598.086285,597.390102,596.678168,596.029320,595.365629,594.692460,594.037557,593.381914,592.732129,592.085276,591.449016,590.815969,590.189488,589.549941,588.952404,588.342196,587.740107,587.141507,586.549733,585.964604,585.384303,584.809738,584.243896,583.685437,583.138018,582.578840,582.034831,581.501492,580.971347,580.448234,579.931201,579.421033,578.916595,578.420375,577.917725,577.449631,576.968308,576.497764,576.033190,575.577160,575.126395,574.683431,574.209641,573.815949,573.384098,572.968369,572.571782,572.170550,571.777313,571.400265,571.010663,570.640072,570.273915,569.918430,569.569365,569.221130,568.890501,568.562685,568.244695,567.933346,567.628890,567.333545,567.043926,566.764227,566.490683,566.226597,565.970238,565.720060,565.482602,565.246899,565.037580,564.810903,564.596684,564.402188,564.209937,564.029286,563.859474,563.689952,563.533608,563.384552,563.245001,563.113380,562.992931,562.880439,562.773816,562.680344,562.591992,562.517379,562.450600,562.391395,562.342418,562.301568,562.272878,562.247063,562.237189,562.233285,562.243136,562.260318,562.284427,562.321655,562.367824,562.423725,562.490248,562.564888,562.650238,562.746696,562.851936,562.967507,563.093943,563.231514,563.378851,563.536563,563.704786,563.883775,564.073886,564.273098,564.483926,564.704474,564.936790,565.180452,565.435046,565.700727,565.978015,566.266004,566.565209,566.874974,567.196261,567.529565,567.874356,568.231194,568.599025,568.979244,569.371011,569.774569,570.190156,570.617491,571.056893,571.508847,571.972951,572.449414,572.937310,573.438380,573.951953,574.478154,575.016563,575.567877,576.132016,576.709072,577.299113,577.902089,578.518174,579.147578,579.790134,580.446149,581.115154,581.797714,582.494051,583.204286,583.927764,584.665135,585.415969,586.181381,586.960471,587.753430,588.560852,589.382453,590.218606,591.069004,591.933708,592.813436,593.707610,594.616630,595.540296,596.478967,597.432508,598.401233,599.385029,600.384319,601.399174,602.429102,603.474494,604.535380,605.612199,606.704689,607.812977,608.937235,610.077575,611.233936,612.406531,613.595219,614.800193,616.021859,617.260134,618.515115,619.786774,621.075333,622.380800,623.703466,625.043098,626.399860,627.774279,629.165957,630.575134,632.001932,633.446397,634.908666,636.388785,637.886831,639.403044,640.937374,642.489929,644.060998,645.650687,647.259242,648.886031,650.531626,652.196127,653.879512,655.581963,657.303725,659.044802,660.805284,662.585346,664.384858,666.204183,668.043236,669.902285,671.781459,673.680833,675.600362,677.540154,679.500445,681.481124,683.482710,685.505278,687.548569,689.612797,691.698011,693.804587,695.932511,698.081907,700.252879,702.445525,704.659946,706.896277,709.154594,711.435098,713.737868,716.062955,718.410535,720.780751,723.173655,725.589304,728.027994,730.489830,732.974742,735.482962,738.014485,740.569840,743.148673,745.751287,748.377961,751.028780,753.703460,756.402714,759.125989,761.873827,764.646382,767.443564,770.265978,773.113117,775.985333,778.882848,781.805834,784.754380,787.728383,790.728130,793.753880,796.805659,799.883627,802.987748,806.118174,809.275140,812.458750,815.669103,818.906425,822.170774,825.462289,828.781438,832.127621,835.501439,838.902902,842.332401,845.789506,849.274559,852.788149,856.330139,859.900415,863.499579,867.127247,870.783913,874.469525,878.184319,881.928452,885.701932,889.505069,893.338004,897.200487,901.093068,905.015710,908.968938,912.952518,916.966302,921.010775,925.085995,929.192163,933.329582,937.497922,941.698026,945.929460,950.192368,954.487044,958.813861,963.172668,967.563566,971.986646,976.442366,980.930820,985.451866,990.005663,994.592544,999.212774,1003.866169,1008.552983,1013.273462,1018.027732,1022.815674,1027.637754,1032.493868,1037.384281,1042.309234,1047.268971,1052.263268,1057.292413,1062.356459,1067.455950,1072.590447,1077.760624,1082.966169,1088.207832,1093.484969,1098.798061,1104.147552,1109.533376,1114.955386,1120.413976,1125.909290,1131.441530,1137.010755,1142.617182,1148.260821,1153.941829,1159.660668,1165.417051,1171.211551,1177.043810,1182.914315,1188.823117,1194.770385,1200.756131,1206.780573,1212.843985,1218.946321,1225.087778,1231.268523,1237.488697,1243.748475,1250.047934,1256.387150,1262.766900,1269.186421,1275.646104,1282.146278,1288.686995,1295.268392,1301.890634,1308.554006,1315.258255,1322.003897
696.939164,695.843325,694.750117,693.659742,692.571977,691.486872,690.440781,689.325017,688.258109,687.173996,686.102769,685.034082,683.968438,682.905709,681.845849,680.788881,679.734689,678.683635,677.635411,676.590303,675.548021,674.508801,673.472399,672.439016,671.408941,670.376143,669.358188,668.337298,667.344116,666.305327,665.294032,664.286025,663.289658,662.279497,661.281240,660.286162,659.294385,658.306080,657.292505,656.271595,655.361385,654.386666,653.415398,652.447386,651.483038,650.522222,649.564857,648.611252,647.661238,646.714730,645.827178,644.803848,643.897061,642.965158,642.050511,641.112407,640.191713,639.273658,638.364230,637.452675,636.547418,635.644169,634.726320,633.855149,632.965836,632.080555,631.199813,630.321309,629.448168,628.579031,627.704941,626.853136,625.996460,625.143507,624.296409,623.451426,622.606777,621.776240,620.946184,620.116587,619.305952,618.478251,617.665311,616.856068,616.051343,615.250478,614.456184,613.665687,612.879311,612.097949,611.320985,610.547909,609.781670,609.017763,608.259597,607.506401,606.759057,606.015219,605.278018,604.544473,603.816575,603.093447,602.374721,601.661726,600.953643,600.249942,599.550264,598.860336,598.172767,597.489901,596.813573,596.142412,595.468153,594.816781,594.220909,593.512405,592.874499,592.229405,591.596444,590.969501,590.346902,589.730664,589.118408,588.515308,587.916265,587.322398,586.739820,586.155046,585.579093,584.968823,584.446162,583.850824,583.304297,582.822271,582.253353,581.725954,581.192100,580.673236,580.156791,579.649428,579.150330,578.640012,578.161432,577.683690,577.207881,576.736748,576.276353,575.820361,575.371352,574.928920,574.492705,574.064050,573.639480,573.224795,572.819088,572.417367,572.023106,571.635854,571.256084,570.882808,570.518361,570.159446,569.806867,569.463870,569.130050,568.796226,568.476922,568.161252,567.856308,567.555654,567.266329,566.982751,566.705074,566.438118,566.164218,565.924909,565.680546,565.442626,565.221992,564.992292,564.782496,564.579914,564.381563,564.193861,564.014395,563.843257,563.684565,563.525777,563.380151,563.242125,563.112996,562.991719,562.881297,562.779309,562.682184,562.599673,562.523261,562.455932,562.398723,562.347976,562.312027,562.279044,562.256246,562.243677,562.240658,562.247157,562.263813,562.288499,562.323955,562.367936,562.422049,562.486255,562.561663,562.643053,562.735879,562.840258,562.953134,563.076337,563.209595,563.353546,563.508010,563.672494,563.847685,564.032604,564.229048,564.435138,564.651525,564.878564,565.116124,565.365172,565.625544,565.896461,566.179250,566.472092,566.776459,567.091304,567.417173,567.754779,568.103672,568.464918,568.836949,569.220743,569.616079,570.023261,570.442458,570.873011,571.315807,571.770541,572.237376,572.716473,573.207222,573.710417,574.226160,574.754393,575.294775,575.847684,576.413255,576.991397,577.582814,578.186967,578.803838,579.433865,580.076937,580.733208,581.402683,582.085061,582.781014,583.490819,584.213912,584.950510,585.700659,586.464819,587.242783,588.034266,588.840018,589.659780,590.493781,591.342083,592.204625,593.081722,593.973171,594.879051,595.799791,596.735166,597.685145,598.650229,599.630216,600.625168,601.636056,602.661347,603.702009,604.758108,605.829733,606.916929,608.019656,609.138344,610.272713,611.423091,612.589218,613.771576,614.969827,616.184455,617.415506,618.663155,619.927227,621.207903,622.505303,623.819726,625.151034,626.499237,627.864692,629.247120,630.646982,632.064320,633.498952,634.951169,636.421066,637.908708,639.414199,640.937619,642.478903,644.038669,645.616729,647.212994,648.828122,650.461334,652.113289,653.783937,655.473245,657.181723,658.909262,660.655936,662.422014,664.207242,666.011991,667.836275,669.680265,671.544189,673.427853,675.331772,677.255524,679.199475,681.163805,683.148420,685.153708,687.179797,689.226506,691.293841,693.382324,695.491858,697.622622,699.774654,701.948135,704.143076,706.359714,708.597995,710.858206,713.140412,715.444666,717.771191,720.120045,722.491276,724.885078,727.301439,729.740680,732.202929,734.688075,737.196252,739.727963,742.282870,744.861265,747.463272,750.089269,752.739040,755.412908,758.110560,760.832367,763.578505,766.349304,769.144592,771.964769,774.809515,777.679233,780.574134,783.494310,786.439643,789.410407,792.406812,795.428981,798.476877,801.550879,804.650849,807.776973,810.929383,814.108285,817.313722,820.546046,823.805065,827.091435,830.404624,833.745025,837.112759,840.508178,843.931090,847.381589,850.859930,854.366440,857.901271,861.464136,865.055741,868.675688,872.324307,876.001756,879.708183,883.443735,887.208445,891.002680,894.826376,898.679485,902.562490,906.475586,910.418599,914.391993,918.395420,922.429251,926.493723,930.588833,934.715034,938.872114,943.060417,947.280026,951.530861,955.813452,960.127615,964.473736,968.851736,973.261799,977.704288,982.179018,986.686311,991.226141,995.798841,1000.404672,1005.043453,1009.715517,1014.420866,1019.159870,1023.932327,1028.738703,1033.578894,1038.453163,1043.361753,1048.304906,1053.282486,1058.294515,1063.341602,1068.423331,1073.540133,1078.692391,1083.879914,1089.103089,1094.361634,1099.656123,1104.986357,1110.352911,1115.755425,1121.194293,1126.669657,1132.181719,1137.730538,1143.316331,1148.939108,1154.599023,1160.296541,1166.031373,1171.804092,1177.614339,1183.462635,1189.348930,1195.273493,1201.236303,1207.237576,1213.277587,1219.356289,1225.473880,1231.630525,1237.826367,1244.061578,1250.336237,1256.650418,1263.004899,1269.398916,1275.832861,1282.307062,1288.821571,1295.376524,1301.972087,1308.608544,1315.285642,1322.003897
692.419942,691.348788,690.386645,689.189892,688.151195,687.090625,686.032897,684.977876,683.925408,682.875902,681.828935,680.784928,679.743834,678.705578,677.670116,676.647679,675.607863,674.581255,673.557465,672.536737,671.518905,670.503860,669.573477,668.483020,667.477320,666.499764,665.475010,664.478614,663.485367,662.503807,661.508194,660.524414,659.543701,658.566388,657.592226,656.525343,655.652383,654.689626,653.728928,652.771483,651.817459,650.866817,649.919365,648.975610,648.035322,647.098572,646.165427,645.212776,644.280394,643.387125,642.468183,641.552940,640.643698,639.733050,638.828707,637.928243,637.031564,636.138496,635.249232,634.401330,633.482685,632.604743,631.731092,630.861761,629.995396,629.133917,628.276074,627.422424,626.573419,625.727223,624.885732,624.048197,623.216021,622.385873,621.561637,620.740762,619.924472,619.110470,618.314700,617.501428,616.702502,615.908080,615.117787,614.331124,613.551019,612.774490,612.002157,611.234298,610.444746,609.712474,608.959689,608.209755,607.464524,606.724496,605.990449,605.259960,604.495782,603.815570,603.100537,602.390453,601.705461,600.983826,600.288429,599.598126,598.909904,598.256878,597.556802,596.882135,596.221837,595.508419,594.908320,594.260413,593.617262,592.979780,592.353330,591.725105,591.097102,590.481924,589.862098,589.264643,588.664928,588.071607,587.482724,586.899837,586.326620,585.742253,585.186795,584.627534,584.079507,583.520197,582.984571,582.451537,581.916563,581.395546,580.878654,580.367842,579.862113,579.363351,578.870531,578.384105,577.903460,577.430321,576.980637,576.502534,576.048171,575.571447,575.158125,574.724473,574.295425,573.874549,573.424487,573.050615,572.649205,572.256326,571.869857,571.486092,571.115514,570.749754,570.403911,570.039883,569.674570,569.354955,569.025018,568.695054,568.381183,568.075306,567.773149,567.483068,567.194369,566.919600,566.644692,566.382730,566.130884,565.877125,565.635632,565.408473,565.178510,564.968466,564.750134,564.552031,564.358318,564.175215,563.997313,563.829096,563.668875,563.521370,563.373060,563.238112,563.110821,562.991968,562.880993,562.781067,562.688768,562.599980,562.529460,562.462760,562.405484,562.356776,562.317263,562.289791,562.265858,562.252369,562.248629,562.254644,562.269448,562.295140,562.327542,562.371851,562.423733,562.486456,562.558787,562.640525,562.731505,562.831740,562.943304,563.063673,563.194519,563.334366,563.484775,563.646680,563.818018,563.999538,564.191155,564.393430,564.606452,564.828874,565.061913,565.304990,565.559825,565.825464,566.101787,566.389480,566.687937,566.996879,567.316901,567.647312,567.989179,568.342580,568.707731,569.084117,569.471677,569.870780,570.281800,570.704245,571.138352,571.584165,572.041710,572.511564,572.993206,573.486785,573.991967,574.509878,575.040098,575.582685,576.137248,576.704324,577.284073,577.876511,578.481552,579.099409,579.730214,580.373817,581.030421,581.700232,582.382694,583.078507,583.787842,584.510728,585.246621,585.996062,586.758828,587.535843,588.326204,589.130191,589.948325,590.780366,591.626704,592.486790,593.361208,594.250302,595.153377,596.071085,597.003143,597.949907,598.911317,599.887441,600.878432,601.884860,602.906113,603.942294,604.993558,606.060081,607.142326,608.239719,609.352691,610.481320,611.625706,612.785790,613.961783,615.153612,616.361260,617.585338,618.825694,620.082428,621.355494,622.645128,623.951372,625.274357,626.614089,627.970595,629.344308,630.735021,632.142885,633.567972,635.010449,636.470272,637.947637,639.442700,640.955315,642.485810,644.034180,645.600788,647.185430,648.788684,650.409799,652.049349,653.707428,655.384060,657.079288,658.793517,660.526624,662.278787,664.050138,665.840637,667.650388,669.479560,671.328412,673.196839,675.085173,676.993208,678.921133,680.869153,682.837157,684.825662,686.834705,688.864129,690.914044,692.984529,695.075964,697.188326,699.321742,701.476311,703.652131,705.849300,708.067952,710.308162,712.570127,714.853925,717.159606,719.487343,721.837288,724.209460,726.604016,729.021000,731.460810,733.923224,736.408441,738.916611,741.448110,744.002632,746.580478,749.181934,751.807058,754.455588,757.128227,759.824421,762.544711,765.289101,768.058061,770.851213,773.669091,776.511379,779.378477,782.270632,785.187811,788.129972,791.097392,794.090392,797.108746,800.152915,803.222706,806.318445,809.440130,812.587929,815.762035,818.962490,822.189589,825.443366,828.724138,832.031596,835.366098,838.727734,842.116892,845.533238,848.977054,852.448518,855.948095,859.475527,863.031144,866.614887,870.226986,873.867559,877.536786,881.234819,884.961667,888.717592,892.502868,896.317197,900.160911,904.034233,907.937486,911.870719,915.833601,919.826576,923.849750,927.903359,931.987401,936.102320,940.247919,944.424575,948.632252,952.870981,957.141256,961.443017,965.776278,970.141306,974.538236,978.967354,983.428588,987.921995,992.447814,997.006287,1001.597776,1006.221803,1010.879057,1015.569426,1020.292955,1025.049888,1029.840523,1034.664754,1039.522845,1044.415037,1049.341573,1054.302335,1059.297284,1064.327090,1069.391317,1074.490658,1079.624703,1084.794084,1089.998836,1095.238762,1100.514409,1105.825692,1111.172836,1116.555831,1121.974953,1127.430335,1132.922209,1138.450685,1144.015742,1149.617638,1155.256443,1160.932623,1166.645887,1172.396809,1178.185030,1184.011068,1189.874877,1195.776721,1201.716582,1207.694676,1213.711274,1219.766333,1225.860048,1231.992585,1238.164085,1244.374723,1250.624574,1256.913714,1263.242921,1269.611430,1276.019633,1282.467857,1288.956154,1295.484661,1302.053542,1308.663084,1315.313029,1322.003897
687.993444,686.946527,685.902312,684.860769,683.821785,682.785592,681.641142,680.721092,679.693123,678.667601,677.645099,676.625301,675.608402,674.594268,673.582987,672.574637,671.569050,670.659986,669.567074,668.570387,667.576501,666.585435,665.597747,664.613035,663.631440,662.652790,661.677272,660.704852,659.735500,658.769348,657.806309,656.778845,655.860536,654.934826,653.986118,653.039200,652.095530,651.155368,650.218423,649.284830,648.354606,647.427653,646.504179,645.584127,644.667735,643.754867,642.845458,641.954752,641.036986,640.138110,639.241621,638.351253,637.461599,636.578662,635.697987,634.821006,633.947824,633.053205,632.212915,631.350721,630.492748,629.640447,628.788157,627.942291,627.099931,626.251670,625.427885,624.596945,623.770778,622.947991,622.131042,621.310465,620.506271,619.700267,618.902263,618.099197,617.308177,616.519322,615.734678,614.954544,614.139324,613.405998,612.640112,611.886170,611.122822,610.443231,609.618683,608.870606,608.131439,607.395404,606.663760,605.936627,605.215350,604.498146,603.787252,603.080054,602.377953,601.680571,600.918070,600.299648,599.616528,598.938741,598.263871,597.597611,596.934247,596.271249,595.623275,594.976846,594.333908,593.697083,593.065753,592.439906,591.818205,591.208107,590.594357,589.986974,589.382781,588.791827,588.205314,587.620125,587.042492,586.470127,585.905540,585.332801,584.787724,584.239109,583.638273,583.155519,582.624901,582.099093,581.579341,581.065305,580.557011,580.053715,579.559399,579.066154,578.585313,578.108710,577.636170,577.167013,576.712309,576.267863,575.811857,575.374040,574.940627,574.513028,574.102096,573.675282,573.272292,572.869098,572.476432,572.092560,571.710516,571.336335,570.969705,570.610141,570.235769,569.911184,569.573386,569.240801,568.917482,568.600533,568.287675,567.982456,567.688354,567.399974,567.114050,566.845150,566.601123,566.317602,566.068645,565.824646,565.587957,565.359509,565.139001,564.925726,564.721744,564.523197,564.333899,564.151512,563.979642,563.815618,563.655541,563.503305,563.369603,563.231719,563.107679,562.990862,562.882756,562.782763,562.691986,562.609751,562.532340,562.470098,562.414137,562.365537,562.328265,562.297104,562.275796,562.261934,562.258583,562.264245,562.278602,562.301813,562.336219,562.377897,562.431465,562.489657,562.561126,562.640895,562.730742,562.829850,562.937852,563.056151,563.184311,563.321934,563.469187,563.626857,563.794951,563.973553,564.161396,564.359726,564.567969,564.787362,565.015785,565.254839,565.503851,565.763853,566.034763,566.316743,566.609264,566.912966,567.226880,567.551962,567.887275,568.233448,568.591075,568.960112,569.340800,569.732319,570.135130,570.549428,570.975633,571.413073,571.862017,572.322738,572.795195,573.279547,573.775843,574.283623,574.803661,575.335779,575.880290,576.436804,577.005447,577.586561,578.180084,578.786607,579.405458,580.036782,580.681020,581.338152,582.008209,582.690964,583.386527,584.095522,584.818096,585.553383,586.302019,587.064106,587.839801,588.629025,589.431513,590.248017,591.078177,591.922475,592.780528,593.652611,594.539000,595.439444,596.354028,597.283178,598.226670,599.184528,600.157059,601.144263,602.146322,603.163620,604.195318,605.241889,606.303691,607.380721,608.473027,609.580432,610.703525,611.841996,612.996051,614.165895,615.351425,616.552456,617.769591,619.002944,620.252436,621.517914,622.799776,624.098238,625.412951,626.744461,628.092489,629.457404,630.839018,632.237684,633.653480,635.086267,636.536225,638.003498,639.488190,640.990377,642.510128,644.047407,645.602775,647.176087,648.767368,650.376859,652.004291,653.649981,655.314036,656.996376,658.697486,660.417328,662.155899,663.913494,665.689855,667.485360,669.299995,671.133956,672.987459,674.860424,676.752967,678.665168,680.597116,682.549042,684.520890,686.512930,688.525403,690.558088,692.611121,694.684629,696.778905,698.893996,701.029938,703.186910,705.364920,707.564206,709.784568,712.026716,714.290290,716.575527,718.882513,721.211439,723.562307,725.935307,728.330427,730.747986,733.188110,735.650685,738.135954,740.644091,743.175081,745.729107,748.306290,750.907008,753.531042,756.178712,758.849705,761.544390,764.262999,767.005685,769.772449,772.563610,775.378911,778.218688,781.083085,783.972298,786.886410,789.825318,792.789383,795.778728,798.793312,801.833514,804.899192,807.990499,811.107667,814.250798,817.419964,820.615315,823.837269,827.085555,830.360780,833.662315,836.990843,840.346462,843.729064,847.138740,850.575658,854.040402,857.532834,861.052838,864.601012,868.176971,871.781207,875.413663,879.074577,882.764101,886.482242,890.229307,894.005435,897.810374,901.644671,905.508289,909.401699,913.324816,917.277338,921.259800,925.272258,929.314910,933.387863,937.491390,941.625716,945.790427,949.986153,954.212723,958.470631,962.759903,967.080292,971.432323,975.816078,980.231746,984.679394,989.158915,993.670679,998.214999,1002.791890,1007.401288,1012.043560,1016.718801,1021.426985,1026.168462,1030.943214,1035.751449,1040.593425,1045.469085,1050.378970,1055.322860,1060.300718,1065.313212,1070.359905,1075.441492,1080.557561,1085.709013,1090.895074,1096.116355,1101.373133,1106.665458,1111.993150,1117.356602,1122.755957,1128.191483,1133.663001,1139.171031,1144.715415,1150.296411,1155.914089,1161.568912,1167.260592,1172.989702,1178.755881,1184.559649,1190.400956,1196.280071,1202.196971,1208.151872,1214.145048,1220.176453,1226.246282,1232.354702,1238.501854,1244.687909,1250.912849,1257.177040,1263.480967,1269.823963,1276.206418,1282.628662,1289.090744,1295.592803,1302.135001,1308.717624,1315.340417,1322.003897
683.658818,682.635995,681.615847,680.598254,679.583281,678.571034,677.394746,676.554574,675.561299,674.548918,673.550259,672.554472,671.561420,670.571192,669.583866,668.599273,667.617759,666.542506,665.663316,664.690395,663.471561,662.753245,661.789355,660.828439,659.870569,658.915730,657.963903,656.947327,656.069577,655.097543,654.186399,653.251663,652.318590,651.388816,650.462257,649.539013,648.619078,647.702369,646.789000,645.939332,644.972217,644.068812,643.161184,642.272552,641.379686,640.490266,639.604199,638.721626,637.841435,636.967096,636.096154,635.226724,634.362091,633.501103,632.643732,631.790019,630.940425,630.093800,629.251667,628.414418,627.577843,626.747278,625.920422,625.097208,624.278635,623.462941,622.651716,621.844231,621.042152,620.241337,619.446698,618.656662,617.868364,617.083432,616.306956,615.532437,614.762039,613.996200,613.112353,612.475822,611.724156,610.966196,610.235098,609.490991,608.747014,607.944353,607.283131,606.575737,605.857665,605.141330,604.434983,603.690053,603.032992,602.338689,601.649402,600.964902,600.285126,599.609480,598.939104,598.273293,597.612005,596.956773,596.302568,595.640906,595.018485,594.387466,593.749973,593.127415,592.507988,591.893172,591.283593,590.678707,590.082646,589.483152,588.896960,588.312987,587.715471,587.162829,586.595382,586.033553,585.476940,584.927444,584.382490,583.842932,583.251930,582.781194,582.254630,581.742928,581.231640,580.723192,580.226994,579.736526,579.250328,578.769916,578.294151,577.825215,577.362423,576.905346,576.455502,576.032063,575.573594,575.142308,574.713155,574.297821,573.885499,573.477993,573.079265,572.649735,572.299492,571.917716,571.545654,571.179595,570.827488,570.466263,570.119913,569.780580,569.447463,569.125459,568.802048,568.491641,568.190443,567.888669,567.598038,567.314454,567.039517,566.771091,566.510490,566.256438,566.008329,565.769831,565.540786,565.312783,565.096315,564.887420,564.685940,564.493598,564.301971,564.128502,563.957182,563.796780,563.643588,563.494292,563.353077,563.225554,563.099453,562.989193,562.882499,562.785023,562.695368,562.614542,562.542518,562.476363,562.421776,562.375631,562.336722,562.308875,562.287405,562.274772,562.271068,562.276182,562.290950,562.313496,562.345015,562.386537,562.438915,562.501302,562.565303,562.646018,562.733875,562.831480,562.939549,563.054185,563.179249,563.315124,563.459859,563.614896,563.779041,563.953255,564.138273,564.333120,564.537859,564.752182,564.977457,565.212764,565.457366,565.712330,565.977735,566.253828,566.541329,566.838912,567.147746,567.466857,567.796511,568.136810,568.487297,568.849219,569.222412,569.607034,570.002661,570.409195,570.827129,571.256743,571.697656,572.149860,572.613458,573.088737,573.576041,574.074735,574.585291,575.107292,575.641678,576.187936,576.746358,577.316773,577.899194,578.494161,579.101656,579.721443,580.353655,580.998632,581.656232,582.326446,583.009649,583.705195,584.413959,585.136073,585.871051,586.618991,587.380323,588.154839,588.942891,589.744237,590.558983,591.387484,592.229815,593.085900,593.955423,594.839342,595.737338,596.649129,597.575263,598.515591,599.470122,600.439006,601.422437,602.420331,603.433402,604.461199,605.503194,606.560210,607.632427,608.719637,609.821788,610.939312,612.072044,613.220205,614.383987,615.563219,616.757932,617.968214,619.194572,620.437061,621.695227,622.969526,624.260231,625.567054,626.890386,628.230015,629.586138,630.959147,632.348800,633.755261,635.178668,636.618957,638.076362,639.550873,641.042853,642.551968,644.078609,645.622768,647.184881,648.764516,650.362475,651.977931,653.611502,655.263139,656.932942,658.621117,660.327818,662.053040,663.797105,665.559649,667.341125,669.141470,670.960851,672.799526,674.657386,676.534765,678.431450,680.347613,682.283515,684.239075,686.214572,688.210258,690.225942,692.261711,694.317644,696.394109,698.491108,700.608758,702.747109,704.906313,707.086488,709.287683,711.509981,713.753647,716.018684,718.305248,720.613458,722.943387,725.295079,727.668754,730.064429,732.482456,734.922672,737.385295,739.870336,742.378307,744.908853,747.462270,750.038847,752.638514,755.261381,757.907776,760.577267,763.270392,765.987156,768.727944,771.492644,774.281471,777.094265,779.931395,782.793057,785.679340,788.590125,791.525682,794.486219,797.471858,800.482557,803.518695,806.580130,809.667046,812.779572,815.917913,819.082107,822.272507,825.488915,828.731865,832.001190,835.296911,838.619270,841.968618,845.344758,848.747784,852.177947,855.635574,859.120812,862.633374,866.173961,869.742176,873.338344,876.962622,880.615155,884.296088,888.005453,891.743546,895.510504,899.306074,903.130805,906.984644,910.868148,914.781047,918.723199,922.695089,926.696833,930.728445,934.790410,938.882406,943.005092,947.158139,951.341727,955.556110,959.801658,964.078220,968.385892,972.724790,977.095261,981.497465,985.931436,990.397070,994.894793,999.424744,1003.987107,1008.581766,1013.209086,1017.869159,1022.561959,1027.287837,1032.046774,1036.838977,1041.664704,1046.524188,1051.417095,1056.344082,1061.304816,1066.299967,1071.329097,1076.392875,1081.490963,1086.624188,1091.791800,1096.994410,1102.232295,1107.505502,1112.813853,1118.157740,1123.537305,1128.952815,1134.404094,1139.891658,1145.415350,1150.975426,1156.572059,1162.205410,1167.875490,1173.582772,1179.326894,1185.108376,1190.927169,1196.783545,1202.677467,1208.609165,1214.578908,1220.586649,1226.632583,1232.716877,1238.839671,1245.001138,1251.201257,1257.440394,1263.719036,1270.036514,1276.393218,1282.789477,1289.225341,1295.700948,1302.216461,1308.772165,1315.367805,1322.003897
679.415527,678.416494,677.419990,676.426079,675.434867,674.446273,673.460395,672.477025,671.496617,670.518944,669.543935,668.571660,667.602305,666.635720,665.671976,664.738300,663.753121,662.798039,661.845538,660.896127,659.949771,659.006420,658.065981,657.128662,656.194320,655.262804,654.304634,653.407739,652.487054,651.568044,650.652120,649.739336,648.829659,647.923215,647.020146,646.120218,645.223566,644.330208,643.440110,642.555962,641.669922,640.789810,639.804404,639.040158,638.170370,637.302813,636.441315,635.581755,634.724347,633.873511,633.024539,632.179421,631.335712,630.499903,629.665391,628.834778,628.008132,627.185438,626.365762,625.549754,624.764483,623.929980,623.126542,622.325776,621.529560,620.737074,619.949838,619.164007,618.383562,617.606851,616.834516,616.074474,615.301790,614.541690,613.785759,613.033791,612.286001,611.541602,610.789309,610.051154,609.308345,608.612365,607.879158,607.171608,606.444834,605.750736,605.046411,604.329284,603.649666,602.958798,602.273817,601.592309,600.915536,600.171946,599.576897,598.913888,598.256204,597.602721,596.980155,596.309692,595.668253,595.032409,594.408471,593.788577,593.163138,592.529489,591.944614,591.335246,590.743315,590.149422,589.561576,588.975660,588.401030,587.828177,587.241230,586.696729,586.142697,585.591038,585.045242,584.505533,583.971766,583.442002,582.860333,582.406157,581.886471,581.380961,580.882889,580.382188,579.895653,579.412408,578.934923,578.463259,577.992723,577.537228,577.084294,576.635115,576.189284,575.773707,575.327965,574.902467,574.487750,574.079210,573.661034,573.273591,572.877136,572.495559,572.111639,571.741904,571.378703,571.016791,570.664576,570.314718,569.970508,569.655240,569.318837,569.001326,568.687053,568.380092,568.082955,567.784614,567.503205,567.227672,566.955410,566.695369,566.436022,566.187843,565.946442,565.710703,565.484704,565.263727,565.051208,564.846413,564.649310,564.459105,564.278122,564.100353,563.935796,563.773215,563.625032,563.483929,563.342252,563.214996,563.098109,562.985093,562.882815,562.789532,562.699330,562.619696,562.548721,562.486455,562.429464,562.385519,562.349269,562.319707,562.301261,562.287691,562.285050,562.290763,562.304596,562.330504,562.356893,562.400442,562.449055,562.511323,562.577790,562.654009,562.741498,562.837339,562.942761,563.058860,563.180677,563.312816,563.456159,563.607915,563.770077,563.940940,564.121731,564.313483,564.514901,564.726196,564.946787,565.178309,565.419684,565.670023,565.931170,566.201904,566.483367,566.775755,567.078890,567.392432,567.716664,568.051011,568.396154,568.751304,569.117517,569.494806,569.883165,570.282972,570.693400,571.114860,571.547698,571.992121,572.447597,572.914275,573.392582,573.882396,574.383730,574.896813,575.421199,575.957684,576.505802,577.066053,577.638237,578.222244,578.818622,579.427280,580.048171,580.681219,581.326829,581.984891,582.655635,583.339025,584.034819,584.743276,585.464836,586.199703,586.946976,587.707433,588.481240,589.267947,590.068253,590.881327,591.708219,592.548586,593.402662,594.270211,595.151699,596.047060,596.956227,597.879248,598.816684,599.767960,600.733361,601.713132,602.707318,603.716035,604.739908,605.777478,606.829854,607.897252,608.979551,610.076569,611.188537,612.315849,613.458304,614.615989,615.789149,616.977644,618.181393,619.400963,620.636416,621.887525,623.154367,624.437370,625.736497,627.051638,628.383216,629.730975,631.095297,632.475981,633.873378,635.287449,636.718450,638.166060,639.630691,641.112444,642.611262,644.127300,645.660646,647.211512,648.780078,650.366227,651.970243,653.591838,655.231326,656.888801,658.564221,660.258026,661.970194,663.700717,665.449889,667.217467,669.003778,670.808891,672.632890,674.476051,676.338368,678.219751,680.120463,682.040531,683.980141,685.939365,687.918340,689.917348,691.936169,693.974935,696.033771,698.112969,700.212574,702.332621,704.473272,706.634574,708.816723,711.019530,713.243705,715.488884,717.755359,720.043046,722.352303,724.683073,727.035545,729.409740,731.805869,734.224162,736.664469,739.127030,741.612017,744.119414,746.649402,749.202099,751.777893,754.376533,756.998057,759.643066,762.311004,765.002407,767.717426,770.456086,773.218632,776.004877,778.815129,781.649528,784.508292,787.391460,790.298957,793.231059,796.188130,799.169802,802.176675,805.208579,808.265615,811.348003,814.455877,817.589295,820.748429,823.933528,827.144625,830.382032,833.645438,836.935201,840.251403,843.594439,846.963965,850.360261,853.783506,857.234161,860.711965,864.217248,867.749946,871.310288,874.898390,878.514380,882.158555,885.830775,889.531348,893.260468,897.018071,900.804207,904.619305,908.463557,912.336788,916.239459,920.171216,924.132430,928.123335,932.143925,936.194642,940.275297,944.386206,948.527458,952.698969,956.901268,961.134291,965.398053,969.692839,974.018712,978.376029,982.764603,987.184755,991.636457,996.120036,1000.635755,1005.183428,1009.763307,1014.375632,1019.020530,1023.697876,1028.408136,1033.151201,1037.927336,1042.736778,1047.579761,1052.455954,1057.365999,1062.309577,1067.287355,1072.298890,1077.344855,1082.424908,1087.539880,1092.689016,1097.872899,1103.091893,1108.345959,1113.634944,1118.959243,1124.318996,1129.714470,1135.145487,1140.612565,1146.115546,1151.654685,1157.230154,1162.842116,1168.490578,1174.176016,1179.898161,1185.657250,1191.453515,1197.287135,1203.158071,1209.066555,1215.012854,1220.996921,1227.018951,1233.079110,1239.177538,1245.314409,1251.489700,1257.703778,1263.957129,1270.249083,1276.580031,1282.950302,1289.359946,1295.809099,1302.297924,1308.826708,1315.395193,1322.003897
675.262822,674.299191,673.314204,672.446032,671.375867,670.410661,669.448066,668.488339,667.531319,666.576936,665.625260,664.418402,663.730430,662.787198,661.846700,660.909279,659.984020,659.042515,658.113501,657.187443,656.264348,655.344185,654.427079,653.512996,652.601673,651.693512,650.788326,649.886258,648.987294,648.091505,647.198584,646.308847,645.422315,644.539070,643.659000,642.782195,641.908610,641.038149,640.171117,639.186022,638.446947,637.594603,636.736561,635.884902,635.039418,634.196056,633.354509,632.519252,631.686323,630.832302,630.028762,629.208672,628.389606,627.574159,626.762928,625.955601,625.151131,624.350273,623.553675,622.760709,621.972136,621.188400,620.404963,619.627287,618.849958,618.083634,617.319638,616.559714,615.797580,615.041556,614.293572,613.547605,612.805823,612.068175,611.334184,610.603542,609.879658,609.158996,608.442069,607.729651,607.020930,606.316300,605.604381,604.921815,604.230560,603.527036,602.852062,602.183247,601.510119,600.841443,600.177529,599.518527,598.863811,598.213401,597.568149,596.927388,596.291304,595.658490,595.029157,594.405153,593.736943,593.185541,592.572438,592.038917,591.375858,590.778152,590.131241,589.622365,589.038337,588.466477,587.900617,587.333944,586.781591,586.230082,585.684897,585.143415,584.613339,584.078502,583.554903,583.036100,582.523007,582.013407,581.509545,581.014118,580.537307,580.037306,579.564862,579.083246,578.613185,578.142870,577.693051,577.244015,576.798955,576.359624,575.926308,575.483871,575.080082,574.662530,574.253477,573.850658,573.453868,573.076080,572.677883,572.300472,571.928582,571.560394,571.188959,570.853464,570.505332,570.173658,569.829801,569.505918,569.186893,568.873017,568.567386,568.261414,567.974295,567.689379,567.406005,567.133420,566.870656,566.611485,566.362391,566.117681,565.885613,565.651396,565.429577,565.219661,565.004031,564.803633,564.610403,564.422929,564.245828,564.075986,563.909803,563.756279,563.604788,563.467560,563.339854,563.206459,563.092769,562.983408,562.877118,562.788542,562.705779,562.625594,562.555991,562.495067,562.442663,562.395407,562.360910,562.333967,562.314337,562.302861,562.300361,562.306886,562.322816,562.344735,562.379292,562.414671,562.466140,562.522783,562.593015,562.668170,562.753779,562.847631,562.951444,563.064730,563.186927,563.317625,563.457477,563.607680,563.766811,563.935518,564.113343,564.301415,564.498891,564.707658,564.924788,565.151792,565.389001,565.636098,565.893196,566.159389,566.435930,566.722750,567.020345,567.329063,567.647346,567.976486,568.315670,568.665512,569.025496,569.395846,569.777112,570.169828,570.573308,570.987742,571.412635,571.848982,572.297139,572.755574,573.225505,573.706541,574.198983,574.703085,575.218541,575.745571,576.284016,576.834244,577.396295,577.970247,578.555861,579.153423,579.763255,580.385245,581.019312,581.665667,582.324346,582.995565,583.679096,584.375153,585.083564,585.804942,586.539208,587.286168,588.045826,588.818766,589.604255,590.403366,591.215368,592.040511,592.879128,593.731301,594.596927,595.475785,596.368689,597.275413,598.195647,599.129940,600.078144,601.040280,602.016443,603.006939,604.011621,605.031088,606.064868,607.112728,608.175415,609.252881,610.344855,611.451629,612.573428,613.710176,614.862011,616.029278,617.211566,618.408978,619.621751,620.850354,622.094539,623.354193,624.629694,625.921342,627.228573,628.552078,629.891568,631.247294,632.619408,634.007920,635.412822,636.834488,638.272630,639.727537,641.199258,642.688000,644.193582,645.716340,647.256275,648.813795,650.388489,651.981152,653.590998,655.218510,656.863772,658.526837,660.207908,661.907139,663.624522,665.360377,667.114338,668.886868,670.677871,672.487541,674.316126,676.163629,678.030038,679.915483,681.820018,683.743904,685.687095,687.649755,689.632247,691.634341,693.656121,695.697666,697.759341,699.841145,701.943176,704.065581,706.208375,708.371676,710.555632,712.760275,714.985849,717.232416,719.500070,721.788948,724.099120,726.430630,728.783695,731.158330,733.554886,735.973198,738.413480,740.875854,743.360500,745.867390,748.396708,750.948742,753.523419,756.120850,758.741356,761.384563,764.050840,766.740415,769.453438,772.189910,774.950154,777.733884,780.541460,783.373104,786.228745,789.108728,792.012856,794.941492,797.894754,800.872599,803.875404,806.903025,809.955611,813.033392,816.136467,819.264909,822.418967,825.598689,828.804274,832.036067,835.293487,838.577214,841.887346,845.223770,848.586577,851.975929,855.392412,858.835884,862.306225,865.804052,869.328956,872.881374,876.461339,880.069048,883.704651,887.368154,891.059861,894.779909,898.528130,902.304810,906.110168,909.944588,913.807982,917.700046,921.621312,925.571835,929.551847,933.561344,937.600766,941.669904,945.769165,949.898476,954.057877,958.247861,962.468364,966.719398,971.001225,975.313982,979.657950,984.033054,988.439350,992.877074,997.346466,1001.847787,1006.380850,1010.946049,1015.543198,1020.172849,1024.834734,1029.529319,1034.256495,1039.016525,1043.809647,1048.636102,1053.495661,1058.388611,1063.315010,1068.275373,1073.269285,1078.297407,1083.359425,1088.456087,1093.586720,1098.751879,1103.951929,1109.186828,1114.456424,1119.761111,1125.101029,1130.476378,1135.887181,1141.333753,1146.816003,1152.334116,1157.888474,1163.479029,1169.105858,1174.769437,1180.469496,1186.206270,1191.979995,1197.790862,1203.638784,1209.524041,1215.446885,1221.407268,1227.405384,1233.441400,1239.515455,1245.627721,1251.778178,1257.967190,1264.195244,1270.461629,1276.766859,1283.111137,1289.494557,1295.917254,1302.379390,1308.881251,1315.422581,1322.003897
671.200046,670.247556,669.297550,668.248643,667.405572,666.457284,665.524223,664.587616,663.653644,662.722302,661.793847,660.868079,659.945146,659.024893,658.107555,657.193017,656.281270,655.372462,654.466422,653.563373,652.635177,651.766199,650.872058,649.980679,649.092429,648.207123,647.324882,646.445751,645.569702,644.696575,643.826554,642.959675,642.096138,641.235656,640.347296,639.524346,638.673419,637.825940,636.986467,636.140984,635.303009,634.467379,633.637792,632.810213,631.986025,631.165101,630.347670,629.535526,628.721232,627.916761,627.112862,626.312876,625.516939,624.724742,623.935502,623.139397,622.368020,621.590082,620.816456,620.045356,619.278564,618.515728,617.757853,617.001254,616.250222,615.502172,614.769654,614.016637,613.282896,612.551135,611.823318,611.099714,610.379793,609.662959,608.961963,608.249926,607.542392,606.846341,606.148391,605.436291,604.771589,604.089301,603.411473,602.722809,602.059251,601.402912,600.742785,600.086937,599.361705,598.789333,598.147438,597.509344,596.875962,596.275489,595.622189,595.003533,594.371281,593.773604,593.174756,592.577779,591.976539,591.379725,590.802804,590.215291,589.647088,589.083801,588.510378,587.949792,587.394986,586.838041,586.298005,585.756843,585.222576,584.691401,584.171665,583.639600,583.133258,582.624619,582.121026,581.622687,581.129573,580.637971,580.160827,579.683758,579.221849,578.761934,578.290034,577.836711,577.388814,576.946688,576.510278,576.080580,575.654127,575.233269,574.821870,574.415929,574.012979,573.616360,573.231507,572.847847,572.472151,572.101749,571.720511,571.376816,571.025230,570.679351,570.341779,570.009387,569.679803,569.355275,569.059912,568.743468,568.446769,568.130200,567.861167,567.582743,567.313041,567.042257,566.780354,566.529324,566.283609,566.045469,565.812075,565.588447,565.364893,565.159641,564.955936,564.759120,564.569861,564.394094,564.213540,564.052467,563.884966,563.749032,563.588692,563.452651,563.323203,563.206359,563.086558,562.980299,562.881490,562.785686,562.708412,562.634826,562.565626,562.503912,562.453957,562.410898,562.373723,562.348464,562.331234,562.320601,562.318462,562.324145,562.340683,562.364017,562.396200,562.438757,562.485688,562.543278,562.610063,562.686673,562.769881,562.863588,562.964732,563.076578,563.197444,563.327336,563.466811,563.613124,563.769927,563.936828,564.111908,564.297248,564.491697,564.695281,564.909639,565.134028,565.367586,565.610387,565.863991,566.126467,566.398832,566.681116,566.973058,567.275745,567.588974,567.912534,568.246665,568.590802,568.945101,569.309916,569.684575,570.069999,570.466462,570.873830,571.292294,571.720978,572.160670,572.611593,573.073861,573.546907,574.030788,574.526189,575.032913,575.550663,576.080290,576.620961,577.173157,577.736952,578.312877,578.899941,579.499025,580.110128,580.733168,581.368230,582.015343,582.674734,583.346324,584.030198,584.726574,585.435125,586.156080,586.889990,587.636512,588.395565,589.167549,589.952519,590.750082,591.560950,592.384501,593.221455,594.071721,594.935281,595.812132,596.702520,597.606603,598.524301,599.455534,600.400810,601.359687,602.332403,603.319201,604.320099,605.335464,606.365298,607.408762,608.466707,609.539639,610.626652,611.728342,612.844766,613.976063,615.122280,616.283421,617.459784,618.651061,619.857336,621.079118,622.316502,623.569158,624.837231,626.121248,627.420938,628.736412,630.067936,631.415351,632.778974,634.158640,635.554711,636.967143,638.396031,639.841308,641.303241,642.781956,644.277392,645.789704,647.318978,648.865625,650.429218,652.010244,653.608827,655.224545,656.857856,658.508761,660.177296,661.863879,663.568345,665.291041,667.031666,668.790503,670.567702,672.363329,674.177465,676.010347,677.862116,679.732471,681.621801,683.530104,685.457561,687.404245,689.370290,691.355941,693.361080,695.385735,697.430062,699.494351,701.578635,703.682981,705.807516,707.952293,710.117510,712.303093,714.509394,716.736405,718.984295,721.252979,723.542815,725.853803,728.185946,730.539450,732.914432,735.311206,737.729537,740.169683,742.631826,745.115942,747.622210,750.150747,752.701940,755.275535,757.871569,760.490640,763.132192,765.796757,768.484339,771.195321,773.929568,776.687332,779.468453,782.273254,785.102002,787.954612,790.831162,793.731834,796.656921,799.606271,802.580280,805.578769,808.602049,811.650151,814.723201,817.821401,820.944788,824.093711,827.268004,830.468097,833.693922,836.945464,840.222963,843.526766,846.856676,850.212782,853.595250,857.004810,860.440897,863.903761,867.393951,870.911065,874.455427,878.027183,881.626503,885.253502,888.908271,892.590947,896.301822,900.040588,903.807791,907.603389,911.427902,915.281092,919.162803,923.073519,927.013352,930.982316,934.980698,939.008707,943.066567,947.153858,951.271210,955.418448,959.596065,963.804082,968.042252,972.311097,976.610696,980.941235,985.302778,989.695217,994.118919,998.574195,1003.061058,1007.579440,1012.129708,1016.711952,1021.326146,1025.972532,1030.651405,1035.362655,1040.106544,1044.883311,1049.693195,1054.536057,1059.411916,1064.321377,1069.264023,1074.240280,1079.250529,1084.294578,1089.372809,1094.484938,1099.631537,1104.812402,1110.028108,1115.278292,1120.563344,1125.883405,1131.238674,1136.629174,1142.055221,1147.516720,1153.013860,1158.547019,1164.116149,1169.721329,1175.363033,1181.040990,1186.755437,1192.506607,1198.294692,1204.119604,1209.981624,1215.881002,1221.817691,1227.791884,1233.803748,1239.853421,1245.941076,1252.066691,1258.230632,1264.433383,1270.674235,1276.953700,1283.271983,1289.629176,1296.025413,1302.460858,1308.935796,1315.449970,1322.003897
667.226462,666.296851,665.369819,664.445259,663.523603,662.604405,661.687973,660.774150,659.862928,658.954566,658.048864,657.145917,656.245781,655.348276,654.453781,653.558885,652.673043,651.786899,650.903650,650.023303,649.146054,648.271552,647.400070,646.531349,645.665725,644.803139,643.943623,643.087098,642.250709,641.382830,640.536585,639.659924,638.850272,638.012415,637.177634,636.351236,635.517830,634.692742,633.870982,633.055136,632.237291,631.423917,630.616748,629.811691,629.009760,628.211223,627.414033,626.624873,625.836463,625.051817,624.311134,623.493701,622.718842,621.948608,621.181808,620.418721,619.659956,618.903581,618.151310,617.398213,616.659697,615.917608,615.185507,614.447411,613.716622,612.990180,612.270465,611.552778,610.838893,610.129125,609.423427,608.704885,608.004611,607.330130,606.640268,605.946252,605.273249,604.594819,603.923039,603.254282,602.589316,601.928572,601.271570,600.619443,599.972219,599.352601,598.698258,598.050687,597.427208,596.801641,596.180394,595.564258,594.950875,594.344511,593.738763,593.138837,592.551461,591.966159,591.352803,590.791225,590.226261,589.649802,589.092814,588.541114,587.978516,587.428900,586.885521,586.336165,585.809610,585.282241,584.755734,584.236545,583.720682,583.203704,582.707360,582.209170,581.715890,581.227635,580.750905,580.262251,579.794593,579.331035,578.863642,578.410823,577.961292,577.461660,577.078609,576.641704,576.217035,575.817546,575.379280,574.967369,574.564343,574.169002,573.772892,573.354580,573.007716,572.619951,572.271037,571.893232,571.541640,571.160666,570.843680,570.494568,570.164840,569.850141,569.529779,569.211908,568.910415,568.610762,568.316626,568.031453,567.742864,567.474532,567.207843,566.941072,566.689181,566.443342,566.202920,565.971960,565.741930,565.524424,565.311515,565.105200,564.905405,564.716923,564.527883,564.350685,564.180337,564.016775,563.867103,563.709467,563.571304,563.439822,563.305866,563.192301,563.083078,562.976936,562.880685,562.792604,562.710604,562.639963,562.576565,562.517433,562.465429,562.425487,562.391699,562.364642,562.348564,562.337596,562.339019,562.346441,562.360888,562.386468,562.417788,562.459457,562.508824,562.566001,562.632278,562.706977,562.791480,562.883040,562.986257,563.093510,563.213641,563.341687,563.479179,563.626679,563.779794,563.943254,564.117502,564.299472,564.491691,564.692561,564.902539,565.123222,565.354277,565.593852,565.842474,566.101766,566.370233,566.648695,566.936039,567.233805,567.541569,567.859743,568.188803,568.527524,568.876373,569.235252,569.604688,569.983902,570.373374,570.773848,571.185093,571.607162,572.039776,572.482891,572.937148,573.402956,573.878755,574.365806,574.863897,575.373162,575.893679,576.425412,576.968543,577.522745,578.088385,578.665930,579.254823,579.855514,580.467775,581.091839,581.728201,582.375889,583.036142,583.708136,584.392438,585.088928,585.797717,586.518563,587.252054,587.998379,588.756821,589.528003,590.311986,591.108338,591.918085,592.740441,593.575624,594.424197,595.285770,596.160573,597.048546,597.950137,598.865304,599.793707,600.735865,601.691768,602.661161,603.644379,604.641596,605.652926,606.678498,607.718099,608.771564,609.839917,610.922076,612.018769,613.130050,614.255889,615.396474,616.551812,617.722361,618.907490,620.107501,621.322636,622.553358,623.799067,625.060003,626.336657,627.628892,628.936524,630.260115,631.599343,632.954511,634.325738,635.713009,637.116422,638.536109,639.972077,641.424396,642.893221,644.378728,645.880734,647.399574,648.935343,650.488160,652.057898,653.645256,655.249445,656.870948,658.509845,660.166137,661.840180,663.532034,665.241552,666.969241,668.714689,670.478303,672.260037,674.060068,675.878641,677.715757,679.571403,681.445695,683.338720,685.250701,687.181605,689.131592,691.100852,693.089666,695.097626,697.124916,699.171973,701.238739,703.325345,705.431925,707.558493,709.705163,711.872081,714.059138,716.266999,718.495300,720.744274,723.014058,725.304719,727.616299,729.949012,732.302875,734.678232,737.074920,739.493151,741.933043,744.394775,746.878318,749.383853,751.911616,754.461686,757.034016,759.628979,762.246198,764.886042,767.548735,770.234425,772.943113,775.675119,778.430156,781.208581,784.010522,786.836194,789.685633,792.558764,795.455934,798.377278,801.322652,804.292580,807.286887,810.305672,813.349153,816.417463,819.510631,822.628947,825.772443,828.941316,832.135829,835.355667,838.601165,841.872647,845.169903,848.493145,851.842473,855.218061,858.620371,862.049136,865.504686,868.986955,872.496168,876.032440,879.595908,883.186765,886.805102,890.451017,894.124646,897.826281,901.555613,905.313187,909.099074,912.913455,916.756430,920.627764,924.527832,928.456856,932.414811,936.402178,940.418635,944.464837,948.540451,952.645656,956.780704,960.945960,965.141272,969.366614,973.622521,977.908787,982.225882,986.573774,990.952355,995.362050,999.802992,1004.275370,1008.779059,1013.314423,1017.881553,1022.480421,1027.111373,1031.774391,1036.469678,1041.197490,1045.957767,1050.751048,1055.577110,1060.435913,1065.328124,1070.253302,1075.212139,1080.204222,1085.230229,1090.290045,1095.383617,1100.511440,1105.673310,1110.869800,1116.100547,1121.365941,1126.666123,1132.001291,1137.371501,1142.776968,1148.217699,1153.693845,1159.205788,1164.753477,1170.336992,1175.956805,1181.612645,1187.304750,1193.033478,1198.798744,1204.600533,1210.439304,1216.315206,1222.228190,1228.178451,1234.166153,1240.191437,1246.254473,1252.355239,1258.494102,1264.671654,1270.886859,1277.140556,1283.432839,1289.763801,1296.133577,1302.542329,1308.990342,1315.477359,1322.003897
663.341449,662.465030,661.529896,660.628253,659.729132,658.762428,657.948755,657.047368,656.158736,655.272902,654.389758,653.509397,652.631639,651.725118,650.883163,650.015475,649.148963,648.285317,647.424587,646.636072,645.711818,644.859847,644.010578,643.164375,642.321177,641.481019,640.644924,639.809554,638.946182,638.150105,637.325077,636.503224,635.684430,634.868757,634.104351,633.247046,632.442426,631.638119,630.838664,630.040825,629.249084,628.459406,627.673005,626.887853,626.110094,625.333903,624.544142,623.791127,623.026815,622.262032,621.503058,620.747719,619.995773,619.248013,618.502745,617.761510,617.023579,616.289971,615.560837,614.833281,614.110903,613.403286,612.675096,611.963703,611.257080,610.553367,609.853207,609.157096,608.553698,607.775674,607.092611,606.327379,605.736541,605.064372,604.396067,603.715706,603.072323,602.416381,601.762616,601.117454,600.472228,599.833836,599.198833,598.568790,597.950458,597.315232,596.704363,596.091045,595.511008,594.878237,594.276683,593.669043,593.092830,592.501137,591.925328,591.351482,590.843776,590.199428,589.645582,589.081083,588.535335,587.995302,587.443317,586.904732,586.371843,585.835385,585.317747,584.798638,584.285062,583.755077,583.271246,582.771730,582.278180,581.790731,581.245859,580.828614,580.361831,579.885995,579.425114,578.971899,578.516115,578.069945,577.628929,577.191769,576.763828,576.340894,575.920978,575.492927,575.100236,574.697774,574.319597,573.915530,573.527155,573.146616,572.775605,572.408446,572.059966,571.692868,571.343812,570.963153,570.639285,570.329982,570.004411,569.687347,569.375591,569.068133,568.768039,568.485058,568.188392,567.909616,567.612503,567.364085,567.102157,566.851906,566.598771,566.348775,566.121517,565.891550,565.672122,565.457051,565.253022,565.046943,564.855204,564.666591,564.471658,564.311972,564.146040,563.986778,563.834405,563.691131,563.551879,563.422017,563.298149,563.183490,563.075294,562.972959,562.884013,562.795016,562.716948,562.646532,562.584977,562.531119,562.482166,562.440044,562.409740,562.385617,562.368007,562.360979,562.359160,562.369890,562.386649,562.410131,562.444105,562.484385,562.535831,562.592613,562.658855,562.733101,562.815190,562.908272,563.009234,563.120571,563.232707,563.361984,563.497655,563.642328,563.798038,563.957427,564.128017,564.309079,564.498320,564.696503,564.904458,565.121488,565.348043,565.585528,565.830991,566.085965,566.350559,566.625336,566.909321,567.202558,567.505433,567.818086,568.141296,568.475471,568.818957,569.172552,569.536349,569.910052,570.293986,570.687681,571.091896,571.507191,571.932887,572.369283,572.816009,573.273523,573.742177,574.221442,574.711499,575.212496,575.724351,576.247443,576.781338,577.326771,577.883424,578.451000,579.030178,579.620802,580.222844,580.836532,581.461923,582.098966,582.747840,583.408451,584.081291,584.765966,585.462803,586.171694,586.892625,587.625696,588.371577,589.129534,589.900024,590.683106,591.478621,592.286994,593.108224,593.941793,594.788592,595.648311,596.521033,597.406956,598.306050,599.218659,600.144441,601.083706,602.036522,603.002685,603.982451,604.976074,605.983581,607.005076,608.040837,609.089865,610.153246,611.231142,612.322917,613.429080,614.549636,615.684816,616.834585,617.999154,619.178360,620.372342,621.580986,622.805067,624.043979,625.298043,626.567316,627.852242,629.152420,630.467903,631.799301,633.146347,634.509073,635.887628,637.282261,638.692922,640.119723,641.562574,643.021799,644.497368,645.989375,647.497917,649.023092,650.565281,652.124079,653.699890,655.293063,656.902992,658.530069,660.174435,661.836122,663.515413,665.212271,666.926958,668.659297,670.409455,672.177587,673.963791,675.768149,677.590970,679.432091,681.291537,683.169564,685.066224,686.981640,688.915902,690.869160,692.841677,694.833162,696.843851,698.873819,700.923361,702.992501,705.081309,707.189906,709.318347,711.466825,713.635304,715.824021,718.033077,720.262605,722.512516,724.783165,727.074553,729.386680,731.719837,734.073917,736.449374,738.846004,741.264067,743.703616,746.164749,748.647606,751.152296,753.679177,756.228087,758.798965,761.392441,764.007955,766.646039,769.306694,771.990302,774.696750,777.426214,780.178607,782.954225,785.753282,788.575861,791.421839,794.291493,797.184997,800.102498,803.044091,806.009694,808.999618,812.013892,815.052639,818.116060,821.204190,824.317277,827.455365,830.618842,833.807480,837.021265,840.260685,843.525837,846.816603,850.133072,853.475403,856.844186,860.239297,863.660533,867.108593,870.583035,874.084296,877.612405,881.167559,884.749904,888.359444,891.996481,895.661150,899.353281,903.073156,906.820994,910.597113,914.401572,918.233990,922.094850,925.984239,929.902389,933.849291,937.825385,941.830461,945.864886,949.928692,954.021811,958.144769,962.297500,966.480015,970.692598,974.935308,979.208502,983.511988,987.846085,992.210762,996.606345,1001.033095,1005.490821,1009.979774,1014.500193,1019.052168,1023.635670,1028.251047,1032.898277,1037.577564,1042.289164,1047.033308,1051.809658,1056.618867,1061.460603,1066.335531,1071.243210,1076.184333,1081.158485,1086.166565,1091.207794,1096.282783,1101.391804,1106.534904,1111.711902,1116.923189,1122.168903,1127.449183,1132.764229,1138.114095,1143.498996,1148.918938,1154.374073,1159.864862,1165.391013,1170.953037,1176.550751,1182.184461,1187.854209,1193.560355,1199.302716,1205.081569,1210.897187,1216.749495,1222.638765,1228.565083,1234.528616,1240.529501,1246.567911,1252.643823,1258.757601,1264.909840,1271.099502,1277.327425,1283.593706,1289.898434,1296.241745,1302.623802,1309.044889,1315.504748,1322.003897
659.544220,658.473659,657.777704,656.898312,656.021346,655.147114,654.272694,653.406546,652.540335,651.676761,650.786563,649.957755,649.102068,648.249602,647.399778,646.552781,645.708521,644.867204,644.028658,643.196465,642.360186,641.530290,640.703199,639.879164,639.058138,638.239942,637.424809,636.612545,635.803391,634.997400,634.194487,633.394634,632.597759,631.807056,631.012358,630.226390,629.445803,628.661580,627.857884,627.109318,626.338151,625.568199,624.806180,624.087307,623.286342,622.532213,621.781548,621.023020,620.288374,619.547715,618.810548,618.077440,617.346726,616.639719,615.896520,615.177235,614.464788,613.754354,613.040307,612.293390,611.633333,610.935875,610.243034,609.553408,608.867091,608.275169,607.506218,606.820673,606.078505,605.494478,604.834788,604.172922,603.518155,602.852205,602.220058,601.577708,600.921127,600.304276,599.672294,599.046770,598.346779,597.806227,597.192808,596.577859,595.978928,595.378509,594.781622,594.189787,593.600427,593.018192,592.440134,591.860286,591.296330,590.734571,590.166683,589.604942,589.062570,588.509200,587.975099,587.446404,586.905416,586.381192,585.855356,585.332891,584.823322,584.315087,583.811329,583.314106,582.818654,582.330024,581.846252,581.368656,580.832786,580.427100,579.963054,579.503472,579.052166,578.604571,578.162234,577.725329,577.293711,576.867343,576.446275,576.031430,575.621578,575.201776,574.819223,574.424504,574.032968,573.655046,573.278617,572.905319,572.543568,572.184142,571.830713,571.483246,571.141417,570.806265,570.476553,570.149774,569.834507,569.525337,569.217319,568.917966,568.620903,568.336698,568.055391,567.781508,567.514620,567.245521,566.995861,566.746335,566.504668,566.267938,566.035623,565.814494,565.597582,565.389506,565.185027,564.990770,564.798198,564.617446,564.442563,564.274273,564.110693,563.956134,563.808217,563.666960,563.534433,563.401506,563.287409,563.174361,563.071378,562.972262,562.880005,562.801952,562.723606,562.655586,562.594836,562.542411,562.496244,562.460196,562.428364,562.406869,562.392976,562.384255,562.386696,562.393892,562.413765,562.439267,562.472008,562.514535,562.566270,562.623536,562.688840,562.763487,562.845652,562.935983,563.037318,563.146411,563.264124,563.386400,563.521497,563.664957,563.816915,563.978482,564.147572,564.324704,564.512236,564.708993,564.913642,565.127896,565.351966,565.584855,565.827072,566.079449,566.340809,566.611012,566.891326,567.181065,567.479994,567.788319,568.106376,568.434344,568.772849,569.121409,569.479907,569.848307,570.226388,570.614727,571.012925,571.421127,571.840035,572.269567,572.709513,573.159894,573.620953,574.092381,574.575242,575.068212,575.571851,576.086469,576.611957,577.148469,577.696161,578.254950,578.824461,579.405218,579.997532,580.601311,581.216527,581.842881,582.481285,583.131072,583.792278,584.465797,585.150820,585.847983,586.556998,587.278055,588.010947,588.756372,589.514024,590.283912,591.066301,591.860869,592.667763,593.487811,594.320167,595.165186,596.023156,596.893943,597.777819,598.674431,599.584456,600.507785,601.444079,602.394085,603.357115,604.333566,605.323574,606.327466,607.344945,608.376461,609.421653,610.480594,611.553953,612.640906,613.742110,614.857573,615.987376,617.131591,618.290262,619.463811,620.651710,621.854159,623.071548,624.304025,625.551191,626.813381,628.090861,629.383751,630.691626,632.015176,633.354044,634.708636,636.078748,637.464721,638.866459,640.284232,641.717852,643.167539,644.633411,646.115649,647.614008,649.129000,650.660359,652.208555,653.773427,655.355377,656.953855,658.569343,660.201878,661.851548,663.518437,665.202874,666.904785,668.624179,670.361138,672.115903,673.888424,675.678877,677.487507,679.314341,681.159278,683.022518,684.904116,686.804296,688.723106,690.660452,692.616775,694.592269,696.586524,698.599832,700.632302,702.684199,704.755546,706.846461,708.956991,711.087215,713.237288,715.407099,717.597311,719.807560,722.038131,724.288991,726.560374,728.852265,731.164876,733.498220,735.852642,738.227975,740.624429,743.042273,745.481231,747.941724,750.423780,752.927515,755.453379,758.000919,760.570362,763.162242,765.775998,768.412162,771.070882,773.752273,776.456295,779.183021,781.932684,784.705381,787.501414,790.320730,793.163279,796.029332,798.919303,801.832661,804.770159,807.731570,810.716978,813.726638,816.760641,819.819053,822.902043,826.009912,829.142494,832.300215,835.483003,838.690842,841.923968,845.182806,848.466927,851.776643,855.112043,858.473854,861.861510,865.275394,868.715644,872.182264,875.675441,879.195316,882.742059,886.315782,889.916574,893.544569,897.200057,900.882728,904.593126,908.331205,912.097435,915.891727,919.713768,923.564093,927.442813,931.349974,935.285752,939.250524,943.244282,947.266820,951.318672,955.399671,959.510309,963.650518,967.820309,972.019966,976.249579,980.509406,984.799443,989.119707,993.470435,997.851863,1002.264250,1006.707407,1011.181583,1015.687016,1020.223828,1024.791894,1029.391675,1034.023061,1038.686311,1043.381664,1048.109347,1052.869024,1057.661348,1062.485983,1067.343597,1072.233747,1077.157101,1082.113317,1087.103221,1092.126057,1097.182435,1102.272628,1107.396682,1112.554415,1117.746217,1122.972227,1128.232574,1133.527486,1138.856918,1144.221303,1149.620437,1155.054542,1160.524079,1166.028755,1171.569081,1177.144874,1182.756437,1188.403880,1194.087366,1199.806906,1205.562714,1211.355059,1217.183869,1223.049415,1228.951782,1234.891136,1240.867616,1246.881392,1252.932441,1259.021129,1265.148049,1271.312163,1277.514309,1283.754582,1290.033074,1296.349918,1302.705278,1309.099437,1315.532138,1322.003897
655.834446,654.972060,654.112186,653.254691,652.399904,651.547788,650.665935,649.851251,649.007066,648.165469,647.326592,646.490227,645.656857,644.736124,643.998543,643.173428,642.351226,641.531715,640.715137,639.768941,639.090448,638.282360,637.477292,636.675116,635.875795,635.079437,634.292204,633.495737,632.708496,631.924336,631.146169,630.363557,629.589931,628.817996,628.047863,627.257624,626.521380,625.762028,625.006067,624.251333,623.504116,622.757486,622.014274,621.275090,620.528372,619.806128,619.075594,618.349456,617.626725,616.908195,616.191974,615.475458,614.770580,614.066919,613.363566,612.665806,611.983031,611.146386,610.590818,609.909574,609.229387,608.553398,607.880987,607.212196,606.547176,605.796623,605.228833,604.575832,603.914204,603.280841,602.638714,601.999956,601.322926,600.737636,600.096390,599.481314,598.871780,598.258265,597.647858,597.042709,596.441368,595.844999,595.252457,594.664189,594.079610,593.505235,592.909557,592.352231,591.785154,591.217610,590.665210,590.115358,589.559132,589.018466,588.477505,587.935442,587.412647,586.895247,586.365299,585.851798,585.335856,584.825174,584.326397,583.828633,583.335400,582.847843,582.364101,581.885307,581.411625,580.943335,580.480200,580.022486,579.568160,579.119757,578.672217,578.238515,577.804848,577.374676,576.955108,576.538512,576.126627,575.720658,575.315879,574.923340,574.533546,574.148927,573.753210,573.405031,573.030351,572.665258,572.309126,571.957294,571.611874,571.271996,570.933904,570.610886,570.256385,569.969916,569.645971,569.354097,569.057152,568.764885,568.477527,568.197085,567.922790,567.655982,567.396895,567.118483,566.887969,566.644723,566.408239,566.177607,565.950908,565.734695,565.523342,565.319919,565.122871,564.931569,564.747905,564.569646,564.397942,564.237474,564.075999,563.924824,563.787745,563.644451,563.514045,563.390225,563.273289,563.166862,563.061415,562.970690,562.886718,562.803844,562.730419,562.667623,562.607667,562.556671,562.514476,562.478134,562.450748,562.429707,562.417421,562.413118,562.413162,562.425429,562.441952,562.470699,562.505017,562.547283,562.597806,562.659812,562.723895,562.798105,562.880691,562.971277,563.069319,563.176728,563.295970,563.419413,563.552461,563.693384,563.844483,564.003670,564.172348,564.349325,564.533183,564.727255,564.931045,565.142305,565.363070,565.593244,565.832035,566.080516,566.339368,566.606636,566.882766,567.168592,567.463978,567.768571,568.081833,568.405390,568.738281,569.081594,569.435357,569.798414,570.171279,570.553813,570.946654,571.349080,571.761351,572.184073,572.617487,573.060952,573.514974,573.979190,574.454066,574.939777,575.436014,575.942512,576.459701,576.987774,577.526841,578.076474,578.637658,579.209357,579.791856,580.385740,580.991196,581.607688,582.235312,582.874739,583.525466,584.187644,584.861801,585.547250,586.244746,586.954063,587.675190,588.408118,589.153053,589.910382,590.679576,591.461234,592.254845,593.060856,593.879497,594.710691,595.554067,596.410309,597.279190,598.160884,599.055470,599.962987,600.883831,601.817415,602.764361,603.724467,604.697698,605.684262,606.684442,607.698263,608.725706,609.767053,610.821474,611.890449,612.972752,614.069077,615.179548,616.304029,617.442887,618.596043,619.763670,620.945705,622.142146,623.353223,624.579003,625.819491,627.074860,628.345157,629.630743,630.931247,632.246970,633.577908,634.924399,636.286233,637.663563,639.056743,640.465468,641.890144,643.330464,644.786862,646.259275,647.747795,649.252519,650.773639,652.311258,653.865241,655.435866,657.023535,658.627618,660.248504,661.886285,663.541136,665.213194,666.902657,668.609211,670.333280,672.074802,673.833932,675.610730,677.405358,679.218086,681.048747,682.897366,684.764197,686.649333,688.552804,690.474694,692.415282,694.374729,696.352766,698.349670,700.365377,702.400311,704.454472,706.527944,708.620733,710.733100,712.864937,715.016464,717.187832,719.379138,721.590514,723.821926,726.073558,728.345577,730.637927,732.950894,735.284373,737.638813,740.014010,742.410220,744.827577,747.265937,749.725675,752.206821,754.709730,757.234114,759.780285,762.348495,764.938363,767.550255,770.184393,772.840925,775.519849,778.221453,780.945520,783.692342,786.462147,789.254889,792.070862,794.909911,797.772353,800.658347,803.567891,806.501049,809.458100,812.438989,815.443931,818.473056,821.526393,824.604227,827.706587,830.833671,833.985736,837.162440,840.364195,843.591243,846.843398,850.120868,853.423751,856.752222,860.106736,863.487027,866.893441,870.325851,873.784538,877.269595,880.781157,884.319416,887.884459,891.476381,895.095318,898.741558,902.414790,906.115558,909.843807,913.600084,917.384118,921.195759,925.035489,928.903419,932.799557,936.724189,940.677595,944.659776,948.670529,952.710407,956.779234,960.877499,965.005222,969.162152,973.348902,977.565267,981.811713,986.088207,990.394639,994.731372,999.098601,1003.496680,1007.925196,1012.384627,1016.874891,1021.396468,1025.949090,1030.533219,1035.148742,1039.795919,1044.474988,1049.186184,1053.929278,1058.704551,1063.512053,1068.352321,1073.224911,1078.130491,1083.068717,1088.040417,1093.044832,1098.082572,1103.153911,1108.258894,1113.397338,1118.569632,1123.775916,1129.016453,1134.291064,1139.600263,1144.943889,1150.322196,1155.735253,1161.183520,1166.666704,1172.185375,1177.739171,1183.328574,1188.953632,1194.614509,1200.311216,1206.043966,1211.813028,1217.618330,1223.460141,1229.338547,1235.253714,1241.205811,1247.194914,1253.221094,1259.284686,1265.386281,1271.524842,1277.701206,1283.915469,1290.167720,1296.458096,1302.786756,1309.153986,1315.559528,1322.003897
652.211490,651.370882,650.532678,649.697052,648.862698,648.033735,647.205886,646.380810,645.558297,644.738267,643.921140,643.125532,642.295255,641.486322,640.558157,639.876869,639.076219,638.278428,637.483424,636.691295,635.902001,635.115637,634.384487,633.557825,632.774773,631.999158,631.227247,630.461644,629.692862,628.928738,628.170354,627.413806,626.632113,625.909902,625.162667,624.401469,623.677490,622.939619,622.205336,621.473482,620.745455,620.020758,619.299537,618.580392,617.865317,617.153605,616.445235,615.741072,615.039132,614.341241,613.646371,612.959635,612.267585,611.583820,610.902859,610.226085,609.550398,608.883001,608.216799,607.554321,606.895811,606.240292,605.599296,604.939962,604.297104,603.657531,603.021005,602.388732,601.744011,601.134023,600.514365,599.897329,599.284363,598.675563,598.095477,597.468922,596.877510,596.278442,595.689692,595.105159,594.525048,593.949002,593.376507,592.814296,592.244955,591.684878,591.129728,590.579829,590.032728,589.490905,588.949949,588.421093,587.820554,587.360160,586.848538,586.342399,585.823445,585.320928,584.816913,584.315648,583.827566,583.339971,582.857389,582.380482,581.907225,581.438402,580.975494,580.471156,580.063879,579.615306,579.171336,578.732096,578.310314,577.870511,577.450358,577.025356,576.615255,576.207658,575.803280,575.405930,575.013213,574.628351,574.246801,573.870832,573.499293,573.132108,572.773668,572.420197,572.036497,571.731892,571.390999,571.068086,570.732580,570.411545,570.097628,569.766338,569.482455,569.187472,568.898417,568.610489,568.330734,568.052942,567.788575,567.543142,567.271295,567.021890,566.773041,566.541837,566.310827,566.082049,565.864648,565.651921,565.450008,565.249170,565.052374,564.872226,564.693565,564.520835,564.355441,564.193570,564.040689,563.893730,563.754274,563.621805,563.495772,563.383529,563.262613,563.174966,563.060943,562.969747,562.886104,562.808932,562.736388,562.673052,562.627502,562.573611,562.533091,562.500399,562.479341,562.455001,562.444181,562.442108,562.446992,562.456896,562.477605,562.503143,562.540242,562.583772,562.634750,562.694251,562.764550,562.837265,562.919796,563.010702,563.108846,563.215970,563.330561,563.457206,563.588533,563.729260,563.877905,564.036169,564.202677,564.378234,564.562861,564.753407,564.954161,565.164817,565.382837,565.610128,565.846440,566.091707,566.346270,566.610908,566.883879,567.166394,567.457489,567.758448,568.068500,568.387741,568.716184,569.054184,569.401989,569.760641,570.128316,570.505595,570.892900,571.289815,571.696739,572.113089,572.539489,572.976616,573.423657,573.881164,574.349034,574.827050,575.315656,575.815112,576.324430,576.844238,577.374950,577.916465,578.468384,579.031500,579.605415,580.189906,580.785290,581.392208,582.010339,582.639517,583.279696,583.931539,584.594584,585.269208,585.955424,586.653315,587.362874,588.083952,588.816965,589.561489,590.318523,591.087264,591.868151,592.661040,593.466132,594.283311,595.113342,595.955440,596.809984,597.677012,598.556635,599.449235,600.354251,601.272418,602.203625,603.147734,604.104872,605.074965,606.058242,607.054803,608.065033,609.088521,610.125685,611.176206,612.240614,613.318564,614.410099,615.515569,616.635079,617.768575,618.916299,620.078134,621.254472,622.444933,623.649703,624.869107,626.103115,627.351687,628.614952,629.893227,631.186510,632.494518,633.817869,635.156389,636.510079,637.879086,639.263707,640.663615,642.079395,643.510593,644.957578,646.420423,647.899309,649.393986,650.905075,652.432093,653.975508,655.535370,657.111974,658.704740,660.314242,661.940397,663.583356,665.243239,666.920200,668.614384,670.325693,672.054191,673.800135,675.563490,677.344437,679.143283,680.959758,682.794087,684.646282,686.516614,688.405086,690.311819,692.236716,694.180214,696.142508,698.123186,700.122537,702.140669,704.177871,706.234086,708.309509,710.404159,712.518111,714.651520,716.804275,718.977034,721.169475,723.381752,725.613961,727.866290,730.138731,732.431466,734.744536,737.078244,739.432508,741.807453,744.203367,746.619980,749.057708,751.516580,753.996704,756.498534,759.021612,761.566165,764.132724,766.720727,769.330703,771.962652,774.616952,777.293609,779.992433,782.713711,785.457577,788.224333,791.013874,793.826276,796.661718,799.520485,802.402423,805.307924,808.236803,811.189369,814.165647,817.165805,820.189904,823.238113,826.310633,829.407539,832.529113,835.675229,838.845919,842.041417,845.262072,848.507675,851.778316,855.074384,858.395765,861.743035,865.115753,868.514618,871.939184,875.389887,878.866752,882.369975,885.899699,889.455926,893.038956,896.648842,900.285648,903.949376,907.640450,911.359055,915.105148,918.878780,922.679995,926.509050,930.366119,934.251207,938.164786,942.106640,946.077120,950.076197,954.103895,958.160521,962.246543,966.361435,970.505540,974.679264,978.882402,983.115419,987.378281,991.670878,995.993571,1000.346672,1004.730187,1009.144049,1013.588619,1018.063985,1022.570118,1027.107362,1031.675695,1036.275318,1040.906386,1045.569135,1050.263802,1054.990243,1059.748475,1064.539103,1069.361703,1074.216702,1079.104478,1084.024714,1088.978152,1093.964119,1098.983166,1104.035654,1109.121540,1114.240670,1119.393433,1124.579967,1129.800537,1135.054960,1140.343753,1145.666754,1151.024215,1156.416206,1161.843185,1167.304860,1172.801801,1178.333643,1183.900903,1189.503529,1195.141785,1200.815646,1206.525326,1212.271094,1218.052875,1223.870942,1229.725378,1235.616349,1241.544024,1247.508478,1253.509783,1259.548271,1265.624537,1271.737539,1277.888117,1284.076366,1290.302374,1296.566278,1302.868237,1309.208536,1315.586918,1322.003897
648.674439,647.932810,647.038689,646.224659,645.319801,644.604413,643.798129,642.994472,642.193273,641.395005,640.599355,639.806434,639.016337,638.229037,637.444314,636.628361,635.883086,635.106663,634.333027,633.562384,632.801029,632.030551,631.267177,630.507845,629.754876,628.998124,628.247717,627.498985,626.755723,625.985683,625.275821,624.540504,623.808281,623.079038,622.350864,621.630497,620.910049,620.197954,619.480383,618.771158,618.062207,617.358552,616.658039,615.960714,615.266812,614.576792,613.889072,613.205246,612.524594,611.855015,611.173953,610.503953,609.836861,609.173899,608.512034,607.858291,607.173279,606.556827,605.911513,605.269825,604.631770,603.996141,603.366735,602.731044,602.116570,601.497893,600.881520,600.268752,599.661930,599.039248,598.457596,597.860314,597.268307,596.680166,596.095211,595.522649,594.931328,594.365648,593.797248,593.233574,592.673062,592.117212,591.523584,591.017198,590.480521,589.935486,589.476766,588.870077,588.342877,587.822442,587.313176,586.784396,586.283518,585.787994,585.280323,584.788855,584.295680,583.804989,583.327529,582.850452,582.378304,581.918366,581.448811,580.990142,580.539786,580.088774,579.645770,579.206967,578.773075,578.350557,577.931381,577.500656,577.091430,576.678092,576.274289,575.875422,575.479907,575.091292,574.711350,574.331569,573.958210,573.592409,573.228429,572.890804,572.520389,572.174267,571.833417,571.498553,571.168754,570.858882,570.525844,570.213251,569.889457,569.604372,569.303653,569.016351,568.731293,568.454322,568.181892,567.912461,567.652921,567.373548,567.149312,566.905632,566.650073,566.437986,566.211324,565.993795,565.779361,565.575361,565.372789,565.180709,564.995384,564.812184,564.638339,564.470244,564.303387,564.153830,564.006037,563.865840,563.728305,563.599767,563.478058,563.362527,563.254622,563.153051,563.058542,562.974703,562.884489,562.816986,562.756096,562.687202,562.633920,562.593218,562.553947,562.523913,562.500550,562.489143,562.474328,562.474074,562.479984,562.494267,562.511594,562.543406,562.577867,562.623954,562.675928,562.735712,562.803008,562.882646,562.963538,563.054097,563.153736,563.257553,563.375489,563.497007,563.632116,563.770621,563.918267,564.074526,564.240682,564.414097,564.596887,564.789683,564.986767,565.193151,565.410447,565.635550,565.868751,566.111741,566.363402,566.623951,566.893740,567.173427,567.461127,567.758041,568.064929,568.380058,568.704879,569.038377,569.381421,569.733943,570.096841,570.469904,570.851600,571.243337,571.644538,572.055671,572.476209,572.906533,573.347079,573.797977,574.258973,574.730215,575.211431,575.703010,576.205435,576.717797,577.240399,577.773651,578.317406,578.871881,579.436930,580.013089,580.599428,581.196805,581.805036,582.424667,583.055129,583.696512,584.349565,585.013500,585.688604,586.375444,587.073737,587.783531,588.504870,589.237836,589.982285,590.738663,591.507121,592.287342,593.079409,593.883592,594.699765,595.528380,596.369255,597.221988,598.087393,598.965017,599.855517,600.758449,601.674160,602.602802,603.544192,604.498264,605.465473,606.445490,607.438563,608.445270,609.464943,610.498099,611.544819,612.604581,613.678434,614.765200,615.865808,616.980378,618.108592,619.250977,620.407373,621.577851,622.762486,623.961246,625.174350,626.401893,627.643782,628.900375,630.171402,631.457558,632.758267,634.073880,635.404499,636.750263,638.111092,639.487200,640.878656,642.285495,643.707849,645.145640,646.599087,648.068292,649.553243,651.054218,652.570996,654.104118,655.653333,657.218697,658.800792,660.399010,662.013693,663.644932,665.292899,666.957794,668.639623,670.338259,672.054062,673.786968,675.537130,677.304604,679.089634,680.892278,682.712517,684.550381,686.406095,688.279750,690.171374,692.081141,694.009052,695.955542,697.920271,699.903448,701.905072,703.925546,705.964865,708.023114,710.100296,712.196668,714.312124,716.446879,718.601084,720.774834,722.968223,725.181322,727.414207,729.667098,731.939878,734.232892,736.546010,738.879682,741.233701,743.608322,746.003676,748.419618,750.856521,753.314413,755.793648,758.293944,760.815584,763.358845,765.923337,768.509424,771.117325,773.747186,776.399004,779.073065,781.769151,784.487549,787.228488,789.991920,792.778138,795.586982,798.418770,801.273711,804.151492,807.052789,809.977370,812.925317,815.896881,818.892155,821.911175,824.954178,828.021395,831.112679,834.228454,837.368618,840.533235,843.722668,846.936731,850.175629,853.439460,856.728304,860.042902,863.382669,866.747994,870.139009,873.555717,876.998302,880.466888,883.961691,887.482771,891.030231,894.604203,898.204975,901.832321,905.486523,909.167793,912.876512,916.612549,920.375705,924.166398,927.984774,931.830878,935.704883,939.607166,943.537511,947.496319,951.483514,955.499131,959.543657,963.617025,967.719241,971.850588,976.011123,980.201199,984.420710,988.669706,992.948421,997.257090,1001.595846,1005.964867,1010.364032,1014.793700,1019.253958,1023.744777,1028.266500,1032.819103,1037.402789,1042.017811,1046.664105,1051.342207,1056.051894,1060.793120,1065.566550,1070.371742,1075.209120,1080.079061,1084.981259,1089.916426,1094.883917,1099.884273,1104.917857,1109.984620,1115.084411,1120.217619,1125.384381,1130.584893,1135.819176,1141.087543,1146.389897,1151.726494,1157.097500,1162.503074,1167.943222,1173.418416,1178.928290,1184.473359,1190.053573,1195.669193,1201.320196,1207.006793,1212.729255,1218.487507,1224.281819,1230.112276,1235.979042,1241.882286,1247.822084,1253.798507,1259.811886,1265.862815,1271.950255,1278.075043,1284.237273,1290.437035,1296.674464,1302.949720,1309.263088,1315.614308,1322.003897
645.222823,644.429300,643.629642,642.836906,642.046785,641.132661,640.474068,639.691537,638.911846,638.134747,637.360351,636.588752,635.785780,635.053592,634.290012,633.529149,632.771059,632.015814,631.264840,630.513792,629.766933,629.022934,628.282045,627.543903,626.807140,626.076158,625.319189,624.618770,623.946033,623.176417,622.458819,621.744535,621.031234,620.325400,619.619790,618.917787,618.219200,617.523680,616.830786,616.162100,615.454532,614.771698,614.092523,613.411701,612.742485,612.072366,611.406123,610.605035,610.096423,609.427004,608.773590,608.124229,607.476136,606.835970,606.197006,605.561730,604.929468,604.312275,603.675111,603.054128,602.437810,601.824568,601.214202,600.591340,600.004759,599.404718,598.810727,598.219324,597.622482,597.047926,596.467507,595.891876,595.319573,594.750940,594.179915,593.626300,593.070300,592.518256,591.954878,591.423992,590.886135,590.344871,589.824763,589.264984,588.767146,588.248640,587.732540,587.151328,586.716452,586.208653,585.718261,585.233697,584.737006,584.251105,583.773761,583.293363,582.826796,582.360262,581.895762,581.441641,580.989842,580.541037,580.100861,579.659734,579.226704,578.759152,578.373711,577.961757,577.538074,577.130133,576.740292,576.326181,575.931576,575.542005,575.157147,574.775984,574.403014,574.033800,573.669109,573.311800,572.956598,572.630021,572.264977,571.929813,571.594196,571.267813,570.945747,570.629124,570.317215,570.012998,569.712538,569.418846,569.130683,568.834495,568.568018,568.300793,568.032480,567.772550,567.505844,567.280171,567.025814,566.789073,566.558450,566.327754,566.117028,565.903602,565.696719,565.491244,565.297825,565.111163,564.928866,564.747822,564.585309,564.426276,564.263971,564.115436,563.970205,563.838404,563.703486,563.578869,563.468551,563.349048,563.245496,563.149871,563.052346,562.973171,562.895157,562.825546,562.762429,562.708200,562.656564,562.613079,562.578494,562.545662,562.529139,562.519164,562.513510,562.509295,562.516891,562.532479,562.556210,562.580766,562.623080,562.669049,562.721361,562.781368,562.850191,562.925901,563.014160,563.103175,563.202038,563.309813,563.421434,563.547685,563.677836,563.819365,563.965148,564.122050,564.283977,564.457487,564.638412,564.827684,565.027749,565.232040,565.445216,565.668836,565.900542,566.140142,566.388970,566.647429,566.913617,567.189236,567.474761,567.768548,568.070950,568.383168,568.703815,569.033883,569.372553,569.720612,570.078231,570.445255,570.823063,571.209457,571.605294,572.011051,572.426256,572.851014,573.285242,573.729545,574.183912,574.648337,575.123107,575.607612,576.102239,576.607358,577.122900,577.648357,578.183953,578.730185,579.287170,579.854187,580.432337,581.020913,581.619697,582.229551,582.850666,583.482571,584.125248,584.779068,585.443978,586.120005,586.807338,587.506114,588.216184,588.937806,589.670584,590.415142,591.171222,591.939260,592.718843,593.510461,594.313499,595.128628,595.955841,596.795509,597.646859,598.510582,599.386367,600.274762,601.175650,602.088697,603.014788,603.953796,604.905060,605.869250,606.846126,607.835913,608.839079,609.854981,610.884334,611.926985,612.982797,614.052051,615.134488,616.230347,617.340022,618.463248,619.600263,620.751246,621.916009,623.095010,624.287845,625.494831,626.715929,627.951403,629.201299,630.465338,631.744289,633.037807,634.345829,635.668897,637.006815,638.359598,639.727387,641.110477,642.508533,643.922212,645.350966,646.795115,648.254858,649.730252,651.221266,652.728278,654.250961,655.789601,657.344427,658.915642,660.502746,662.106155,663.725947,665.362173,667.015003,668.684732,670.371023,672.074237,673.794306,675.531473,677.285701,679.057208,680.846186,682.652538,684.476262,686.317556,688.176626,690.053515,691.948207,693.860815,695.791545,697.740716,699.707969,701.693488,703.697348,705.720031,707.761286,709.821368,711.900294,713.998140,716.115057,718.250969,720.406423,722.581206,724.775431,726.989195,729.222681,731.475934,733.749012,736.042023,738.355307,740.688679,743.042367,745.416658,747.811149,750.226385,752.662352,755.119154,757.597244,760.096163,762.616134,765.157687,767.720259,770.304378,772.910098,775.537620,778.187127,780.858344,783.551609,786.267028,789.004883,791.765097,794.547699,797.352910,800.180999,803.031827,805.905680,808.802526,811.722640,814.666000,817.632713,820.623013,823.636889,826.674625,829.736248,832.821952,835.932074,839.066026,842.224459,845.407536,848.615064,851.847250,855.104188,858.386057,861.693347,865.025660,868.383471,871.766606,875.175345,878.609778,882.070038,885.556313,889.068690,892.607262,896.172161,899.763673,903.381484,907.026138,910.697574,914.396393,918.122164,921.874890,925.654999,929.462601,933.297737,937.160582,941.051583,944.970510,948.917373,952.892630,956.896112,960.928307,964.989146,969.078636,973.197059,977.344502,981.521221,985.727208,989.962480,994.227268,998.521807,1002.846355,1007.200718,1011.585144,1015.999868,1020.444978,1024.920443,1029.426605,1033.963441,1038.531153,1043.129993,1047.760188,1052.421399,1057.114277,1061.838484,1066.594685,1071.382436,1076.202427,1081.054239,1085.938482,1090.855238,1095.804251,1100.786080,1105.800517,1110.848133,1115.928561,1121.042190,1126.189157,1131.369657,1136.583711,1141.831630,1147.113320,1152.429032,1157.778934,1163.163185,1168.581791,1174.035222,1179.523111,1185.045976,1190.603762,1196.196734,1201.824865,1207.488368,1213.187513,1218.922251,1224.692771,1230.499239,1236.341792,1242.220598,1248.135732,1254.087265,1260.075529,1266.101118,1272.162989,1278.261982,1284.398190,1290.571703,1296.782655,1303.031206,1309.317640,1315.641699,1322.003897
641.856005,641.079137,640.304884,639.533220,638.763937,637.997135,637.233193,636.471856,635.713086,634.956955,634.114558,633.452956,632.704981,631.959595,631.216871,630.476916,629.746008,629.005497,628.273830,627.545104,626.819145,626.096185,625.374620,624.630642,623.994796,623.232425,622.523826,621.818232,621.115346,620.413565,619.719024,619.025769,618.334703,617.647163,616.963131,616.281963,615.602594,614.927440,614.255560,613.586782,612.918331,612.258805,611.599822,610.943813,610.292819,609.642160,608.996511,608.353238,607.713826,607.076728,606.444552,605.816745,605.191209,604.569105,603.950444,603.335192,602.722526,602.115789,601.502377,600.911105,600.267732,599.705441,599.129820,598.542589,597.958650,597.382532,596.807577,596.236212,595.668072,595.104896,594.544820,593.988765,593.435989,592.888200,592.344015,591.804213,591.267507,590.733538,590.207423,589.677807,589.155603,588.647263,588.141610,587.627529,587.122931,586.624839,586.128802,585.632148,585.152927,584.679697,584.193586,583.721968,583.251724,582.781979,582.326055,581.870114,581.415781,580.972119,580.530414,580.091655,579.661734,579.163864,578.806903,578.388447,577.974173,577.572037,577.157577,576.759012,576.363873,575.989377,575.588402,575.208058,574.832358,574.460033,574.096008,573.732205,573.379445,573.029309,572.683915,572.342957,572.008862,571.678346,571.354903,571.033467,570.721927,570.413191,570.110113,569.808011,569.520507,569.200018,568.952036,568.673846,568.404644,568.141480,567.882446,567.628803,567.381007,567.139008,566.903171,566.673112,566.448007,566.232208,566.017020,565.808509,565.612384,565.414935,565.225502,565.039989,564.866172,564.696437,564.532118,564.373691,564.222983,564.077689,563.938476,563.805015,563.663949,563.558287,563.445601,563.339130,563.238699,563.152318,563.057064,562.986813,562.904087,562.836160,562.778180,562.723342,562.674846,562.641541,562.604759,562.579483,562.555398,562.549201,562.548662,562.547491,562.553184,562.574028,562.599334,562.631510,562.667313,562.716849,562.771321,562.832610,562.901493,562.978490,563.062638,563.159725,563.255773,563.363098,563.480144,563.599350,563.732933,563.871373,564.019200,564.173424,564.339077,564.505615,564.687241,564.875451,565.071708,565.277994,565.490038,565.709848,565.939515,566.178411,566.423899,566.679386,566.943326,567.215659,567.497477,567.788528,568.087832,568.396434,568.713092,569.039615,569.374490,569.719089,570.071848,570.434267,570.806086,571.188168,571.579242,571.979507,572.389520,572.808703,573.237733,573.675954,574.123831,574.581615,575.049772,575.527695,576.015672,576.513384,577.021368,577.540005,578.067855,578.606242,579.154894,579.713901,580.283521,580.863465,581.454077,582.054907,582.666148,583.288711,583.921991,584.566054,585.220690,585.886681,586.563376,587.251362,587.950651,588.661130,589.382908,590.115860,590.860289,591.616105,592.383744,593.162782,593.953719,594.755883,595.570061,596.396154,597.234331,598.084512,598.946353,599.820596,600.706871,601.605733,602.516659,603.440199,604.376478,605.325113,606.286253,607.260260,608.246784,609.246208,610.258864,611.284441,612.322894,613.374864,614.439765,615.518011,616.609174,617.714016,618.832335,619.964104,621.109765,622.269154,623.442342,624.629463,625.830498,627.045372,628.274341,629.517634,630.775084,632.046943,633.333334,634.634131,635.949545,637.279747,638.624582,639.984290,641.358964,642.748691,644.153461,645.573537,647.008606,648.459069,649.925052,651.406307,652.903443,654.416002,655.944407,657.488715,659.049160,660.625382,662.217709,663.826186,665.450853,667.091931,668.749599,670.423863,672.114612,673.822161,675.546464,677.287688,679.045879,680.821392,682.613936,684.423839,686.250983,688.095680,689.957929,691.837790,693.735432,695.650854,697.584321,699.536000,701.505587,703.493253,705.499396,707.524010,709.567167,711.628901,713.709437,715.808673,717.926826,720.063904,722.220422,724.396050,726.590998,728.805339,731.039292,733.292740,735.566010,737.859012,740.172153,742.505238,744.858521,747.232130,749.625919,752.040258,754.475174,756.931021,759.407512,761.904930,764.423239,766.962978,769.523579,772.105569,774.709093,777.334186,779.981027,782.649469,785.339805,788.052130,790.786745,793.543541,796.322590,799.124148,801.948266,804.795019,807.664718,810.557251,813.472699,816.411311,819.373176,822.358332,825.367011,828.399344,831.455428,834.535542,837.639555,840.767500,843.919606,847.096294,850.297133,853.522528,856.772497,860.047373,863.347171,866.672046,870.022127,873.397379,876.798096,880.224305,883.676171,887.153912,890.657503,894.187110,897.742941,901.325007,904.933305,908.568258,912.229957,915.918633,919.634058,923.376366,927.145795,930.942561,934.766634,938.618290,942.497897,946.405223,950.340277,954.303541,958.294860,962.314770,966.362906,970.439618,974.545136,978.679337,982.842684,987.035142,991.256599,995.507414,999.787780,1004.097952,1008.437807,1012.807525,1017.207122,1021.637075,1026.097114,1030.587696,1035.108708,1039.660408,1044.243030,1048.856800,1053.501377,1058.177412,1062.884567,1067.623507,1072.393786,1077.196094,1082.030012,1086.896437,1091.794588,1096.725070,1101.688155,1106.683769,1111.712078,1116.773119,1121.867146,1126.994295,1132.154761,1137.348597,1142.576016,1147.837020,1153.131759,1158.460610,1163.823520,1169.220566,1174.652218,1180.118108,1185.618752,1191.154098,1196.724406,1202.329654,1207.970051,1213.645868,1219.357053,1225.103799,1230.886269,1236.704599,1242.558959,1248.449422,1254.376059,1260.339643,1266.339443,1272.375742,1278.448936,1284.559118,1290.706379,1296.890850,1303.112695,1309.372194,1315.669090,1322.003897
638.573382,637.817275,637.063845,636.312800,635.564156,634.783125,634.075169,633.334544,632.596458,631.861206,631.136224,630.398572,629.671166,628.946321,628.224358,627.505056,626.788659,626.074923,625.364010,624.654458,624.003006,623.248097,622.546780,621.851480,621.157643,620.466472,619.778290,619.091135,618.411563,617.731769,617.044290,616.382965,615.714231,615.045676,614.380901,613.719513,613.061648,612.407154,611.756305,611.107152,610.322317,609.819707,609.182647,608.545578,607.913565,607.283932,606.624866,606.033302,605.416723,604.705982,604.189025,603.563047,602.953869,602.378028,601.772850,601.179351,600.588315,599.953228,599.399469,598.835091,598.257847,597.683264,597.097661,596.538679,595.984912,595.426580,594.871008,594.320098,593.781352,593.254664,592.687612,592.151713,591.619752,591.091417,590.572865,590.046433,589.529828,589.016606,588.501415,588.004542,587.515092,587.007214,586.504345,586.027355,585.542352,585.063264,584.588374,584.117128,583.649678,583.164295,582.730620,582.271148,581.825675,581.380244,580.947607,580.502840,580.071462,579.643311,579.175182,578.801387,578.387715,577.979192,577.533573,577.174500,576.777263,576.382066,576.002317,575.621188,575.241402,574.813477,574.507482,574.144049,573.788626,573.435242,573.090180,572.747795,572.411284,572.072966,571.748331,571.431386,571.115130,570.803847,570.498255,570.197616,569.901936,569.607451,569.327394,569.048850,568.750445,568.503633,568.242986,567.983159,567.735851,567.486923,567.244462,567.006701,566.755210,566.556634,566.342734,566.125733,565.919860,565.718965,565.525650,565.329953,565.151828,564.971835,564.802514,564.638414,564.479200,564.327238,564.180305,564.039509,563.905939,563.777044,563.656430,563.542933,563.431452,563.328980,563.233279,563.143229,563.060314,562.981927,562.913793,562.849803,562.792787,562.743247,562.703779,562.663555,562.634224,562.611819,562.595477,562.582611,562.585878,562.592880,562.601342,562.616708,562.646463,562.681016,562.721062,562.766865,562.824962,562.888563,562.958235,563.035725,563.120880,563.213297,563.318906,563.421962,563.538305,563.663419,563.790522,563.931817,564.077962,564.232650,564.395018,564.569041,564.741548,564.929913,565.125368,565.328784,565.540640,565.760987,565.987233,566.223100,566.468736,566.720730,566.982311,567.251997,567.530835,567.818217,568.114479,568.419780,568.733825,569.056072,569.387887,569.728262,570.077688,570.435368,570.802549,571.178980,571.565070,571.961271,572.365868,572.780083,573.203270,573.636453,574.078715,574.530275,574.991608,575.463292,575.944374,576.435737,576.936470,577.447190,577.968682,578.499641,579.040503,579.591561,580.152983,580.724890,581.306845,581.899033,582.502185,583.114960,583.738799,584.373385,585.018826,585.674580,586.341855,587.019206,587.707766,588.407399,589.118426,589.840447,590.573476,591.317759,592.073522,592.840565,593.619227,594.409641,595.211084,596.024186,596.849313,597.686010,598.534910,599.395406,600.267840,601.152101,602.048881,602.957825,603.878678,604.812386,605.758624,606.716929,607.687920,608.671298,609.667461,610.676536,611.698321,612.733015,613.781036,614.841801,615.915605,617.002450,618.102449,619.215982,620.342765,621.483122,622.637179,623.804652,624.986130,626.181235,627.390155,628.612781,629.849632,631.100463,632.365323,633.644781,634.938383,636.246252,637.568928,638.906082,640.257833,641.624378,643.005742,644.401913,645.813283,647.239478,648.680756,650.137339,651.609214,653.096512,654.599294,656.117532,657.651403,659.201137,660.766936,662.348297,663.945636,665.558964,667.188524,668.834292,670.496624,672.175181,673.870324,675.582014,677.310396,679.055528,680.817608,682.596814,684.393001,686.206220,688.036695,689.884573,691.749872,693.632703,695.533048,697.451154,699.387360,701.341239,703.313040,705.302815,707.311044,709.337512,711.382354,713.445745,715.527600,717.628186,719.747387,721.885748,724.043053,726.219471,728.414927,730.629773,732.863994,735.117647,737.390838,739.683905,741.996661,744.329332,746.682205,749.054983,751.447883,753.861213,756.294969,758.749604,761.224526,763.720339,766.237190,768.774697,771.333220,773.912977,776.514112,779.136694,781.780782,784.446377,787.133694,789.842957,792.574113,795.327456,798.102822,800.900626,803.720776,806.563409,809.428638,812.316688,815.227499,818.161283,821.118165,824.098169,827.101576,830.128470,833.178847,836.253079,839.351063,842.472858,845.618831,848.788786,851.982929,855.201354,858.444141,861.712028,865.004426,868.321742,871.664048,875.031401,878.423965,881.841860,885.285303,888.754347,892.249096,895.769678,899.316380,902.888972,906.487735,910.112879,913.764781,917.443165,921.148263,924.880056,928.638859,932.424657,936.237640,940.078213,943.946160,947.841861,951.765180,955.716243,959.695500,963.702879,967.738387,971.802184,975.894677,980.015656,984.165584,988.344423,992.552062,996.788859,1001.055123,1005.350858,1009.675993,1014.030888,1018.415459,1022.830184,1027.274788,1031.749733,1036.254903,1040.790554,1045.356921,1049.954237,1054.582143,1059.241298,1063.931368,1068.653014,1073.405790,1078.190360,1083.006379,1087.854670,1092.734475,1097.646399,1102.590713,1107.567460,1112.576455,1117.618085,1122.692486,1127.799794,1132.940205,1138.113769,1143.320699,1148.560998,1153.834815,1159.142526,1164.484078,1169.859548,1175.269404,1180.713373,1186.191688,1191.704578,1197.252217,1202.834562,1208.451841,1214.104318,1219.791941,1225.514903,1231.273365,1237.067464,1242.897369,1248.763153,1254.664887,1260.603344,1266.577792,1272.588513,1278.635903,1284.720056,1290.841061,1296.999050,1303.194185,1309.426749,1315.696481,1322.003897
635.434814,634.546573,633.905524,633.175050,632.447206,631.721916,630.999179,630.279003,629.563518,628.846642,628.134342,627.428349,626.717751,626.013437,625.311912,624.595150,623.917058,623.223577,622.533166,621.845374,621.160380,620.478284,619.798868,619.122053,618.446314,617.777710,617.110480,616.433603,615.783110,615.124698,614.469211,613.815845,613.164989,612.518006,611.873817,611.187950,610.595392,609.964885,609.336085,608.701211,608.091635,607.454174,606.941090,606.219487,605.607114,604.995776,604.392520,603.790485,603.191164,602.607417,602.003324,601.414180,600.827257,600.233458,599.668417,599.093759,598.506793,597.953675,597.388990,596.824270,596.270618,595.716746,595.166580,594.620005,594.076655,593.537929,593.035994,592.463948,591.942009,591.418081,590.897572,590.337421,589.868047,589.359450,588.854710,588.325618,587.855554,587.363608,586.878733,586.385534,585.897335,585.431294,584.957461,584.489239,584.025121,583.564687,583.111504,582.656837,582.210363,581.756280,581.326493,580.891352,580.461026,580.034491,579.613316,579.195599,578.784832,578.373486,577.969296,577.570530,577.175784,576.785297,576.397219,576.017919,575.639186,575.268542,574.898817,574.479429,574.182960,573.828556,573.482179,573.140870,572.801227,572.467184,572.140574,571.809769,571.492781,571.183914,570.879907,570.568654,570.275598,569.970956,569.705462,569.410886,569.134713,568.821210,568.596786,568.335284,568.076764,567.812800,567.586366,567.355707,567.111310,566.881472,566.670613,566.459797,566.230230,566.023228,565.825249,565.628519,565.437853,565.260114,565.080529,564.907616,564.737863,564.582510,564.430069,564.280963,564.138503,564.031219,563.876181,563.754995,563.633839,563.524587,563.419645,563.321522,563.237299,563.143028,563.064663,562.992304,562.920588,562.866464,562.817468,562.759813,562.726261,562.699667,562.662954,562.646203,562.641419,562.627650,562.627402,562.636403,562.652617,562.670696,562.699458,562.734478,562.776871,562.826575,562.882629,562.947876,563.020066,563.097933,563.184177,563.276921,563.378289,563.492103,563.603488,563.727477,563.862476,563.995356,564.144677,564.298335,564.460873,564.630814,564.811846,564.992394,565.186600,565.388931,565.598972,565.817826,566.046097,566.278141,566.519916,566.772137,567.030453,567.297597,567.573821,567.858767,568.151792,568.453506,568.764277,569.084012,569.411671,569.748526,570.093986,570.448515,570.811675,571.183678,571.564795,571.954776,572.355642,572.764643,573.182773,573.610475,574.047407,574.493613,574.948970,575.413853,575.889001,576.373307,576.867792,577.371827,577.885654,578.409680,578.943641,579.486998,580.040556,580.604266,581.178208,581.762435,582.356745,582.961493,583.575945,584.201215,584.837375,585.483979,586.141106,586.808816,587.487334,588.176445,588.876842,589.588208,590.310403,591.043679,591.787985,592.543519,593.310286,594.088527,594.878259,595.679177,596.491258,597.315312,598.150882,598.998176,599.857312,600.727986,601.610658,602.505262,603.412152,604.330862,605.261991,606.205621,607.161153,608.129088,609.109545,610.102459,611.108058,612.126214,613.157378,614.201302,615.257883,616.327417,617.410062,618.505476,619.614201,620.736103,621.871302,623.019939,624.182153,625.357860,626.547340,627.750197,628.966773,630.197201,631.441490,632.699781,633.972147,635.258753,636.559478,637.874558,639.204112,640.548118,641.906550,643.279595,644.667457,646.070119,647.487717,648.920024,650.367416,651.830018,653.307687,654.800710,656.308949,657.832715,659.372113,660.927235,662.497905,664.084274,665.686489,667.304580,668.938821,670.589354,672.255897,673.938733,675.638045,677.353775,679.086085,680.835021,682.600968,684.383542,686.183157,687.999666,689.833377,691.684330,693.552462,695.438060,697.341081,699.261789,701.200348,703.156454,705.130274,707.122206,709.132241,711.160452,713.206868,715.271712,717.354882,719.456594,721.576851,723.716214,725.874215,728.051254,730.247189,732.462406,734.696726,736.950480,739.223572,741.516409,743.828794,746.160981,748.513089,750.884979,753.277016,755.689225,758.121955,760.574922,763.048405,765.542368,768.057344,770.592767,773.149162,775.726523,778.325327,780.945249,783.586464,786.249088,788.933271,791.639314,794.367106,797.116717,799.888323,802.682206,805.498224,808.336713,811.197534,814.080953,816.987059,819.915948,822.867690,825.842476,828.840476,831.861771,834.906639,837.974947,841.066641,844.182179,847.321796,850.485075,853.672442,856.883914,860.119668,863.380193,866.665086,869.974823,873.309224,876.668568,880.052943,883.462470,886.897364,890.357731,893.843516,897.355005,900.892430,904.455476,908.044680,911.659995,915.301984,918.970247,922.664774,926.385991,930.134004,933.908854,937.710713,941.539953,945.396560,949.280323,953.191772,957.130734,961.097697,965.092588,969.115412,973.166450,977.245786,981.353675,985.490105,989.655092,993.848866,998.071659,1002.323603,1006.604873,1010.915345,1015.255375,1019.625049,1024.024334,1028.453570,1032.912734,1037.402023,1041.921689,1046.471665,1051.052485,1055.663903,1060.305933,1064.978894,1069.683206,1074.418447,1079.185274,1083.983339,1088.813468,1093.674898,1098.568236,1103.493753,1108.451491,1113.441264,1118.463458,1123.518210,1128.605655,1133.725987,1138.879259,1144.065680,1149.285254,1154.538129,1159.824682,1165.144859,1170.498735,1175.886779,1181.308718,1186.764783,1192.255205,1197.780172,1203.339590,1208.933739,1214.562864,1220.226915,1225.926081,1231.660526,1237.430386,1243.235828,1249.076927,1254.953751,1260.867074,1266.816129,1272.801302,1278.822884,1284.881004,1290.975750,1297.107255,1303.275679,1309.481304,1315.723872,1322.003897
632.258077,631.542672,630.830033,630.119820,629.412208,628.707125,628.004697,627.304761,626.607324,625.912723,625.220721,624.531175,623.844418,623.160358,622.477551,621.800303,621.124258,620.449617,619.780756,619.113230,618.448196,617.785735,617.124277,616.470526,615.816401,615.165738,614.518648,613.875094,613.230935,612.591994,611.955903,611.322848,610.692659,610.066392,609.441594,608.828129,608.202726,607.604415,606.976862,606.335078,605.762891,605.160518,604.560342,603.963566,603.373280,602.784121,602.198280,601.615652,601.036484,600.460333,599.890154,599.318466,598.753154,598.173601,597.631803,597.076230,596.522959,595.957383,595.421022,594.888634,594.351144,593.816336,593.285571,592.802888,592.235728,591.715743,591.199444,590.687081,590.178995,589.673726,589.170220,588.675177,588.176995,587.699465,587.205588,586.725127,586.246581,585.783857,585.302212,584.837626,584.374121,583.917369,583.463876,583.013134,582.569456,582.127663,581.691611,581.248221,580.829035,580.404449,579.983670,579.567749,579.156600,578.748919,578.348297,577.946688,577.552971,577.163194,576.778781,576.415791,576.020443,575.648596,575.281606,574.917926,574.557319,574.207259,573.859434,573.513890,573.176533,572.842333,572.513431,572.187601,571.869668,571.546968,571.241022,570.937828,570.640721,570.338619,570.050331,569.756056,569.499411,569.212141,568.943357,568.662475,568.420944,568.166241,567.912443,567.672564,567.434381,567.204448,566.977137,566.754483,566.534852,566.327278,566.121262,565.922326,565.705210,565.539210,565.356559,565.179576,565.003267,564.842217,564.679472,564.526769,564.379359,564.237009,564.101656,563.970970,563.846101,563.729299,563.616815,563.509750,563.409971,563.315781,563.228494,563.147469,563.072536,563.011764,562.940578,562.882318,562.835578,562.792909,562.755551,562.725858,562.704520,562.685558,562.671098,562.671799,562.674320,562.684382,562.701968,562.724362,562.756781,562.793936,562.837195,562.890679,562.947021,563.013343,563.085492,563.166512,563.252432,563.347430,563.448371,563.558821,563.679820,563.799302,563.931038,564.073790,564.214574,564.371357,564.532508,564.702567,564.880558,565.066296,565.255459,565.457270,565.666071,565.882978,566.108306,566.343111,566.582366,566.830027,567.088142,567.353407,567.626591,567.908706,568.199278,568.498028,568.805566,569.121842,569.447068,569.780494,570.122201,570.472864,570.832289,571.200318,571.577146,571.962717,572.357484,572.762427,573.175939,573.598275,574.030077,574.470969,574.921055,575.380209,575.848661,576.326889,576.814958,577.312420,577.819606,578.336454,578.863153,579.399706,579.945914,580.501956,581.067829,581.644073,582.230286,582.826616,583.433089,584.049821,584.676295,585.313748,585.961545,586.619894,587.288482,587.968082,588.657784,589.358773,590.070575,590.793072,591.526540,592.270906,593.026175,593.792978,594.570617,595.359809,596.160000,596.971342,597.794187,598.628732,599.474674,600.332513,601.201428,602.082470,602.975088,603.879823,604.796517,605.725148,606.666058,607.619087,608.584172,609.561621,610.551358,611.553539,612.568260,613.595676,614.635698,615.688482,616.753910,617.832106,618.923136,620.027165,621.144251,622.274460,623.417841,624.574740,625.744783,626.928649,628.125686,629.336242,630.560384,631.798373,633.050062,634.315600,635.595252,636.888819,638.196606,639.518658,640.854835,642.205497,643.570516,644.950126,646.344220,647.753312,649.176795,650.615109,652.068421,653.536728,655.020244,656.518713,658.032472,659.561660,661.106074,662.666411,664.241991,665.833243,667.440129,669.062937,670.701859,672.356556,674.027396,675.714465,677.417742,679.137387,680.873446,682.626309,684.395569,686.181621,687.984443,689.804133,691.640964,693.494699,695.365680,697.253862,699.159525,701.082742,703.023369,704.981559,706.957360,708.951245,710.962983,712.992795,715.040749,717.106844,719.191151,721.293853,723.415284,725.555283,727.714016,729.891406,732.087821,734.303189,736.537622,738.791273,741.064272,743.356637,745.668521,748.000217,750.351417,752.722340,755.113293,757.524269,759.955720,762.407060,764.878863,767.371305,769.883990,772.417278,774.971385,777.546452,780.142547,782.759728,785.397993,788.057555,790.738636,793.441184,796.165487,798.911382,801.679282,804.469092,807.280949,810.114962,812.971356,815.850055,818.751308,821.675202,824.621769,827.591241,830.583785,833.599431,836.638417,839.700698,842.786332,845.895650,849.028555,852.185151,855.365662,858.570105,861.798809,865.051788,868.329212,871.631152,874.957625,878.308908,881.685022,885.086131,888.512450,891.963952,895.440802,898.943136,902.471166,906.024684,909.604179,913.209650,916.841593,920.499510,924.183586,927.894227,931.631354,935.395191,939.185841,943.003803,946.848736,950.720716,954.620202,958.547009,962.501749,966.483976,970.494066,974.532269,978.598388,982.692957,986.815872,990.967146,995.147009,999.355694,1003.593454,1007.860095,1012.155860,1016.480983,1020.835549,1025.219524,1029.633249,1034.076697,1038.550068,1043.053611,1047.587261,1052.151550,1056.746251,1061.371316,1066.027408,1070.714081,1075.431756,1080.180809,1084.960892,1089.772828,1094.615856,1099.490553,1104.397275,1109.335979,1114.306504,1119.309239,1124.344318,1129.412003,1134.512109,1139.645149,1144.810959,1150.009788,1155.241703,1160.507159,1165.805863,1171.138221,1176.504344,1181.904237,1187.338038,1192.805976,1198.308241,1203.844737,1209.415744,1215.021506,1220.661974,1226.337335,1232.047754,1237.793365,1243.574337,1249.390742,1255.242650,1261.130833,1267.054524,1273.014109,1279.009879,1285.041962,1291.110446,1297.215464,1303.357175,1309.535861,1315.751264,1322.003897
629.232950,628.531447,627.836339,627.146207,626.458580,625.773610,625.090971,624.468918,623.733690,623.058878,622.357083,621.715946,621.050537,620.386365,619.723225,619.066182,618.410099,617.756987,617.106203,616.455986,615.812951,615.171177,614.531137,613.894467,613.261466,612.631064,612.002504,611.376573,610.754365,610.134967,609.519692,608.905306,608.294990,607.687769,607.098018,606.483663,605.883977,605.289544,604.696872,604.107844,603.519504,602.938347,602.359993,601.765861,601.189215,600.647250,600.075046,599.510422,598.951798,598.395326,597.842835,597.292533,596.746356,596.232840,595.659972,595.127614,594.595093,594.065942,593.540229,593.017407,592.533831,591.984096,591.465999,590.964788,590.460379,589.959656,589.463270,588.976260,588.479616,587.994180,587.512503,587.026435,586.559267,586.096933,585.622351,585.160100,584.700100,584.246486,583.786758,583.348139,582.905428,582.466423,582.036617,581.597868,581.175392,580.746897,580.333662,579.919312,579.502480,579.103172,578.702033,578.255084,577.913546,577.521591,577.137052,576.714795,576.382913,576.010519,575.643779,575.281057,574.923743,574.573906,574.217550,573.865272,573.537664,573.200944,572.872363,572.546827,572.226334,571.909671,571.598073,571.292183,570.988909,570.692909,570.399915,570.109906,569.828756,569.554847,569.282949,569.015767,568.753618,568.496959,568.245979,567.998653,567.742230,567.501292,567.287987,567.067634,566.843519,566.629840,566.416089,566.188730,566.016159,565.828533,565.642322,565.454848,565.277841,565.102455,564.933237,564.780376,564.619670,564.471679,564.332958,564.197739,564.064654,563.938985,563.848178,563.707788,563.599959,563.497768,563.407529,563.314626,563.229844,563.153147,563.082600,563.017570,562.959462,562.905692,562.860987,562.820856,562.784531,562.761719,562.741666,562.725132,562.724966,562.718751,562.726143,562.738019,562.757397,562.784256,562.822038,562.856072,562.902556,562.955477,563.017956,563.083992,563.157800,563.238473,563.327288,563.422308,563.525530,563.634801,563.753132,563.882028,564.009492,564.149149,564.299579,564.447989,564.612447,564.780873,564.958456,565.143578,565.336583,565.534300,565.741507,565.956876,566.180730,566.412608,566.654740,566.899897,567.154086,567.418302,567.689935,567.968875,568.257033,568.553190,568.857354,569.170882,569.492936,569.822945,570.162010,570.508525,570.864826,571.229130,571.602038,571.983501,572.373801,572.773025,573.181503,573.600157,574.026515,574.462346,574.907017,575.361040,575.824190,576.296080,576.777811,577.269079,577.769652,578.279904,578.799675,579.329323,579.868506,580.417634,580.975973,581.544224,582.122569,582.710772,583.309175,583.917221,584.536045,585.163799,585.802626,586.451744,587.111376,587.781203,588.461566,589.152092,589.853462,590.565611,591.288608,592.022203,592.766682,593.521866,594.288267,595.065712,595.854111,596.653907,597.464440,598.286349,599.119676,599.964401,600.820866,601.688459,602.567608,603.458444,604.361104,605.275615,606.201747,607.140293,608.090777,609.053115,610.027444,611.014247,612.013208,613.024415,614.048154,615.084575,616.133417,617.194859,618.268822,619.355403,620.454862,621.567160,622.692454,623.830689,624.982414,626.147077,627.325223,628.516676,629.721346,630.939304,632.170970,633.416129,634.675199,635.947806,637.234459,638.535019,639.849621,641.178353,642.521351,643.878358,645.249719,646.635677,648.036141,649.451059,650.880504,652.324755,653.783876,655.257762,656.746704,658.250552,659.769662,661.304000,662.853869,664.418819,665.999241,667.595094,669.206645,670.833965,672.477248,674.136232,675.811159,677.502225,679.209390,680.932802,682.672524,684.428885,686.201615,687.990902,689.796842,691.619622,693.459298,695.315892,697.189434,699.080133,700.988189,702.913697,704.856420,706.816499,708.794331,710.789946,712.803293,714.834597,716.883811,718.951059,721.036479,723.140073,725.262378,727.402988,729.562238,731.740006,733.936674,736.152153,738.386504,740.639914,742.912616,745.204552,747.516023,749.846761,752.196950,754.566933,756.956691,759.366569,761.796282,764.246106,766.716005,769.206509,771.717051,774.248154,776.799868,779.372493,781.965879,784.580117,787.215387,789.871774,792.549590,795.248749,797.969277,800.711380,803.475330,806.261028,809.068614,811.898194,814.749993,817.623983,820.520314,823.439076,826.380394,829.344500,832.331509,835.341312,838.374463,841.430581,844.509963,847.612892,850.739171,853.889004,857.062478,860.259680,863.481366,866.726862,869.996658,873.290794,876.609327,879.952415,883.320178,886.712830,890.130422,893.573056,897.040856,900.534108,904.052580,907.596550,911.166226,914.761982,918.383540,922.031130,925.704730,929.404637,933.130879,936.883608,940.663119,944.469526,948.302845,952.163019,956.050467,959.965091,963.907406,967.877041,971.874345,975.899544,979.952515,984.033716,988.143110,992.280582,996.446489,1000.641020,1004.864429,1009.116589,1013.397597,1017.707711,1022.047160,1026.415753,1030.813926,1035.241621,1039.699036,1044.186421,1048.704000,1053.251430,1057.829359,1062.437447,1067.076356,1071.745639,1076.445717,1081.176966,1085.939196,1090.732752,1095.557350,1100.413406,1105.301281,1110.220922,1115.172175,1120.155425,1125.170809,1130.218585,1135.298569,1140.411274,1145.556534,1150.734599,1155.945534,1161.189796,1166.467089,1171.777918,1177.122099,1182.499931,1187.911452,1193.357020,1198.836442,1204.350004,1209.897856,1215.480245,1221.097118,1226.748665,1232.435048,1238.156402,1243.912895,1249.704599,1255.531583,1261.394621,1267.292943,1273.226935,1279.196889,1285.202931,1291.245150,1297.323677,1303.438673,1309.590420,1315.778656,1322.003897
626.272308,625.600808,624.923986,624.253722,623.585851,622.920442,622.257626,621.597432,620.939773,620.291643,619.632509,618.982625,618.333928,617.690915,617.049432,616.410095,615.773690,615.137763,614.509387,613.880389,613.254793,612.632807,612.014463,611.395317,610.780808,610.017496,609.560930,608.955205,608.353503,607.752681,607.155898,606.674895,605.971297,605.384835,604.798502,604.115651,603.637762,603.061930,602.486836,601.920178,601.334889,600.802650,600.229903,599.673252,599.119715,598.557968,598.021941,597.479056,596.921791,596.400443,595.866527,595.335908,594.815400,594.274881,593.764576,593.247646,592.733976,592.259073,591.727000,591.213746,590.714133,590.218034,589.725579,589.236545,588.751385,588.269668,587.791346,587.405771,586.846856,586.379122,585.916006,585.386393,584.997953,584.540206,584.101398,583.658727,583.210445,582.782028,582.360058,581.921794,581.502826,581.075060,580.661297,580.243976,579.841164,579.440311,579.036749,578.640976,578.250061,577.862268,577.481364,577.099104,576.724431,576.354712,576.035052,575.626415,575.262891,574.915775,574.585715,574.227324,573.879757,573.548535,573.217923,572.891899,572.570175,572.237417,571.938336,571.633478,571.330443,571.060374,570.738152,570.447210,570.166164,569.883295,569.612919,569.343733,569.079802,568.820330,568.564327,568.316341,568.071336,567.833042,567.598569,567.366713,567.144149,566.929198,566.713382,566.504580,566.301906,566.103963,565.912431,565.724551,565.543703,565.367346,565.196735,565.031303,564.876095,564.715740,564.569246,564.425586,564.285729,564.156662,564.023681,563.911594,563.797611,563.689412,563.583922,563.489790,563.407073,563.298422,563.234638,563.162152,563.095894,563.035434,562.980454,562.932668,562.886294,562.854540,562.829384,562.801079,562.784649,562.778146,562.769524,562.772384,562.780650,562.796260,562.812530,562.846640,562.886533,562.929535,562.971588,563.026980,563.090016,563.161622,563.236274,563.318227,563.407232,563.503892,563.607480,563.718780,563.835743,563.962470,564.099349,564.234638,564.382334,564.540304,564.696037,564.867870,565.043993,565.228920,565.420971,565.619081,565.825542,566.040018,566.262309,566.492627,566.730875,566.979787,567.231555,567.491670,567.761701,568.039897,568.324568,568.618905,568.920716,569.230824,569.549776,569.876842,570.212208,570.556561,570.908408,571.269636,571.638928,572.016561,572.403233,572.798036,573.201862,573.614064,574.037053,574.467830,574.907458,575.356347,575.813987,576.280786,576.756532,577.241437,577.736013,578.239862,578.753078,579.275945,579.808268,580.350189,580.901818,581.462635,582.033321,582.613864,583.204155,583.804533,584.414553,585.034795,585.664425,586.304562,586.954963,587.615703,588.286541,588.967513,589.658987,590.361108,591.073792,591.797113,592.530944,593.275419,594.030671,594.796714,595.573898,596.361788,597.160962,597.970775,598.791897,599.624087,600.467586,601.322641,602.188914,603.066181,603.955408,604.855922,605.768338,606.692542,607.628296,608.576177,609.535920,610.507447,611.491225,612.486829,613.494897,614.514983,615.547848,616.592645,617.650322,618.719974,619.802484,620.897340,622.005040,623.125507,624.258806,625.405201,626.564679,627.737194,628.923002,630.121843,631.333991,632.559369,633.798250,635.050705,636.316638,637.596407,638.889851,640.197243,641.518545,642.853719,644.203084,645.566525,646.944259,648.336267,649.742810,651.163529,652.598786,654.048730,655.513471,656.992923,658.487207,659.996292,661.520590,663.059803,664.614627,666.184392,667.769489,669.369914,670.985987,672.617769,674.265044,675.928139,677.607138,679.302016,681.012934,682.739935,684.483438,686.242944,688.018935,689.811359,691.620312,693.446064,695.288378,697.147594,699.023664,700.916866,702.827274,704.754739,706.699414,708.661346,710.641004,712.638212,714.653024,716.685671,718.736094,720.804365,722.890662,724.995364,727.118174,729.259390,731.418888,733.597035,735.793756,738.009151,740.243406,742.496615,744.768803,747.060123,749.370866,751.700723,754.049911,756.418733,758.807255,761.215710,763.643727,766.091804,768.560117,771.048268,773.556616,776.085373,778.634681,781.204523,783.795214,786.406460,789.038602,791.691814,794.366131,797.061702,799.778518,802.516900,805.276626,808.058208,810.861394,813.686527,816.533530,819.402649,822.293970,825.207522,828.143537,831.102141,834.083426,837.087667,840.114702,843.164638,846.237781,849.334102,852.453634,855.596623,858.763082,861.953342,865.167427,868.405461,871.667558,874.953742,878.264221,881.599079,884.958438,888.342507,891.751392,895.185034,898.643718,902.127673,905.636667,909.170979,912.730814,916.316600,919.928047,923.565102,927.228129,930.917269,934.632561,938.374173,942.142476,945.937454,949.758894,953.607321,957.482563,961.385105,965.314871,969.271865,973.256246,977.268448,981.308186,985.376039,989.471733,993.595398,997.747303,1001.927752,1006.136748,1010.374216,1014.640514,1018.935556,1023.259816,1027.613018,1031.995620,1036.407505,1040.848926,1045.320115,1049.821303,1054.352124,1058.913247,1063.504325,1068.126018,1072.777879,1077.460594,1082.173744,1086.918152,1091.693239,1096.499403,1101.336983,1106.205765,1111.106320,1116.038276,1121.002019,1125.997682,1131.025527,1136.085368,1141.177716,1146.302406,1151.459687,1156.649624,1161.872673,1167.128537,1172.417723,1177.740043,1183.095798,1188.485091,1193.908082,1199.364877,1204.855390,1210.380076,1215.939079,1221.532348,1227.160070,1232.822407,1238.519496,1244.251502,1250.018497,1255.820552,1261.658437,1267.531384,1273.439779,1279.383912,1285.363910,1291.379860,1297.431895,1303.520174,1309.644979,1315.806048,1322.003897
623.401629,622.745710,622.092471,621.441593,620.793159,620.147301,619.502443,618.863407,618.225413,617.588219,616.956783,616.326309,615.698958,615.073702,614.448982,613.831463,613.214980,612.599941,611.988124,611.379981,610.774234,610.016471,609.569085,608.971319,608.376382,607.785201,607.195872,606.608637,605.990390,605.444559,604.868956,604.292566,603.721255,603.151972,602.586100,602.021933,601.461924,600.907407,600.366782,599.803171,599.255865,598.711875,598.175152,597.631806,597.098574,596.550128,596.039149,595.423966,594.992764,594.453370,593.958425,593.447325,592.939750,592.434992,591.933217,591.434591,590.940238,590.441870,589.960957,589.476625,588.996050,588.518934,588.051549,587.571799,587.198059,586.639811,586.194003,585.729215,585.278038,584.829917,584.381381,583.934480,583.506788,583.074929,582.644572,582.218564,581.773219,581.380947,580.968174,580.558834,580.152067,579.749644,579.352002,578.961466,578.567620,578.183348,577.750462,577.423495,577.048891,576.679653,576.314627,575.953999,575.617981,575.245549,574.897607,574.553218,574.214187,573.883337,573.544705,573.222528,572.900952,572.583665,572.270821,571.962523,571.656267,571.359938,571.065074,570.804376,570.489614,570.205203,569.933949,569.663177,569.396729,569.135894,568.878842,568.627320,568.379322,568.138217,567.864775,567.669876,567.442713,567.215419,567.002424,566.790171,566.598837,566.384905,566.188617,565.993074,565.830690,565.630705,565.456457,565.285143,565.122782,564.961266,564.805645,564.653650,564.518026,564.379490,564.243297,564.121069,564.002552,563.884397,563.776952,563.701780,563.575312,563.484021,563.397426,563.322620,563.244783,563.174467,563.112305,563.056404,563.006314,562.970329,562.923184,562.888899,562.865748,562.846275,562.831652,562.824882,562.831152,562.825005,562.836760,562.867654,562.884577,562.914318,562.953525,562.996934,563.047642,563.105140,563.168750,563.240105,563.318708,563.403466,563.493916,563.591588,563.692624,563.808018,563.929983,564.052493,564.187187,564.331705,564.477116,564.630253,564.795829,564.958825,565.138255,565.321482,565.513763,565.713011,565.917876,566.131414,566.353057,566.581452,566.818637,567.063283,567.318286,567.576924,567.843802,568.119419,568.403667,568.694585,568.994529,569.301853,569.617552,569.941750,570.274597,570.615601,570.964867,571.322354,571.688167,572.062205,572.444921,572.836155,573.235497,573.643514,574.060267,574.487255,574.922368,575.365899,575.818595,576.280057,576.750453,577.229860,577.718113,578.215923,578.723070,579.239314,579.764990,580.300179,580.844842,581.398866,581.962326,582.535416,583.118020,583.710317,584.312895,584.924678,585.546281,586.178124,586.819387,587.471002,588.132794,588.804892,589.486698,590.179319,590.881723,591.594943,592.318567,593.052711,593.797374,594.552611,595.318447,596.095389,596.882815,597.681330,598.490624,599.310729,600.141874,600.984228,601.837629,602.702742,603.578649,604.466002,605.364640,606.274952,607.196954,608.130226,609.075746,610.032779,611.001575,611.982214,612.974866,613.979638,614.996240,616.025487,617.066626,618.120254,619.186038,620.264123,621.354737,622.457880,623.573575,624.702092,625.843248,626.997632,628.164624,629.344865,630.538115,631.744431,632.963775,634.196302,635.442307,636.701796,637.974663,639.261168,640.561529,641.875430,643.203117,644.544893,645.900402,647.269968,648.653873,650.051931,651.464179,652.890657,654.331646,655.787236,657.257347,658.742011,660.241467,661.755864,663.284992,664.829475,666.388727,667.963141,669.552672,671.157586,672.778185,674.413923,676.065343,677.732371,679.415193,681.113803,682.828325,684.558960,686.305644,688.068494,689.847567,691.642958,693.454891,695.283261,697.128317,698.990015,700.868414,702.763873,704.676436,706.605864,708.552298,710.516131,712.497366,714.496034,716.512271,718.546058,720.597518,722.666786,724.753864,726.859285,728.982700,731.124272,733.284045,735.462345,737.659090,739.874309,742.108218,744.361078,746.632708,748.923529,751.233232,753.561996,755.910164,758.277715,760.665059,763.071711,765.498142,767.944248,770.410560,772.896506,775.402608,777.928916,780.475629,783.042888,785.630490,788.238711,790.867632,793.517566,796.188269,798.880231,801.593190,804.327571,807.083275,809.860438,812.659166,815.479682,818.321907,821.186134,824.072308,826.980598,829.911237,832.864276,835.839786,838.838057,841.859008,844.902694,847.969476,851.059155,854.171933,857.307998,860.467365,863.650360,866.856995,870.087438,873.341756,876.620039,879.922338,883.248878,886.599797,889.975258,893.375247,896.799927,900.249431,903.723971,907.223334,910.748008,914.297989,917.873772,921.474855,925.101422,928.753876,932.432135,936.136423,939.866838,943.623847,947.407191,951.216881,955.053371,958.916487,962.806837,966.723975,970.668272,974.639979,978.638894,982.665551,986.719843,990.801781,994.911593,999.049509,1003.215657,1007.410211,1011.633043,1015.884508,1020.164517,1024.473547,1028.811424,1033.178292,1037.574347,1041.999837,1046.454694,1050.939448,1055.453636,1059.997915,1064.571948,1069.176393,1073.810800,1078.475857,1083.171141,1087.897546,1092.654287,1097.441965,1102.260850,1107.110865,1111.992173,1116.904807,1121.849017,1126.824938,1131.832762,1136.872505,1141.944475,1147.048574,1152.185051,1157.353971,1162.555789,1167.790207,1173.057793,1178.358177,1183.691839,1189.058823,1194.459290,1199.893244,1205.360895,1210.862510,1216.398009,1221.967662,1227.571550,1233.209833,1238.882647,1244.590158,1250.332438,1256.109556,1261.922283,1267.769849,1273.652641,1279.570949,1285.524899,1291.514578,1297.540118,1303.601678,1309.699539,1315.833441,1322.003897
620.589736,619.975103,619.340982,618.707826,618.080315,617.453657,616.828107,616.208331,615.589437,614.973363,614.359252,613.736138,613.137508,612.534401,611.930457,611.329751,610.732601,609.982282,609.544058,608.954024,608.367024,607.782683,607.201220,606.623539,606.046614,605.473559,604.903189,604.336184,603.773563,603.210328,602.652221,602.095715,601.542743,600.990921,600.446267,599.902725,599.361991,598.823986,598.289363,597.757995,597.228166,596.702984,596.182176,595.695403,595.147433,594.635240,594.122806,593.618226,593.115776,592.617325,592.121058,591.628142,591.138629,590.662230,590.169251,589.689754,589.213669,588.740878,588.271877,587.806240,587.343391,586.976535,586.428899,585.977442,585.522520,585.084865,584.652229,584.207221,583.772905,583.342956,582.916522,582.495321,582.076144,581.661839,581.251286,580.844158,580.441492,580.042920,579.616545,579.264776,578.866816,578.483213,578.102747,577.728234,577.355734,576.988221,576.623607,576.264038,575.908423,575.557362,575.210946,574.867878,574.527814,574.194224,573.864121,573.542628,573.212969,572.899816,572.587176,572.278578,571.974497,571.701840,571.376358,571.089647,570.784096,570.521850,570.244134,569.967674,569.704782,569.442071,569.183405,568.927531,568.681079,568.437139,568.197991,567.963241,567.697259,567.510354,567.289798,567.072729,566.865053,566.658452,566.476756,566.265208,566.068936,565.891696,565.712526,565.538867,565.370632,565.181929,565.049046,564.894315,564.746688,564.599050,564.467476,564.335449,564.208884,564.085748,563.972817,563.862457,563.759947,563.661372,563.568986,563.483151,563.401139,563.332640,563.239545,563.191895,563.133292,563.089751,563.034134,562.994918,562.960853,562.934371,562.910278,562.893594,562.879649,562.879980,562.882966,562.889283,562.906175,562.926277,562.954274,562.988028,563.027610,563.074868,563.131887,563.187730,563.249415,563.325908,563.405811,563.493417,563.583196,563.684836,563.788760,563.900742,564.024132,564.154322,564.285643,564.427295,564.578677,564.732410,564.893209,565.066788,565.236723,565.423628,565.614109,565.813623,566.019558,566.231552,566.452179,566.679213,566.915428,567.159107,567.410274,567.670226,567.936599,568.209606,568.491139,568.781854,569.078530,569.383493,569.697371,570.018710,570.348152,570.686153,571.032627,571.386919,571.749565,572.120253,572.499013,572.886549,573.282243,573.686480,574.098712,574.520177,574.950647,575.390018,575.837660,576.294032,576.759143,577.233441,577.716482,578.208009,578.709140,579.219391,579.738586,580.267158,580.805143,581.352672,581.909168,582.475334,583.050460,583.635317,584.229763,584.834059,585.448109,586.071299,586.704687,587.347306,588.000323,588.663246,589.336423,590.019397,590.712711,591.415796,592.129373,592.853497,593.587806,594.332679,595.087862,595.853639,596.630274,597.417499,598.215220,599.023783,599.843083,600.673194,601.514375,602.366718,603.230221,604.104885,604.990237,605.887171,606.795424,607.715232,608.646405,609.589308,610.543804,611.509855,612.487646,613.477249,614.478768,615.492089,616.517667,617.555215,618.604713,619.666870,620.740834,621.827181,622.925816,624.036869,625.160545,626.296698,627.445842,628.607679,629.782472,630.970135,632.170577,633.384049,634.610376,635.850071,637.103055,638.369229,639.648994,640.942122,642.249027,643.569352,644.903562,646.251374,647.613039,648.988807,650.378481,651.782450,653.200295,654.632464,656.079055,657.539966,659.015248,660.505206,662.009651,663.528943,665.063203,666.612192,668.176046,669.754874,671.348862,672.958394,674.582778,676.222641,677.877957,679.548861,681.235336,682.937528,684.655613,686.389607,688.139407,689.905346,691.687412,693.485675,695.300394,697.131337,698.978845,700.842866,702.723701,704.621352,706.535737,708.466985,710.415142,712.380715,714.363405,716.363425,718.380845,720.415722,722.468089,724.538121,726.626053,728.732012,730.855869,732.997640,735.157691,737.335943,739.532497,741.747534,743.981149,746.233364,748.504331,750.794339,753.103076,755.430758,757.777686,760.143926,762.529707,764.934657,767.359272,769.803416,772.267620,774.751309,777.255007,779.778851,782.322880,784.887180,787.471800,790.076844,792.702546,795.348938,798.016168,800.704225,803.413428,806.143552,808.895127,811.667792,814.462045,817.277775,820.115180,822.974331,825.855293,828.758255,831.683380,834.630805,837.600605,840.592888,843.607465,846.644819,849.705176,852.788115,855.894059,859.023019,862.175085,865.350998,868.550111,871.772926,875.019315,878.289536,881.583670,884.901836,888.244243,891.610996,895.002033,898.417636,901.858034,905.322995,908.812792,912.327632,915.867847,919.433278,923.024030,926.640120,930.281842,933.949222,937.642410,941.361614,945.107200,948.878928,952.676821,956.501299,960.352235,964.230217,968.134797,972.066347,976.025116,980.010902,984.024239,988.065018,992.133250,996.229162,1000.352985,1004.504968,1008.684916,1012.893068,1017.129657,1021.394763,1025.688351,1030.010759,1034.361958,1038.742145,1043.151567,1047.590155,1052.058439,1056.556082,1061.083360,1065.640324,1070.227479,1074.844402,1079.491744,1084.169158,1088.877463,1093.615896,1098.385060,1103.185224,1108.016427,1112.878480,1117.771767,1122.696421,1127.652576,1132.640423,1137.660012,1142.711550,1147.795038,1152.910693,1158.058677,1163.239145,1168.452100,1173.698008,1178.976499,1184.288087,1189.632715,1195.010642,1200.421841,1205.866519,1211.344944,1216.857036,1222.403062,1227.983105,1233.597324,1239.245855,1244.928863,1250.646420,1256.398594,1262.186157,1268.008337,1273.865522,1279.758000,1285.685898,1291.649302,1297.648345,1303.683184,1309.754101,1315.860834,1322.003897
617.901617,617.282665,616.669152,616.056562,615.444847,614.838963,614.234325,613.631708,613.031638,612.432217,611.840176,611.247288,610.657689,610.070675,609.487054,608.905894,608.324386,607.748937,607.175311,606.604437,606.046038,605.470893,604.908312,604.348334,603.791202,603.238890,602.685839,602.137837,601.591633,601.048497,600.508995,599.968905,599.437434,598.855453,598.384930,597.853469,597.331170,596.812257,596.294888,595.783308,595.164099,594.767793,594.272490,593.763407,593.266184,592.760294,592.280811,591.793881,591.309538,590.834385,590.350225,589.875771,589.397813,588.890452,588.472545,588.011316,587.553897,587.106545,586.740260,586.199940,585.751021,585.324750,584.879200,584.444549,584.021654,583.586136,583.155957,582.746508,582.331676,581.913735,581.515323,581.119684,580.708922,580.317159,579.916393,579.531332,579.135469,578.763777,578.386199,578.009118,577.642279,577.226487,576.914749,576.556773,576.202325,575.852505,575.506626,575.164749,574.827929,574.503319,574.163389,573.858919,573.518077,573.205828,572.873057,572.580774,572.277066,571.977276,571.681749,571.390858,571.102260,570.822629,570.525660,570.284515,570.002776,569.736769,569.478923,569.227313,568.973712,568.712873,568.486466,568.250522,568.018904,567.791358,567.532447,567.352352,567.140241,566.932513,566.726594,566.530213,566.341436,566.150787,565.968826,565.790269,565.616942,565.450106,565.292086,565.139703,564.970419,564.831671,564.689226,564.555084,564.418250,564.296223,564.175003,564.055735,563.949839,563.844714,563.746697,563.654339,563.565651,563.483526,563.411005,563.337595,563.276406,563.213962,563.158511,563.110879,563.068792,563.032777,563.011653,562.975876,562.958613,562.947505,562.941507,562.933535,562.946069,562.962367,562.975413,563.004804,563.028748,563.067189,563.108972,563.158154,563.214712,563.275941,563.346080,563.419970,563.500707,563.588970,563.683806,563.781851,563.892763,564.002450,564.125192,564.256034,564.394517,564.533616,564.683087,564.840854,565.003449,565.171958,565.350664,565.530021,565.724096,565.921917,566.128395,566.341588,566.560240,566.786852,567.021168,567.264129,567.514624,567.771914,568.037395,568.310639,568.589998,568.877339,569.174145,569.476687,569.787505,570.106910,570.433754,570.767922,571.111877,571.463604,571.822725,572.190449,572.565623,572.949895,573.342054,573.742555,574.151060,574.567740,574.993218,575.427494,575.871227,576.323005,576.783040,577.252181,577.729794,578.216426,578.711588,579.215912,579.729041,580.251479,580.782806,581.323649,581.874018,582.432753,583.001141,583.578927,584.166031,584.762437,585.368742,585.984618,586.609489,587.244284,587.888828,588.542910,589.207028,589.881077,590.565213,591.259048,591.963008,592.677240,593.401652,594.136416,594.881394,595.636634,596.402287,597.178370,597.965533,598.762693,599.570630,600.389161,601.218346,602.058511,602.909535,603.771576,604.644822,605.528701,606.423772,607.329947,608.247706,609.176734,610.117015,611.069018,612.032369,613.007456,613.993914,614.992438,616.002538,617.024486,618.058571,619.104387,620.162494,621.232339,622.314414,623.408817,624.515322,625.634238,626.765612,627.909555,629.066313,630.235600,631.417815,632.612614,633.820320,635.040622,636.274055,637.520586,638.780244,640.053234,641.339524,642.639265,643.952444,645.279117,646.619466,647.973333,649.341084,650.722699,652.118230,653.527691,654.951095,656.388727,657.840648,659.306806,660.787328,662.282176,663.791679,665.315625,666.854691,668.408219,669.976542,671.559705,673.158108,674.771554,676.400010,678.043811,679.702894,681.377469,683.067510,684.773144,686.494679,688.231718,689.984690,691.753593,693.538466,695.339595,697.156739,698.990260,700.840127,702.706359,704.589266,706.488958,708.405127,710.338048,712.288003,714.254959,716.239025,718.240308,720.258786,722.294583,724.347831,726.418574,728.507212,730.613526,732.737632,734.879593,737.039675,739.217852,741.414132,743.628729,745.861902,748.113467,750.383849,752.672730,754.980400,757.306873,759.652452,762.017438,764.401342,766.804635,769.227210,771.669596,774.131220,776.612603,779.113792,781.634983,784.176320,786.737592,789.319077,791.920855,794.543234,797.185984,799.849551,802.533713,805.238879,807.964830,810.712058,813.480308,816.269921,819.080816,821.913286,824.767272,827.642943,830.540528,833.460040,836.401611,839.365568,842.351713,845.360150,848.391205,851.444780,854.520971,857.620000,860.741878,863.886933,867.055188,870.246762,873.461769,876.700229,879.962348,883.248209,886.557941,889.891782,893.249674,896.631757,900.038200,903.469277,906.924739,910.404860,913.909845,917.440203,920.995246,924.575604,928.181119,931.812101,935.468531,939.150591,942.858683,946.592771,950.352673,954.138671,957.951101,961.790007,965.655447,969.547420,973.466085,977.411872,981.384474,985.384531,989.411702,993.466138,997.548104,1001.657788,1005.795439,1009.960928,1014.154350,1018.375959,1022.625951,1026.904227,1031.211126,1035.546618,1039.910898,1044.304215,1048.726721,1053.178276,1057.659321,1062.169582,1066.709716,1071.279277,1075.878682,1080.508304,1085.167792,1089.857968,1094.578065,1099.328687,1104.110103,1108.922351,1113.765240,1118.639156,1123.544231,1128.480596,1133.448444,1138.447823,1143.478942,1148.541799,1153.636540,1158.763539,1163.922740,1169.114214,1174.338428,1179.595011,1184.884476,1190.206766,1195.562140,1200.950569,1206.372262,1211.827485,1217.316157,1222.838547,1228.394735,1233.984882,1239.609120,1245.267618,1250.960444,1256.687668,1262.450060,1268.246849,1274.078421,1279.945098,1285.846907,1291.784034,1297.756576,1303.764693,1309.808663,1315.888227,1322.003897
615.271294,614.670948,614.076327,613.482515,612.891554,612.302638,611.714334,611.082734,610.552190,609.972823,609.396747,608.824119,608.253576,607.683308,607.118312,606.555039,606.000920,605.446256,604.882977,604.346620,603.780246,603.233244,602.689646,602.149919,601.609801,601.074768,600.541353,600.010954,599.481062,598.958229,598.414795,597.926127,597.404130,596.891525,596.367409,595.875293,595.403829,594.853942,594.374134,593.879461,593.387887,592.880710,592.414571,591.930669,591.492412,590.978083,590.505631,590.036215,589.580366,589.099967,588.647731,588.191432,587.738446,587.288709,586.843215,586.496672,585.959323,585.522471,585.089919,584.653608,584.235142,583.820006,583.393214,582.978606,582.566106,582.156878,581.752550,581.352830,580.954062,580.572410,580.172221,579.791398,579.401375,579.024496,578.644483,578.273678,577.910917,577.546854,577.186713,576.830873,576.479070,576.130435,575.785629,575.445682,575.109308,574.777095,574.449286,574.134202,573.803424,573.488167,573.176436,572.868005,572.561139,572.265981,571.970826,571.680157,571.393369,571.110905,570.830778,570.560352,570.312777,570.026772,569.764871,569.506837,569.257047,569.013528,568.767764,568.513939,568.308749,568.067506,567.843579,567.623987,567.371524,567.198459,566.994526,566.793795,566.578616,566.405696,566.219414,566.040952,565.864739,565.693706,565.495381,565.365543,565.209857,565.060063,564.912655,564.774736,564.635637,564.503586,564.374689,564.261090,564.144733,564.032245,563.929508,563.834343,563.736650,563.648564,563.573188,563.489107,563.419022,563.353373,563.300701,563.221441,563.188875,563.144748,563.116263,563.073972,563.049209,563.028838,563.013187,563.024764,563.003112,563.006721,563.014442,563.029866,563.059039,563.074074,563.111892,563.152199,563.196349,563.248335,563.305948,563.376005,563.447626,563.517477,563.602340,563.691951,563.787559,563.890335,563.998990,564.117169,564.237634,564.369395,564.504746,564.650640,564.797766,564.954861,565.117088,565.290288,565.466178,565.652255,565.839025,566.040126,566.245250,566.458496,566.678629,566.904246,567.137431,567.378285,567.627795,567.884821,568.148374,568.419973,568.700213,568.985202,569.277947,569.580599,569.889354,570.205840,570.530921,570.863185,571.202731,571.551754,571.908477,572.272976,572.645489,573.025868,573.414404,573.811406,574.216589,574.629534,575.050943,575.480289,575.918397,576.366320,576.822124,577.285887,577.758751,578.239927,578.729902,579.228630,579.736165,580.252393,580.777744,581.312053,581.855596,582.408284,582.969985,583.540747,584.121153,584.710145,585.308699,585.916719,586.534501,587.161191,587.797499,588.443656,589.098987,589.764320,590.439479,591.124526,591.819266,592.524054,593.238683,593.963385,594.698482,595.443757,596.199031,596.964540,597.740519,598.527031,599.324002,600.131191,600.949009,601.777431,602.616319,603.466221,604.326965,605.198611,606.081164,606.974412,607.878724,608.794319,609.721200,610.659148,611.608604,612.569537,613.541760,614.525283,615.520734,616.527548,617.546154,618.576630,619.618878,620.673036,621.738991,622.816916,623.907101,625.009102,626.123341,627.249930,628.388901,629.540419,630.704588,631.881159,633.070563,634.272518,635.486947,636.714177,637.954467,639.207786,640.474072,641.753562,643.046255,644.352418,645.671791,647.004641,648.350880,649.710691,651.084379,652.471673,653.872849,655.287705,656.716608,658.159625,659.616680,661.087921,662.573243,664.073167,665.587292,667.116218,668.659587,670.217488,671.790074,673.377515,674.980260,676.597416,678.229821,679.877338,681.540176,683.218205,684.911665,686.620745,688.345325,690.085496,691.841356,693.613080,695.400715,697.204397,699.024098,700.859860,702.711887,704.580394,706.465377,708.366756,710.284657,712.219186,714.170654,716.138976,718.124269,720.126611,722.146061,724.182646,726.236543,728.307983,730.397149,732.503739,734.627938,736.770054,738.930043,741.107892,743.303894,745.518102,747.750538,750.001503,752.270834,754.558706,756.865057,759.190318,761.534510,763.897855,766.279983,768.681388,771.101932,773.542144,776.001448,778.480365,780.979093,783.497482,786.035804,788.594021,791.172302,793.770724,796.389599,799.028833,801.688461,804.368752,807.069704,809.791661,812.534192,815.297863,818.082741,820.888781,823.716166,826.564922,829.435248,832.327307,835.241232,838.176907,841.134885,844.114776,847.116880,850.141546,853.188349,856.257712,859.349743,862.464463,865.602219,868.762953,871.946860,875.154033,878.384541,881.638433,884.915931,888.217170,891.542364,894.891339,898.264412,901.661664,905.083301,908.529110,911.999576,915.494693,919.014953,922.559851,926.129571,929.724511,933.344589,936.990025,940.660916,944.357725,948.080193,951.828328,955.602580,959.402774,963.229517,967.082358,970.961669,974.867578,978.800234,982.759626,986.746245,990.759807,994.800443,998.868417,1002.964035,1007.087289,1011.238108,1015.416847,1019.623413,1023.858282,1028.121173,1032.412524,1036.732269,1041.080605,1045.457779,1049.864012,1054.298958,1058.763262,1063.256579,1067.779570,1072.331785,1076.913641,1081.525512,1086.167083,1090.839061,1095.540794,1100.272818,1105.035488,1109.828754,1114.652454,1119.506974,1124.392444,1129.308997,1134.256824,1139.235972,1144.246650,1149.288855,1154.362734,1159.468659,1164.606574,1169.776550,1174.979053,1180.213711,1185.481038,1190.780976,1196.113782,1201.479429,1206.878124,1212.310133,1217.775375,1223.274118,1228.806441,1234.372505,1239.972443,1245.606421,1251.274412,1256.976776,1262.713991,1268.485383,1274.291338,1280.132177,1286.007927,1291.918773,1297.864813,1303.846204,1309.863227,1315.915621,1322.003897
612.719774,612.127523,611.561956,610.986767,610.412094,609.844551,609.276266,608.711037,608.149294,607.590588,607.033022,606.475440,605.887035,605.379522,604.835263,604.282353,603.756523,603.200052,602.663487,602.129397,601.600544,601.070174,600.545095,600.021625,599.501414,598.983764,598.466512,597.933923,597.455454,596.942452,596.439395,595.924419,595.442036,594.850690,594.420783,593.977260,593.483291,593.000305,592.498737,592.044575,591.570131,591.100080,590.634316,590.170535,589.709859,589.263177,588.797180,588.346406,587.898200,587.453352,587.012113,586.573657,586.146879,585.705340,585.278314,584.846962,584.439873,584.012642,583.597088,583.191139,582.775122,582.373305,581.972321,581.573780,581.172800,580.790662,580.402559,580.020291,579.641335,579.266129,578.895439,578.525038,578.159986,577.798594,577.445114,577.087219,576.736748,576.390717,576.048743,575.713737,575.374375,575.044952,574.717188,574.394468,574.069336,573.770369,573.448518,573.142566,572.839704,572.540336,572.242437,571.956084,571.669656,571.387722,571.109665,570.835725,570.564038,570.302022,570.034721,569.791102,569.531422,569.281528,569.039610,568.799579,568.566182,568.333027,568.123004,567.889151,567.672658,567.459504,567.215255,567.049711,566.853177,566.659467,566.452395,566.285238,566.106048,565.937151,565.763686,565.600587,565.439415,565.285188,565.136010,564.992046,564.851607,564.716593,564.587115,564.463951,564.342914,564.227353,564.114183,564.015236,563.912274,563.822524,563.726931,563.651122,563.575334,563.501562,563.431075,563.377491,563.319092,563.272772,563.225172,563.184069,563.150754,563.123130,563.100897,563.084323,563.073989,563.065339,563.069909,563.081693,563.088784,563.107922,563.132117,563.160860,563.198962,563.237363,563.296622,563.345156,563.404385,563.472967,563.545711,563.624504,563.710019,563.803024,563.900980,564.007577,564.115663,564.235048,564.358475,564.489743,564.626354,564.769778,564.920819,565.079651,565.242883,565.412690,565.593296,565.776403,565.969834,566.164062,566.371985,566.584155,566.804163,567.032053,567.263561,567.503379,567.750847,568.007003,568.270288,568.540071,568.817644,569.103695,569.395204,569.693794,570.002042,570.316861,570.638566,570.969548,571.306997,571.652037,572.005827,572.367869,572.737839,573.114682,573.500155,573.893492,574.294949,574.704579,575.121934,575.547803,575.981232,576.423844,576.875390,577.335243,577.802681,578.279112,578.763874,579.257349,579.759546,580.270156,580.789567,581.317777,581.854916,582.401192,582.956493,583.521107,584.094127,584.676638,585.267913,585.868639,586.478600,587.098137,587.726689,588.364603,589.012100,589.668825,590.335342,591.011464,591.697455,592.393228,593.098684,593.813952,594.539021,595.274531,596.019906,596.775247,597.540710,598.316412,599.102561,599.899262,600.705724,601.522920,602.350341,603.188331,604.036962,604.896472,605.766639,606.647662,607.539071,608.441800,609.355269,610.279961,611.215925,612.162613,613.120937,614.090587,615.071296,616.063740,617.067340,618.082693,619.109528,620.148245,621.198602,622.260730,623.334762,624.420479,625.518181,626.627891,627.749764,628.883899,630.030248,631.189342,632.360442,633.544347,634.740734,635.949457,637.170696,638.404793,639.651783,640.911402,642.184281,643.470153,644.769319,646.081496,647.406983,648.745745,650.097788,651.463581,652.842750,654.235658,655.642213,657.062465,658.496681,659.944857,661.406851,662.883074,664.373242,665.877817,667.396539,668.930134,670.477794,672.039934,673.616738,675.208504,676.814836,678.435967,680.072114,681.723285,683.389551,685.071013,686.767900,688.480078,690.207588,691.950712,693.709434,695.483863,697.274133,699.080132,700.902179,702.740243,704.594417,706.464778,708.351632,710.254693,712.174135,714.110247,716.063040,718.032665,720.019057,722.022337,724.042586,726.079936,728.134466,730.206462,732.295816,734.402603,736.526887,738.668930,740.828694,743.006220,745.201684,747.415356,749.647049,751.897190,754.165454,756.452132,758.757236,761.081141,763.423926,765.785320,768.165727,770.565011,772.983728,775.421349,777.878228,780.354574,782.850528,785.366150,787.901487,790.456510,793.031465,795.626605,798.241711,800.877188,803.532909,806.209221,808.905886,811.623432,814.361549,817.120628,819.900547,822.701664,825.523851,828.367310,831.232182,834.118627,837.026780,839.956736,842.908503,845.882127,848.877909,851.895815,854.935874,857.998328,861.083187,864.190690,867.321116,870.474415,873.650517,876.849707,880.072102,883.317781,886.586860,889.879546,893.195942,896.535982,899.899948,903.288065,906.700098,910.136276,913.596934,917.082269,920.592166,924.126725,927.685962,931.270168,934.879369,938.513709,942.173397,945.858794,949.569649,953.306015,957.068276,960.856314,964.670715,968.511030,972.377626,976.270752,980.190204,984.136511,988.109565,992.109373,996.136162,1000.190158,1004.271486,1008.380319,1012.516524,1016.680454,1020.872018,1025.091689,1029.339293,1033.614969,1037.918910,1042.251364,1046.612259,1051.002122,1055.420483,1059.868010,1064.344351,1068.850166,1073.385002,1077.949543,1082.543366,1087.167073,1091.820742,1096.504082,1101.217724,1105.961378,1110.735634,1115.540121,1120.375219,1125.241062,1130.137905,1135.065562,1140.024610,1145.014673,1150.036207,1155.089203,1160.174036,1165.290647,1170.439107,1175.619882,1180.832600,1186.077773,1191.355344,1196.665570,1202.008421,1207.384106,1212.792888,1218.234688,1223.709773,1229.218222,1234.760194,1240.335823,1245.945274,1251.588520,1257.265919,1262.977951,1268.723941,1274.504274,1280.319270,1286.168957,1292.053519,1297.973053,1303.927717,1309.917792,1315.943014,1322.003897
610.246706,609.682777,609.126385,608.568614,608.014255,607.462527,606.914040,606.496713,605.822789,605.279736,604.740340,604.203466,603.669287,603.156124,602.608722,602.082362,601.558249,601.037718,600.521095,600.003677,599.491084,598.980880,598.472584,597.964938,597.440297,596.973085,596.469703,595.976058,595.469957,594.997171,594.512847,594.010284,593.550694,593.074946,592.601403,592.127895,591.663698,591.228647,590.736203,590.286344,589.824194,589.371885,588.922890,588.476255,588.025871,587.594053,587.157234,586.723780,586.262905,585.867121,585.441319,585.022891,584.604602,584.190024,583.771962,583.372098,582.976227,582.566865,582.170609,581.765108,581.385502,580.997748,580.615969,580.234783,579.869030,579.486076,579.122324,578.721268,578.403328,578.026419,577.676581,577.325206,576.978192,576.580585,576.217117,575.956858,575.579878,575.299557,574.969419,574.649219,574.330671,574.018657,573.708604,573.412044,573.099461,572.802258,572.508604,572.218078,571.929033,571.651128,571.373921,571.100527,570.831186,570.565759,570.302512,570.048925,569.826477,569.548148,569.302737,569.062773,568.787520,568.595118,568.369600,568.144163,567.929006,567.715590,567.506854,567.300983,567.063439,566.906804,566.717154,566.530014,566.329652,566.171598,565.999511,565.835978,565.668745,565.512248,565.371983,565.230654,565.066700,564.928036,564.769597,564.665416,564.545127,564.424011,564.308612,564.201721,564.099786,563.999450,563.903610,563.816717,563.734920,563.655603,563.585558,563.549914,563.456336,563.400184,563.349576,563.303127,563.246962,563.229265,563.199402,563.185694,563.157212,563.146208,563.139208,563.134828,563.164742,563.153834,563.170371,563.184696,563.219373,563.253377,563.292304,563.343405,563.388386,563.446982,563.510098,563.578761,563.654830,563.741526,563.824861,563.914287,564.019354,564.126637,564.239217,564.360122,564.485215,564.616686,564.755995,564.900309,565.051945,565.210812,565.376237,565.547279,565.724824,565.912545,566.103180,566.302466,566.504840,566.719796,566.938676,567.166014,567.400405,567.638866,567.885053,568.138958,568.401426,568.670660,568.946991,569.230503,569.523738,569.820231,570.124803,570.438701,570.759557,571.086338,571.422947,571.765566,572.116267,572.475090,572.841981,573.216736,573.598930,573.988802,574.386974,574.793188,575.207202,575.629150,576.058943,576.496807,576.943125,577.398564,577.862134,578.333650,578.813608,579.302011,579.798734,580.304323,580.818271,581.340668,581.871791,582.411924,582.960775,583.518832,584.085856,584.661285,585.245938,585.839644,586.442435,587.054108,587.675511,588.306055,588.945259,589.594122,590.252560,590.920147,591.597276,592.284215,592.980931,593.686830,594.402838,595.128525,595.864328,596.609716,597.365383,598.130768,598.906322,599.692171,600.488512,601.294371,602.110737,602.937419,603.774418,604.621954,605.480184,606.349018,607.228453,608.118484,609.019225,609.930758,610.853298,611.787012,612.731355,613.687145,614.654131,615.632071,616.621216,617.622051,618.634195,619.657539,620.692684,621.739498,622.797595,623.867672,624.949144,626.042689,627.147935,628.265192,629.394501,630.535933,631.689902,632.855800,634.034149,635.225065,636.428081,637.643448,638.871390,640.112202,641.365569,642.631747,643.910881,645.203234,646.508251,647.826376,649.157802,650.502296,651.860208,653.231562,654.616277,656.014625,657.426394,658.851984,660.291159,661.744324,663.211319,664.692167,666.187191,667.696212,669.219728,670.757407,672.309291,673.875577,675.456586,677.052264,678.662236,680.287114,681.926815,683.581530,685.251127,686.935960,688.635985,690.351077,692.081544,693.827416,695.588816,697.365806,699.158477,700.966914,702.791121,704.631176,706.487383,708.359758,710.248196,712.152822,714.073780,716.011258,717.965290,719.935989,721.923320,723.927449,725.948369,727.986295,730.041326,732.113775,734.203295,736.310088,738.434415,740.576249,742.735595,744.912732,747.107711,749.320523,751.551554,753.800552,756.067721,758.352995,760.656805,762.979235,765.320310,767.679851,770.058288,772.455480,774.871955,777.307135,779.761538,782.235214,784.728454,787.241085,789.773216,792.325011,794.896548,797.488137,800.099682,802.731216,805.383006,808.055048,810.747684,813.460483,816.194007,818.948323,821.723383,824.519370,827.336306,830.174389,833.033780,835.914512,838.816712,841.740709,844.686296,847.653583,850.642922,853.654109,856.687343,859.742805,862.820514,865.920786,869.043642,872.189204,875.357579,878.548763,881.763027,885.000368,888.260984,891.545063,894.852560,898.183612,901.538386,904.917153,908.319663,911.746187,915.196927,918.672390,922.171886,925.696043,929.244761,932.818147,936.416409,940.039632,943.688106,947.362143,951.061180,954.785656,958.535889,962.311743,966.113724,969.941458,973.795288,977.675437,981.581775,985.514845,989.474337,993.460398,997.473293,1001.513205,1005.580382,1009.674625,1013.796171,1017.945250,1022.121941,1026.326204,1030.558375,1034.818422,1039.106541,1043.422975,1047.767652,1052.141101,1056.542850,1060.973567,1065.432897,1069.921502,1074.438927,1078.985857,1083.561867,1088.167780,1092.803010,1097.467954,1102.162946,1106.887771,1111.642993,1116.428240,1121.243893,1126.090083,1130.967067,1135.874658,1140.813362,1145.783012,1150.783853,1155.815949,1160.879750,1165.974958,1171.101885,1176.260916,1181.451773,1186.674682,1191.929871,1197.217502,1202.537544,1207.890205,1213.275750,1218.694097,1224.145513,1229.630077,1235.147948,1240.699260,1246.284176,1251.902669,1257.555097,1263.241941,1268.962522,1274.717227,1280.506376,1286.329997,1292.188272,1298.081298,1304.009234,1309.972358,1315.970408,1322.003897
607.852153,607.307683,606.766374,606.227913,605.693123,605.158849,604.626313,604.097255,603.570788,603.046983,602.526687,602.007004,601.490740,600.976767,600.465968,599.959821,599.451998,598.949654,598.449041,597.950675,597.455418,596.936225,596.480239,595.986069,595.501992,595.010055,594.542031,594.066956,593.572991,593.123015,592.655593,592.192177,591.727130,591.271844,590.804995,590.363038,589.912401,589.467021,589.006835,588.582914,588.145425,587.702783,587.279035,586.850657,586.425336,586.003249,585.584316,585.169197,584.755993,584.346841,583.852067,583.545373,583.136321,582.739911,582.352589,581.953056,581.570386,581.186439,580.807013,580.429271,580.057919,579.687362,579.320836,578.958902,578.606444,578.242969,577.893274,577.539339,577.200300,576.858803,576.521150,576.186690,575.858292,575.529700,575.207447,574.839046,574.570770,574.281725,573.950711,573.647800,573.347014,573.050525,572.752143,572.468290,572.183454,571.902806,571.620179,571.352460,571.083970,570.802220,570.558349,570.301416,570.046695,569.801582,569.555756,569.317105,569.079786,568.847751,568.620448,568.400644,568.178405,567.963873,567.753232,567.547528,567.346272,567.148180,566.917188,566.768120,566.585977,566.405770,566.212206,566.061372,565.896257,565.738323,565.579350,565.429059,565.296062,565.157837,565.002559,564.871442,564.719237,564.621502,564.510706,564.391093,564.285994,564.178820,564.083047,563.989823,563.902069,563.816224,563.745195,563.667690,563.602017,563.546387,563.483158,563.428234,563.386000,563.345786,563.309381,563.279904,563.254734,563.235283,563.221515,563.213516,563.210711,563.213576,563.218434,563.236101,563.256047,563.278693,563.314857,563.350015,563.395697,563.436818,563.496006,563.557455,563.622522,563.688629,563.771566,563.856510,563.946517,564.044477,564.146106,564.253521,564.369336,564.491459,564.616696,564.752362,564.892341,565.038578,565.191261,565.350424,565.516811,565.688766,565.868558,566.055667,566.247158,566.446131,566.652477,566.861708,567.083910,567.309589,567.543696,567.784039,568.029883,568.282568,568.542742,568.811583,569.086948,569.369571,569.658899,569.958386,570.260661,570.571537,570.890445,571.217273,571.549760,571.891483,572.238973,572.595306,572.958998,573.330967,573.711281,574.097777,574.492268,574.895421,575.305898,575.724297,576.150722,576.584802,577.026812,577.476971,577.935986,578.403680,578.878932,579.362451,579.854316,580.354456,580.863299,581.380520,581.906007,582.440009,582.983047,583.534645,584.094998,584.664734,585.242601,585.829307,586.425601,587.030082,587.643962,588.266969,588.899019,589.540153,590.190140,590.850224,591.518998,592.197354,592.885067,593.582651,594.289643,595.006013,595.732058,596.467979,597.213903,597.969609,598.734989,599.510330,600.295781,601.091736,601.897353,602.712863,603.538721,604.374773,605.221285,606.078166,606.945658,607.823550,608.712223,609.611009,610.520824,611.441175,612.372533,613.314853,614.268003,615.232307,616.207688,617.193938,618.191732,619.200701,620.220612,621.252234,622.295321,623.349727,624.415869,625.493396,626.582796,627.683646,628.796292,629.920890,631.057512,632.206290,633.367156,634.540036,635.725606,636.922975,638.132597,639.354615,640.589266,641.836321,643.095973,644.368459,645.653757,646.952107,648.263084,649.587185,650.924210,652.274435,653.638020,655.014674,656.404835,657.808358,659.225399,660.656007,662.100234,663.558180,665.029889,666.515427,668.014855,669.528564,671.056288,672.598042,674.153999,675.724491,677.309354,678.908588,680.522338,682.150789,683.794008,685.451951,687.124931,688.812828,690.515756,692.233783,693.967016,695.715578,697.479530,699.259003,701.053971,702.864470,704.690794,706.532879,708.390823,710.264931,712.154916,714.060948,715.983307,717.922085,719.877240,721.848875,723.837058,725.841814,727.863432,729.901831,731.957405,734.029873,736.119481,738.226280,740.350425,742.491906,744.650829,746.827330,749.021677,751.233681,753.463767,755.711641,757.977498,760.261441,762.563812,764.884690,767.223800,769.581419,771.957789,774.353083,776.766898,779.199587,781.651356,784.122354,786.612611,789.122200,791.651082,794.199500,796.767652,799.355478,801.963221,804.590805,807.238576,809.906293,812.594481,815.302781,818.031680,820.781065,823.551177,826.341941,829.153560,831.986170,834.839931,837.714976,840.611375,843.529080,846.468352,849.429397,852.412048,855.416418,858.442746,861.491041,864.561536,867.654521,870.769793,873.907625,877.068108,880.251309,883.457271,886.686218,889.938281,893.213672,896.512213,899.834220,903.179771,906.549070,909.941902,913.358748,916.799654,920.264952,923.754291,927.267800,930.805877,934.368435,937.955692,941.567744,945.205051,948.867352,952.554689,956.267399,960.005417,963.769308,967.558622,971.373726,975.214747,979.081830,982.974968,986.894642,990.840570,994.812879,998.811833,1002.837615,1006.890473,1010.970274,1015.077111,1019.211235,1023.372839,1027.561823,1031.778521,1036.022902,1040.295158,1044.595534,1048.923958,1053.280957,1057.666210,1062.079929,1066.522224,1070.993577,1075.493559,1080.022846,1084.581012,1089.168948,1093.785863,1098.432358,1103.108698,1107.814802,1112.550829,1117.316810,1122.112993,1126.939508,1131.796610,1136.684112,1141.602520,1146.551665,1151.531795,1156.542969,1161.585640,1166.659509,1171.764978,1176.902155,1182.071039,1187.271764,1192.504557,1197.769601,1203.066799,1208.396424,1213.758719,1219.153602,1224.581339,1230.042008,1235.535769,1241.062754,1246.623127,1252.216859,1257.844311,1263.505958,1269.201127,1274.930199,1280.693497,1286.491047,1292.323032,1298.189548,1304.090752,1310.026925,1315.997803,1322.003897
605.534390,605.010267,604.484693,603.855311,603.455749,602.928905,602.415252,601.882861,601.395674,600.889534,600.386217,599.884820,599.388903,598.893009,598.397932,597.908440,597.419157,596.933435,596.447834,595.977777,595.492833,595.054070,594.530429,594.076901,593.611027,593.127844,592.684232,592.227202,591.772189,591.319566,590.870124,590.412111,589.979130,589.537108,589.100270,588.665209,588.233202,587.735847,587.377884,586.954255,586.534273,586.117144,585.807947,585.292207,584.892290,584.478106,584.078863,583.674081,583.283703,582.883200,582.502028,582.125833,581.732700,581.354561,580.978403,580.605325,580.235653,579.869197,579.508090,579.159733,578.792386,578.440605,578.091477,577.748335,577.399933,577.065902,576.731341,576.403919,576.072090,575.747270,575.427032,575.109609,574.796438,574.486493,574.179084,573.876648,573.577829,573.282832,572.992353,572.704849,572.415813,572.140918,571.871045,571.593135,571.320704,571.060253,570.800371,570.572687,570.291918,570.043410,569.795381,569.579228,569.323009,569.092206,568.862972,568.638839,568.415153,568.203192,567.993176,567.786474,567.583566,567.381553,567.191588,566.984133,566.816494,566.635344,566.460246,566.287980,566.103086,565.953593,565.796979,565.642849,565.494435,565.351910,565.226902,565.094188,564.944476,564.819078,564.699399,564.582423,564.474686,564.364183,564.262090,564.165439,564.072412,563.986778,563.903568,563.821608,563.752743,563.680350,563.624259,563.569733,563.516248,563.469994,563.433265,563.392859,563.361109,563.338904,563.316046,563.300370,563.291163,563.286149,563.288779,563.295517,563.304291,563.339234,563.349448,563.378728,563.405766,563.453771,563.504179,563.548836,563.608558,563.672048,563.748412,563.816609,563.896754,563.983188,564.081638,564.180841,564.278230,564.390456,564.506980,564.629746,564.759963,564.891753,565.036229,565.182102,565.335205,565.499488,565.666177,565.838412,566.017856,566.206771,566.401730,566.599643,566.805734,567.019010,567.235369,567.464568,567.696801,567.937651,568.184530,568.437012,568.696024,568.962536,569.237764,569.519234,569.807729,570.103204,570.409122,570.716505,571.033300,571.357873,571.689976,572.028268,572.374386,572.728130,573.089467,573.457997,573.835070,574.220038,574.611701,575.010591,575.418133,575.833059,576.255959,576.686960,577.124694,577.571387,578.025118,578.488647,578.959562,579.438857,579.925810,580.420951,580.924573,581.436640,581.957217,582.485579,583.022531,583.568303,584.122641,584.685510,585.257463,585.838319,586.427166,587.025199,587.631999,588.247814,588.872553,589.506468,590.149160,590.800788,591.461859,592.132047,592.811371,593.500090,594.198367,594.906188,595.623171,596.349746,597.086085,597.832295,598.588063,599.353451,600.128654,600.913841,601.709426,602.514505,603.329312,604.154456,604.989583,605.835033,606.690783,607.556903,608.433215,609.320425,610.217676,611.125473,612.043793,612.973055,613.913178,614.863694,615.825582,616.798204,617.781677,618.776326,619.782213,620.799029,621.826993,622.866596,623.917450,624.979605,626.053257,627.138405,628.234941,629.343121,630.463049,631.594927,632.738685,633.894508,635.062215,636.242231,637.434212,638.638189,639.854245,641.082732,642.323698,643.577046,644.842951,646.121540,647.413180,648.717023,650.033814,651.363652,652.706314,654.062009,655.430974,656.813004,658.208394,659.617047,661.039011,662.474514,663.923494,665.386206,666.862488,668.352463,669.856246,671.374370,672.906202,674.451951,676.012103,677.586359,679.175031,680.777718,682.395046,684.026910,685.673434,687.334611,689.010713,690.701601,692.407351,694.128130,695.864001,697.615128,699.381492,701.163171,702.960324,704.772966,706.601191,708.445089,710.304908,712.180463,714.071876,715.979308,717.902878,719.842761,721.798876,723.771326,725.760236,727.765595,729.787618,731.826402,733.882260,735.954839,738.044343,740.151030,742.274860,744.415923,746.574304,748.750222,750.943611,753.154862,755.383715,757.630373,759.894771,762.177335,764.478150,766.797237,769.134417,771.490118,773.864196,776.257177,778.668483,781.098630,783.547666,786.015857,788.503096,791.009422,793.535021,796.079970,798.644575,801.228585,803.832494,806.456104,809.099565,811.763216,814.446624,817.150349,819.874458,822.618899,825.383854,828.169344,830.975565,833.802676,836.650707,839.519786,842.410236,845.321853,848.254742,851.209198,854.185185,857.182730,860.202069,863.243219,866.306409,869.391915,872.499601,875.629655,878.782097,881.957129,885.154828,888.375320,891.618773,894.885323,898.174907,901.487756,904.824141,908.183807,911.566982,914.973999,918.404929,921.860023,925.339010,928.842028,932.369364,935.921041,939.497241,943.098056,946.724043,950.374656,954.050200,957.750973,961.476854,965.228427,969.005239,972.807658,976.635928,980.489841,984.369767,988.275987,992.208303,996.166813,1000.151780,1004.163504,1008.201978,1012.267126,1016.359300,1020.478406,1024.624915,1028.798546,1032.999732,1037.228406,1041.484761,1045.769042,1050.081399,1054.421688,1058.790347,1063.187097,1067.612596,1072.066391,1076.548898,1081.060486,1085.600802,1090.170664,1094.769303,1099.397319,1104.054979,1108.742317,1113.459141,1118.205832,1122.982520,1127.789335,1132.626465,1137.493923,1142.392013,1147.320634,1152.280031,1157.270265,1162.291787,1167.344297,1172.428298,1177.543598,1182.690493,1187.869019,1193.079428,1198.321822,1203.596185,1208.902762,1214.241795,1219.613229,1225.017249,1230.454014,1235.923655,1241.426337,1246.962127,1252.531092,1258.133559,1263.770005,1269.439754,1275.143190,1280.880632,1286.652107,1292.457799,1298.297802,1304.172274,1310.081493,1316.025197,1322.003897
603.293421,602.784105,602.278448,601.794003,601.274215,600.776911,600.279731,599.786421,599.295203,598.807093,598.323163,597.837774,597.357640,596.878565,596.402801,595.927996,595.463648,595.027603,594.525386,594.046732,593.613808,593.146070,592.671909,592.237507,591.790060,591.343508,590.900468,590.459146,590.009956,589.585959,589.154065,588.723380,588.297861,587.874284,587.465896,587.035987,586.620451,586.208703,585.767861,585.394000,584.991139,584.591300,584.192436,583.801467,583.425809,583.021904,582.629553,582.255298,581.877261,581.501357,581.125535,580.750466,580.395453,580.033248,579.665075,579.317986,578.967277,578.617140,578.271964,577.936592,577.588894,577.253742,576.913412,576.595122,576.270603,575.945325,575.630926,575.317543,575.005132,574.697274,574.398449,574.093100,573.796450,573.501865,573.212380,572.924893,572.678632,572.365062,572.086446,571.820709,571.559759,571.289177,571.031014,570.774972,570.523766,570.274414,570.032301,569.792206,569.552510,569.358970,569.096713,568.873990,568.652674,568.436520,568.224956,568.016273,567.801045,567.634789,567.420227,567.226011,567.042918,566.812761,566.682939,566.509163,566.341168,566.175794,566.014911,565.855551,565.705560,565.558246,565.417920,565.280246,565.162667,565.017004,564.892921,564.773239,564.670229,564.541865,564.442766,564.343747,564.247028,564.148507,564.066138,563.984504,563.911626,563.836514,563.771212,563.710774,563.652747,563.601922,563.588647,563.512409,563.477303,563.446411,563.430642,563.380918,563.383724,563.372816,563.367345,563.367641,563.373212,563.384423,563.400411,563.418411,563.449147,563.481709,563.517061,563.566293,563.613547,563.677497,563.729194,563.795950,563.866792,563.945539,564.028851,564.117101,564.212982,564.319270,564.421061,564.534061,564.654334,564.778918,564.911268,565.045503,565.187066,565.338993,565.490020,565.653697,565.825068,566.002199,566.179087,566.367260,566.563009,566.762975,566.969125,567.182474,567.402216,567.625244,567.861774,568.100616,568.347917,568.601816,568.860531,569.125816,569.398618,569.679987,569.967372,570.262223,570.563409,570.875203,571.188352,571.510782,571.840593,572.178744,572.522286,572.873697,573.232640,573.598954,573.972350,574.354402,574.744169,575.140916,575.544079,575.956001,576.375962,576.802948,577.237993,577.680454,578.130927,578.588550,579.055586,579.530510,580.013424,580.503849,581.002398,581.509483,582.024689,582.548373,583.080006,583.619821,584.168110,584.725160,585.290607,585.865181,586.448196,587.039275,587.639476,588.248460,588.866114,589.492544,590.128222,590.772427,591.425492,592.087799,592.759448,593.439782,594.129423,594.828582,595.537174,596.254866,596.982083,597.718521,598.465034,599.220813,599.986325,600.761396,601.546280,602.341412,603.146130,603.960383,604.784694,605.619088,606.463377,607.318001,608.182758,609.057834,609.943212,610.839110,611.744923,612.661357,613.588393,614.526241,615.474629,616.433868,617.403657,618.384553,619.376259,620.379073,621.392673,622.417305,623.453291,624.500577,625.558823,626.628651,627.709539,628.802075,629.905822,631.021153,632.148335,633.287243,634.438026,635.600542,636.775172,637.961822,639.160172,640.370506,641.592957,642.827930,644.074997,645.334416,646.606421,647.891275,649.188241,650.497934,651.820507,653.155769,654.503873,655.865091,657.239175,658.626378,660.026873,661.440349,662.867179,664.307489,665.761218,667.228338,668.709052,670.203372,671.711774,673.233751,674.769526,676.319228,677.883246,679.461224,681.053324,682.659634,684.280362,685.915560,687.565182,689.229570,690.908590,692.602206,694.310695,696.034081,697.772528,699.525971,701.294664,703.078522,704.877672,706.692239,708.522251,710.367823,712.229234,714.106199,715.998926,717.907569,719.832383,721.773161,723.730126,725.703304,727.692766,729.698701,731.721035,733.760269,735.816010,737.888587,739.977968,742.084367,744.207751,746.348225,748.505922,750.681110,752.873751,755.083809,757.311447,759.556705,761.819685,764.100727,766.399908,768.716951,771.052131,773.405689,775.777797,778.168048,780.576795,783.004242,785.450595,787.915705,790.399829,792.902820,795.425010,797.966491,800.527308,803.107638,805.707389,808.326938,810.966034,813.625250,816.304072,819.003139,821.722286,824.461739,827.221458,830.001607,832.802332,835.623795,838.466062,841.329385,844.213533,847.118825,850.045465,852.993285,855.962396,858.953034,861.965307,864.999384,868.055146,871.132992,874.232959,877.355137,880.499590,883.666361,886.855671,890.067640,893.302507,896.560064,899.840604,903.144294,906.471245,909.821359,913.194855,916.592045,920.013144,923.457648,926.926220,930.418709,933.935218,937.475954,941.040999,944.630641,948.245189,951.884078,955.547746,959.236507,962.950222,966.689397,970.453655,974.243336,978.058686,981.899499,985.766389,989.658976,993.577535,997.522198,1001.493190,1005.490634,1009.514698,1013.565248,1017.642634,1021.746762,1025.878101,1030.036476,1034.222022,1038.434932,1042.675448,1046.943496,1051.239602,1055.563293,1059.915234,1064.295069,1068.703457,1073.139942,1077.604942,1082.098825,1086.621246,1091.172993,1095.753326,1100.362837,1105.001789,1109.670218,1114.367929,1119.095305,1123.852474,1128.639565,1133.456767,1138.304124,1143.181842,1148.089917,1153.028562,1157.997835,1162.998190,1168.029324,1173.091739,1178.185245,1183.310136,1188.466512,1193.654530,1198.874188,1204.125702,1209.409218,1214.724977,1220.072924,1225.453244,1230.866095,1236.311607,1241.789945,1247.301176,1252.845366,1258.422841,1264.034080,1269.678405,1275.356198,1281.067781,1286.813178,1292.592573,1298.406060,1304.253797,1310.136062,1316.052592,1322.003897
601.127258,600.636601,600.149447,599.662400,599.178903,598.697601,598.219077,597.745444,597.269900,596.799327,596.308590,595.880430,595.400419,594.973979,594.480279,594.024425,593.566753,593.120451,592.673087,592.207764,591.784298,591.342746,590.907010,590.472797,590.040369,589.599349,589.184539,588.761217,588.339190,587.921164,587.507286,587.107517,586.685826,586.279357,585.874972,585.584328,585.076790,584.681828,584.290232,583.901147,583.431224,583.132670,582.752810,582.385296,582.001349,581.629813,581.269073,580.897222,580.536713,580.181966,579.822797,579.470687,579.121129,578.776699,578.446696,578.095176,577.760552,577.428992,577.098533,576.775559,576.451881,576.133592,575.818414,575.506951,575.198149,574.845954,574.591379,574.293330,573.999525,573.708026,573.420598,573.135717,572.856358,572.579259,572.316093,572.034635,571.770561,571.508056,571.255015,570.995651,570.744658,570.497724,570.254585,570.013708,569.780011,569.548264,569.316892,569.109978,568.877427,568.662892,568.449609,568.239863,568.037577,567.836645,567.642478,567.465688,567.263783,567.080491,566.901605,566.726905,566.556153,566.389542,566.227440,566.070545,565.916468,565.763984,565.621001,565.480400,565.350686,565.214759,565.105112,564.965542,564.847239,564.740134,564.638723,564.514777,564.423360,564.330742,564.238467,564.151321,564.073074,563.997297,563.926153,563.859877,563.796122,563.741580,563.687908,563.642253,563.608551,563.564431,563.531363,563.508168,563.486006,563.468321,563.460169,563.452062,563.450399,563.455021,563.465001,563.479806,563.499869,563.522057,563.580570,563.592703,563.635351,563.676085,563.735627,563.793250,563.856222,563.926556,563.998063,564.091032,564.169186,564.261460,564.357919,564.461948,564.571401,564.686364,564.802596,564.933990,565.067632,565.206777,565.352631,565.503842,565.659767,565.824409,565.993572,566.168322,566.352975,566.538120,566.732840,566.939813,567.141922,567.356382,567.576205,567.802782,568.035359,568.275624,568.521225,568.774993,569.035520,569.300565,569.572475,569.851065,570.138569,570.431831,570.732785,571.039860,571.357506,571.676486,572.004050,572.339461,572.683230,573.032050,573.388557,573.753130,574.124070,574.502532,574.889090,575.283687,575.685667,576.093217,576.509311,576.934280,577.365224,577.804475,578.251074,578.705523,579.167513,579.637416,580.116047,580.602716,581.096778,581.598731,582.109095,582.627420,583.154181,583.688984,584.231696,584.782765,585.342484,585.910401,586.487257,587.072755,587.666145,588.268289,588.879527,589.498783,590.127227,590.764316,591.410353,592.065018,592.728263,593.401277,594.082866,594.773412,595.473318,596.182563,596.900837,597.628680,598.365540,599.112287,599.868351,600.633766,601.408731,602.193380,602.988162,603.792325,604.606164,605.429622,606.263139,607.106442,607.959986,608.823410,609.697054,610.580958,611.475258,612.379136,613.293916,614.218802,615.154463,616.100488,617.057040,618.024491,619.002522,619.991458,620.991256,622.001711,623.022923,624.055558,625.099274,626.153731,627.219523,628.296695,629.384951,630.484376,631.595249,632.717744,633.851973,634.997598,636.155223,637.324502,638.505659,639.698694,640.903430,642.120036,643.348891,644.589789,645.842998,647.108362,648.386426,649.676857,650.979460,652.294892,653.622900,654.963498,656.317021,657.683262,659.062557,660.454883,661.860064,663.278474,664.710052,666.154949,667.613030,669.084590,670.569549,672.068052,673.580658,675.106553,676.646154,678.199872,679.767470,681.349065,682.944447,684.554176,686.178179,687.816480,689.469286,691.136516,692.818281,694.514687,696.225722,697.951579,699.692404,701.448147,703.218895,705.004803,706.805910,708.622236,710.453941,712.301247,714.163968,716.042225,717.936105,719.845915,721.771688,723.713338,725.670992,727.644774,729.634670,731.640895,733.663599,735.702922,737.758683,739.831025,741.920245,744.026184,746.149046,748.288876,750.445910,752.620064,754.811665,757.020549,759.246880,761.490699,763.752180,766.031508,768.328816,770.643850,772.977035,775.328226,777.697948,780.085621,782.491758,784.916405,787.359830,789.821919,792.302729,794.802396,797.321040,799.858953,802.415879,804.992266,807.588038,810.203252,812.838122,815.492605,818.166851,820.861094,823.575207,826.309546,829.063953,831.838693,834.633885,837.449598,840.286001,843.143220,846.021167,848.920190,851.840234,854.781385,857.743668,860.727320,863.732349,866.758985,869.807534,872.877871,875.969984,879.084135,882.220471,885.378962,888.559838,891.763193,894.989273,898.237885,901.509344,904.803722,908.121224,911.461632,914.825424,918.212644,921.623622,925.057966,928.515914,931.997752,935.503427,939.033174,942.587028,946.165601,949.768325,953.395523,957.047303,960.723998,964.425771,968.152300,971.903866,975.680853,979.483144,983.310815,987.164346,991.043453,994.948261,998.879031,1002.835943,1006.819245,1010.828731,1014.864699,1018.927192,1023.016299,1027.132428,1031.275401,1035.445355,1039.642479,1043.867018,1048.118895,1052.398638,1056.705770,1061.040958,1065.403844,1069.795087,1074.214230,1078.661956,1083.137837,1087.642471,1092.175935,1096.737934,1101.328881,1105.949128,1110.598620,1115.277193,1119.985228,1124.722853,1129.490197,1134.287447,1139.114649,1143.972006,1148.859515,1153.777386,1158.725781,1163.704849,1168.714588,1173.755462,1178.827096,1183.929967,1189.064113,1194.229690,1199.426800,1204.655350,1209.915792,1215.208266,1220.532716,1225.889325,1231.278251,1236.699625,1242.153610,1247.640273,1253.159681,1258.712159,1264.298184,1269.917078,1275.569225,1281.254943,1286.974259,1292.727354,1298.514323,1304.335324,1310.190633,1316.079987,1322.003897
599.038008,598.508225,598.093476,597.624500,597.160574,596.695593,596.233491,595.753243,595.309249,594.902542,594.409481,593.961756,593.528288,593.072196,592.630887,592.192789,591.717409,591.322097,590.889493,590.462709,590.037081,589.614861,589.181869,588.775863,588.360880,587.948825,587.538174,587.133001,586.728938,586.328101,585.922196,585.533996,585.141443,584.752050,584.365128,583.981154,583.608813,583.222260,582.848124,582.469840,582.116741,581.739149,581.376166,581.025430,580.658416,580.299738,579.942034,579.605912,579.260378,578.911162,578.579331,578.245612,577.912524,577.583423,577.265766,576.933398,576.618216,576.292411,575.989994,575.681354,575.376367,575.073591,574.727300,574.478578,574.135436,573.897873,573.638791,573.331166,573.044780,572.796931,572.507422,572.239567,571.975079,571.708605,571.444421,571.203774,570.951946,570.704173,570.466545,570.228086,569.993522,569.761147,569.535675,569.312194,569.092820,568.884375,568.665949,568.457403,568.254162,568.048024,567.857832,567.664588,567.478174,567.294450,567.114994,566.938892,566.767354,566.600191,566.407629,566.277143,566.109666,565.972433,565.825398,565.677298,565.543560,565.409801,565.287016,565.157556,565.054712,564.921254,564.805696,564.708467,564.613672,564.497009,564.409730,564.323595,564.239250,564.152601,564.083139,564.012264,563.948311,563.887000,563.825816,563.781131,563.732735,563.690750,563.654890,563.623148,563.592283,563.579616,563.558441,563.545839,563.542208,563.538325,563.541675,563.560945,563.563890,563.583140,563.618977,563.636802,563.666143,563.711700,563.756810,563.804670,563.866429,563.926302,564.002687,564.065709,564.149167,564.227435,564.316956,564.411269,564.511664,564.619066,564.735429,564.853866,564.969248,565.101151,565.234773,565.375718,565.523947,565.674139,565.835076,565.998759,566.171044,566.347562,566.529767,566.718838,566.914283,567.115972,567.329945,567.538497,567.760584,567.990147,568.220400,568.459565,568.706780,568.959204,569.219167,569.486101,569.757348,570.035453,570.320441,570.613790,570.912831,571.219828,571.532773,571.856061,572.180757,572.513696,572.854665,573.203763,573.557839,573.919023,574.289405,574.665044,575.048644,575.439598,575.838831,576.245583,576.658287,577.078141,577.507465,577.942642,578.385918,578.837036,579.294941,579.761209,580.234597,580.717742,581.207095,581.704995,582.210089,582.723691,583.245141,583.775047,584.312836,584.858395,585.412196,585.974477,586.545019,587.124146,587.712129,588.307950,588.911993,589.524903,590.146346,590.776602,591.415143,592.062863,592.719111,593.383567,594.057490,594.740450,595.432067,596.132734,596.842660,597.561754,598.289973,599.027241,599.774155,600.530450,601.295802,602.070800,602.855200,603.649669,604.453500,605.266611,606.089326,606.922095,607.764385,608.616803,609.478972,610.351305,611.233725,612.126428,613.028920,613.941462,614.864307,615.797851,616.741647,617.695731,618.660611,619.636029,620.622195,621.618756,622.626259,623.644248,624.673262,625.713639,626.764412,627.826298,628.899450,629.983596,631.078918,632.185440,633.303333,634.432841,635.573614,636.726193,637.890388,639.066283,640.253817,641.452970,642.663845,643.886687,645.121536,646.368491,647.627482,648.898811,650.182680,651.478431,652.786681,654.107538,655.440806,656.786722,658.145410,659.516732,660.901031,662.298107,663.708018,665.131133,666.567379,668.016595,669.479233,670.954832,672.443917,673.946866,675.463079,676.992745,678.536349,680.093588,681.664663,683.249586,684.848404,686.461361,688.088495,689.729876,691.385493,693.055561,694.739908,696.438862,698.152392,699.880679,701.623701,703.381533,705.154332,706.942110,708.744972,710.562965,712.396201,714.244960,716.108953,717.988378,719.883417,721.794306,723.720844,725.663181,727.621437,729.595648,731.585999,733.592416,735.615396,737.654546,739.710192,741.782302,743.871075,745.976513,748.098682,750.237846,752.393911,754.567201,756.757554,758.965130,761.189971,763.432175,765.692148,767.969767,770.264950,772.577905,774.908870,777.258017,779.624937,782.009980,784.413353,786.835248,789.275649,791.734442,794.211842,796.708059,799.223182,801.757255,804.310452,806.882681,809.474317,812.085106,814.715620,817.365343,820.034912,822.724161,825.433314,828.162328,830.911367,833.680576,836.470111,839.280002,842.110371,844.961594,847.833307,850.725947,853.639325,856.573617,859.528991,862.505575,865.503381,868.522752,871.563638,874.626182,877.710518,880.816619,883.944750,887.094905,890.267280,893.462042,896.679183,899.918796,903.181057,906.466234,909.774071,913.104793,916.458729,919.835951,923.236705,926.660717,930.108186,933.579212,937.073999,940.592666,944.135302,947.702463,951.293599,954.909014,958.549002,962.213442,965.902914,969.616964,973.355956,977.120015,980.909285,984.723749,988.563893,992.429428,996.320480,1000.237309,1004.180098,1008.149085,1012.144141,1016.165354,1020.212973,1024.287187,1028.387893,1032.515424,1036.669745,1040.851046,1045.059569,1049.295239,1053.558581,1057.849250,1062.167518,1066.513430,1070.887485,1075.289254,1079.719408,1084.177521,1088.664411,1093.179489,1097.723125,1102.295726,1106.896996,1111.527523,1116.186932,1120.875600,1125.593657,1130.341230,1135.118507,1139.925530,1144.762505,1149.629426,1154.526435,1159.453900,1164.411763,1169.400090,1174.419344,1179.469151,1184.549985,1189.661886,1194.805009,1199.979454,1205.185129,1210.422485,1215.691662,1220.992602,1226.325490,1231.690481,1237.087708,1242.517332,1247.979420,1253.474039,1259.001512,1264.562317,1270.155775,1275.782270,1281.442120,1287.135368,1292.862142,1298.622591,1304.416852,1310.245204,1316.107382,1322.003897
597.023747,596.567433,596.116431,595.661888,595.213226,594.740065,594.329564,593.877653,593.436549,593.007440,592.567015,592.134700,591.705871,591.258706,590.853310,590.431403,590.010557,589.591765,589.181572,588.757565,588.360474,587.954405,587.550616,587.148371,586.751703,586.356205,585.963661,585.565879,585.186795,584.801889,584.420758,584.041855,583.665865,583.301483,582.920310,582.555795,582.185942,581.830235,581.462530,581.114896,580.762407,580.412129,580.059657,579.678385,579.381573,579.043297,578.709230,578.376062,578.048399,577.708737,577.401522,577.083054,576.768133,576.457616,576.148038,575.841080,575.538042,575.239202,574.942792,574.650193,574.362415,574.074429,573.791768,573.516836,573.237543,572.964726,572.694525,572.429060,572.166421,571.908803,571.653394,571.395744,571.153423,570.908169,570.667396,570.426032,570.196608,569.999675,569.740919,569.518635,569.299954,569.086280,568.874108,568.666003,568.462674,568.262095,568.066847,567.872898,567.686117,567.500669,567.342289,567.145713,566.973497,566.805287,566.641053,566.439759,566.324878,566.172542,566.023742,565.861515,565.741937,565.604642,565.475541,565.346707,565.230895,565.107907,565.011642,564.908634,564.775093,564.684245,564.595807,564.492219,564.403913,564.321456,564.245790,564.164478,564.098663,564.036214,563.978153,563.921470,563.867998,563.823712,563.783112,563.745785,563.717210,563.689891,563.667115,563.650151,563.640026,563.631926,563.609171,563.632754,563.640454,563.652462,563.670787,563.694258,563.722430,563.755875,563.794632,563.863123,563.887260,563.942401,563.995294,564.066466,564.137410,564.214759,564.294341,564.377520,564.475321,564.570993,564.669671,564.781831,564.896798,565.022346,565.142228,565.273673,565.410977,565.553656,565.701664,565.856235,566.014528,566.183921,566.356697,566.535152,566.719724,566.909537,567.106680,567.310394,567.517256,567.731861,567.956051,568.181976,568.420051,568.655737,568.901561,569.155325,569.414066,569.680540,569.953564,570.231687,570.515499,570.806570,571.105766,571.410725,571.723382,572.042199,572.370763,572.701399,573.039798,573.386269,573.739965,574.100054,574.466226,574.841525,575.222041,575.610566,576.006634,576.409972,576.821379,577.238744,577.662941,578.096105,578.535917,578.983092,579.438325,579.900236,580.370194,580.847449,581.333765,581.826928,582.328353,582.836786,583.353574,583.878240,584.411045,584.951826,585.500140,586.056846,586.621637,587.194737,587.776144,588.366351,588.964534,589.570670,590.185407,590.809054,591.440771,592.081074,592.730292,593.387756,594.053837,594.728665,595.413056,596.105577,596.806980,597.517603,598.237317,598.966137,599.703774,600.450995,601.207332,601.972880,602.747755,603.531973,604.326112,605.129456,605.941914,606.764095,607.595831,608.437354,609.288664,610.149817,611.020558,611.901605,612.792564,613.693522,614.604245,615.525251,616.456469,617.398074,618.349946,619.312009,620.284732,621.268313,622.261955,623.266283,624.281193,625.306745,626.343658,627.390926,628.449053,629.518379,630.598507,631.689625,632.791777,633.905103,635.030014,636.166053,637.313439,638.472783,639.643278,640.825609,642.019233,643.224526,644.441511,645.670374,646.911103,648.163778,649.428633,650.705913,651.995017,653.296200,654.609959,655.936039,657.274430,658.625529,659.989133,661.365401,662.754508,664.156170,665.570934,666.998413,668.438982,669.892502,671.359190,672.839031,674.332505,675.839093,677.359024,678.892565,680.439673,682.000407,683.574822,685.162963,686.765046,688.381082,690.011267,691.655462,693.313921,694.986474,696.673483,698.374805,700.090691,701.821160,703.566284,705.326180,707.100784,708.890351,710.694827,712.514369,714.349198,716.199127,718.064317,719.944729,721.840887,723.752496,725.679753,727.622689,729.581373,731.555992,733.546468,735.553136,737.576089,739.615166,741.670446,743.742285,745.830502,747.935300,750.056722,752.195003,754.350210,756.522208,758.711292,760.917470,763.140781,765.381400,767.639507,769.915236,772.208328,774.519218,776.847731,779.194417,781.558686,783.941049,786.341551,788.760457,791.197573,793.653192,796.127209,798.619824,801.131325,803.661455,806.210660,808.778863,811.366118,813.972639,816.598379,819.243434,821.908142,824.592380,827.296388,830.020062,832.763666,835.527267,838.311082,841.115127,843.939578,846.784346,849.649774,852.535809,855.442533,858.369969,861.318354,864.287791,867.278448,870.290222,873.323589,876.378230,879.454624,882.552696,885.672488,888.814216,891.977999,895.164074,898.372229,901.602787,904.855819,908.131528,911.429780,914.750792,918.094867,921.462244,924.852388,928.265968,931.702834,935.163084,938.646923,942.154431,945.685894,949.241618,952.821025,956.424582,960.052571,963.704834,967.381952,971.083468,974.809748,978.561064,982.337177,986.138605,989.965123,993.816941,997.694189,1001.597030,1005.525763,1009.480375,1013.460789,1017.467354,1021.499974,1025.559115,1029.644496,1033.756544,1037.895192,1042.060630,1046.253100,1050.472749,1054.719430,1058.993578,1063.294913,1067.623807,1071.980651,1076.365012,1080.777564,1085.217876,1089.686838,1094.183655,1098.708925,1103.262909,1107.845524,1112.456927,1117.097145,1121.766423,1126.464887,1131.192791,1135.949944,1140.736920,1145.553338,1150.399651,1155.275847,1160.182294,1165.118933,1170.085830,1175.083447,1180.111409,1185.170225,1190.259832,1195.380486,1200.532153,1205.715039,1210.929297,1216.175164,1221.452584,1226.761739,1232.102787,1237.475857,1242.881111,1248.318616,1253.788437,1259.290899,1264.826478,1270.394496,1275.995333,1281.629310,1287.296469,1292.996937,1298.730863,1304.498384,1310.299777,1316.134778,1322.003897
595.062046,594.663844,594.207908,593.781377,593.340259,592.907120,592.470407,592.056339,591.633043,591.212612,590.774999,590.379115,589.965929,589.553965,589.144007,588.743065,588.328170,587.938857,587.541788,587.146575,586.754230,586.363320,585.977617,585.593213,585.203682,584.832997,584.456162,584.082881,583.712564,583.344483,582.988444,582.614656,582.257647,581.902144,581.548690,581.188790,580.848061,580.502770,580.167730,579.820822,579.484483,579.151396,578.821120,578.492889,578.168523,577.846159,577.528992,577.230685,576.900977,576.594103,576.285407,575.985210,575.675532,575.390044,575.096621,574.808296,574.520543,574.237229,573.956798,573.680610,573.406764,573.137268,572.870969,572.606279,572.344935,572.117238,571.836510,571.598414,571.263534,571.098007,570.858539,570.629027,570.389771,570.161565,569.918545,569.715165,569.497417,569.283402,569.072963,568.863603,568.670641,568.464154,568.268115,568.076362,567.887642,567.704137,567.522945,567.345383,567.189147,567.005411,566.840725,566.679760,566.455825,566.370589,566.221483,566.076314,565.934564,565.799842,565.666787,565.536004,565.430734,565.293973,565.181287,565.066657,564.976882,564.880429,564.752858,564.668299,564.586250,564.488316,564.406178,564.328294,564.260238,564.184450,564.124141,564.067878,564.015151,563.963892,563.918915,563.876340,563.835122,563.810047,563.784722,563.799198,563.744619,563.734130,563.727056,563.725311,563.726556,563.736745,563.747101,563.763813,563.786138,563.812333,563.845804,563.884096,563.923311,563.974156,564.026411,564.084164,564.144224,564.218323,564.290173,564.378223,564.454142,564.549039,564.638965,564.737963,564.846448,564.957153,565.072798,565.201426,565.324000,565.459125,565.590766,565.740931,565.892812,566.051597,566.211353,566.378441,566.552667,566.727450,566.915030,567.110541,567.307662,567.511033,567.720686,567.936749,568.158354,568.389016,568.621480,568.866422,569.108898,569.361981,569.621222,569.886393,570.160050,570.438674,570.722920,571.012716,571.309912,571.614826,571.925496,572.243973,572.568591,572.902748,573.238791,573.582521,573.934056,574.293131,574.658345,575.029695,575.410079,575.795256,576.188591,576.589428,576.997138,577.413536,577.835180,578.263812,578.700530,579.144988,579.596369,580.055339,580.521257,580.994814,581.476155,581.965553,582.462330,582.967146,583.478993,583.998788,584.526762,585.062468,585.606103,586.157541,586.716843,587.284088,587.859617,588.443360,589.035475,589.636123,590.244423,590.861164,591.486731,592.119890,592.762101,593.412634,594.071712,594.739156,595.415241,596.100375,596.794066,597.496316,598.207642,598.927957,599.657425,600.395690,601.142786,601.899325,602.665064,603.439751,604.223764,605.017441,605.820513,606.632440,607.454040,608.284846,609.125503,609.975728,610.835691,611.705156,612.584793,613.473968,614.373470,615.282353,616.201410,617.130549,618.069958,619.019424,619.979001,620.949188,621.930034,622.920818,623.921959,624.933899,625.956205,626.989518,628.033364,629.087720,630.153272,631.229353,632.316436,633.414288,634.523200,635.643500,636.774884,637.917393,639.071707,640.237106,641.413942,642.602313,643.802006,645.013143,646.236172,647.470856,648.717456,649.975794,651.246413,652.528979,653.823348,655.130108,656.449007,657.780104,659.123592,660.479614,661.848042,663.229282,664.622808,666.029153,667.448218,668.880193,670.324911,671.782635,673.253349,674.737127,676.234511,677.744854,679.268557,680.805582,682.356217,683.920354,685.497864,687.089170,688.694349,690.313300,691.946348,693.593275,695.254325,696.929459,698.618774,700.322465,702.040551,703.773103,705.520163,707.281888,709.058310,710.849539,712.655458,714.476388,716.312530,718.163635,720.029800,721.911234,723.808261,725.720599,727.648414,729.591826,731.550868,733.525723,735.516373,737.523143,739.545806,741.584634,743.639643,745.710874,747.798483,749.902483,752.023137,754.160348,756.314440,758.485246,760.672928,762.877524,765.099131,767.338155,769.594469,771.867987,774.158919,776.467502,778.793903,781.137713,783.499280,785.878810,788.276493,790.692310,793.126079,795.578215,798.048723,800.537761,803.045367,805.571717,808.116816,810.680734,813.263675,815.865642,818.486582,821.126977,823.786656,826.465845,829.164497,831.882774,834.620820,837.378790,840.156711,842.954703,845.773062,848.611659,851.470693,854.350052,857.249909,860.170431,863.111744,866.073859,869.057031,872.061465,875.087047,878.133992,881.202294,884.292189,887.403625,890.536881,893.692052,896.869238,900.068418,903.289806,906.533519,909.799743,913.088256,916.399536,919.733624,923.090846,926.470810,929.873750,933.299950,936.749380,940.222198,943.718512,947.238795,950.782806,954.350538,957.942205,961.558140,965.198500,968.862965,972.551810,976.265419,980.003696,983.766621,987.554807,991.367882,995.205988,999.069385,1002.958251,1006.872706,1010.812916,1014.778742,1018.770534,1022.788193,1026.832188,1030.902338,1034.998777,1039.121695,1043.271331,1047.447609,1051.651044,1055.881183,1060.138666,1064.423142,1068.735266,1073.074583,1077.441504,1081.836396,1086.258913,1090.709839,1095.188432,1099.695280,1104.230646,1108.794444,1113.386830,1118.007832,1122.657694,1127.336541,1132.044627,1136.781760,1141.548444,1146.344506,1151.170190,1156.025552,1160.910962,1165.826358,1170.771807,1175.747770,1180.753871,1185.790619,1190.857951,1195.956121,1201.085096,1206.245080,1211.436333,1216.658773,1221.912661,1227.198074,1232.515167,1237.864071,1243.244947,1248.657861,1254.102878,1259.580321,1265.090777,1270.633198,1276.208415,1281.816515,1287.457580,1293.131739,1298.839139,1304.579918,1310.354351,1316.162174,1322.003897
593.220093,592.796742,592.372952,591.940017,591.540650,591.126660,590.715239,590.306236,589.899780,589.495799,589.092392,588.669193,588.298323,587.893152,587.460749,587.124000,586.737490,586.353722,585.970916,585.593847,585.217772,584.836461,584.473989,584.105914,583.740322,583.378068,582.929707,582.669933,582.304237,581.954893,581.606349,581.260898,580.917374,580.575871,580.238259,579.920057,579.571789,579.241043,578.902980,578.592185,578.272493,577.946049,577.639939,577.328399,577.021619,576.715331,576.419113,576.110467,575.820366,575.521502,575.236922,574.949632,574.666698,574.337431,574.109689,573.837492,573.563887,573.297338,573.037678,572.773016,572.516498,572.259398,572.008798,571.760990,571.516819,571.276703,571.033334,570.804684,570.574028,570.345599,570.122555,569.902349,569.685972,569.472853,569.261558,569.057657,568.855459,568.668290,568.462357,568.270948,568.084964,567.899014,567.718112,567.537137,567.369068,567.204549,567.035301,566.871084,566.716709,566.563269,566.413771,566.268616,566.127042,565.988816,565.854012,565.707784,565.600141,565.476187,565.361071,565.247978,565.141795,565.033408,564.934030,564.860582,564.739595,564.654659,564.585387,564.483415,564.416692,564.345001,564.284773,564.217463,564.158022,564.107653,564.058962,564.014827,563.975238,563.934918,563.908099,563.883172,563.860822,563.844840,563.833412,563.823039,563.823461,563.826608,563.839849,563.847764,563.862530,563.884283,563.909759,563.941348,563.978097,564.019345,564.065665,564.117489,564.176344,564.235485,564.303224,564.368167,564.451062,564.534003,564.623490,564.714853,564.813644,564.915830,565.025613,565.139116,565.258526,565.384916,565.514921,565.650182,565.790600,565.940476,566.091436,566.249634,566.414900,566.585762,566.760950,566.940488,567.128886,567.321454,567.519575,567.727707,567.933455,568.150047,568.374467,568.606061,568.840416,569.079874,569.328711,569.579932,569.838992,570.104281,570.374118,570.655397,570.941195,571.231764,571.526640,571.830608,572.141102,572.457666,572.781820,573.111980,573.451461,573.793151,574.142159,574.498778,574.863145,575.233415,575.609730,575.995035,576.384968,576.783339,577.188562,577.601088,578.021597,578.447846,578.880687,579.321279,579.770523,580.225309,580.688334,581.158308,581.635410,582.120826,582.613038,583.113924,583.621559,584.136795,584.659746,585.190764,585.729326,586.276000,586.830187,587.392144,587.961955,588.539838,589.125998,589.720313,590.323170,590.933636,591.552169,592.179260,592.814476,593.458345,594.110195,594.770768,595.439659,596.116745,596.802887,597.497718,598.200798,598.912837,599.633766,600.363608,601.102328,601.849801,602.606540,603.372288,604.146801,604.930773,605.724137,606.526793,607.338233,608.159129,608.989167,609.829006,610.678094,611.536900,612.405015,613.283257,614.171083,615.068690,615.976092,616.893072,617.820241,618.757354,619.704634,620.661854,621.629351,622.607337,623.595469,624.593654,625.602476,626.621430,627.651517,628.691826,629.742535,630.804047,631.876367,632.959319,634.053206,635.157865,636.273484,637.400231,638.537958,639.687291,640.847666,642.019166,643.202278,644.396452,645.601982,646.819236,648.047920,649.288298,650.540377,651.804543,653.080541,654.368183,655.667907,656.979867,658.303747,659.639852,660.988336,662.349072,663.722314,665.107946,666.505973,667.916822,669.340274,670.776310,672.225332,673.686874,675.161507,676.649470,678.150291,679.664288,681.191434,682.731950,684.285822,685.853071,687.433770,689.028140,690.636223,692.258115,693.893709,695.543310,697.206715,698.884284,700.575913,702.281771,704.001917,705.736330,707.485345,709.248776,711.026764,712.819407,714.626809,716.449191,718.286318,720.138475,722.005516,723.887979,725.785576,727.698504,729.626791,731.570505,733.529830,735.504690,737.495414,739.502096,741.524572,743.562969,745.617485,747.688114,749.774977,751.878125,753.997791,756.134047,758.286797,760.456189,762.642379,764.845354,767.065353,769.302477,771.556694,773.828040,776.116827,778.422878,780.746743,783.087828,785.446643,787.823242,790.217859,792.630325,795.060925,797.509550,799.976399,802.461757,804.965368,807.487673,810.028596,812.588188,815.166660,817.764015,820.380198,823.015693,825.670327,828.344324,831.037617,833.750430,836.482843,839.235068,842.007060,844.799124,847.611141,850.443276,853.295776,856.168470,859.061463,861.974991,864.909154,867.864118,870.839780,873.836629,876.854297,879.893309,882.953572,886.035125,889.138185,892.262868,895.409408,898.577593,901.767713,904.979877,908.214350,911.470872,914.749710,918.051113,921.375207,924.722099,928.091711,931.484155,934.899529,938.338036,941.799790,945.284881,948.793860,952.326211,955.882167,959.462014,963.065703,966.693779,970.345781,974.022073,977.722776,981.448035,985.197828,988.972639,992.772178,996.596567,1000.446065,1004.320850,1008.221166,1012.146873,1016.098060,1020.074972,1024.077629,1028.106435,1032.161209,1036.242085,1040.349251,1044.482947,1048.643095,1052.830219,1057.043839,1061.284621,1065.552204,1069.847242,1074.169280,1078.518728,1082.895954,1087.300609,1091.733478,1096.193818,1100.682217,1105.198936,1109.744007,1114.317233,1118.918993,1123.549413,1128.208619,1132.896796,1137.613953,1142.360392,1147.136007,1151.941041,1156.775551,1161.639985,1166.534039,1171.458021,1176.412313,1181.396537,1186.411200,1191.456241,1196.531913,1201.638182,1206.775252,1211.943382,1217.142488,1222.372833,1227.634493,1232.927622,1238.252351,1243.608840,1248.997155,1254.417360,1259.869778,1265.354996,1270.871964,1276.421515,1282.003733,1287.618702,1293.266549,1298.947421,1304.661454,1310.408926,1316.189570,1322.003897
591.426999,591.021262,590.666311,590.193851,589.813967,589.416367,589.021386,588.628596,588.214540,587.850343,587.465863,587.082394,586.701980,586.324246,585.948829,585.574400,585.218091,584.837954,584.464817,584.110624,583.751027,583.393268,583.038641,582.687223,582.347153,581.988552,581.647796,581.306441,580.969121,580.645268,580.300220,579.969038,579.660416,579.285167,578.992299,578.663467,578.359818,578.047672,577.737313,577.429338,577.123961,576.836258,576.525951,576.229500,575.937590,575.651122,575.363084,575.073761,574.799003,574.521503,574.194887,573.977436,573.709897,573.445051,573.182924,572.924446,572.670045,572.418906,572.170145,571.923785,571.683227,571.443025,571.219194,570.962971,570.741710,570.520563,570.299483,570.080757,569.861102,569.688230,569.445280,569.240667,569.037749,568.819570,568.686914,568.460687,568.270217,568.087672,567.909696,567.731421,567.563955,567.386698,567.210194,567.067921,566.906082,566.746497,566.602396,566.456230,566.270766,566.144096,566.041542,565.899755,565.782766,565.662087,565.542684,565.425485,565.317073,565.210628,565.102334,565.009271,564.885134,564.825990,564.734810,564.655945,564.593312,564.496931,564.436349,564.371497,564.317317,564.254533,564.203090,564.156216,564.111984,564.075235,564.040284,564.007596,563.983823,563.962696,563.944892,563.943149,563.929965,563.920163,563.933357,563.937990,563.949137,563.945054,563.986722,564.012594,564.042732,564.078532,564.119310,564.164495,564.215307,564.266536,564.328857,564.396172,564.472725,564.538781,564.624897,564.708576,564.808555,564.895862,565.002828,565.103893,565.221818,565.333555,565.453568,565.580949,565.714522,565.853761,565.996726,566.140278,566.302354,566.461183,566.625840,566.799072,566.975379,567.160084,567.347941,567.543212,567.742934,567.948603,568.163134,568.376956,568.601080,568.833314,569.068973,569.308765,569.556133,569.810135,570.065875,570.334551,570.606021,570.882290,571.170534,571.460907,571.757888,572.060432,572.368696,572.685119,573.007152,573.336855,573.672594,574.017648,574.364565,574.718955,575.080558,575.449861,575.825325,576.206684,576.596808,576.991358,577.394608,577.804298,578.221187,578.645972,579.076938,579.513959,579.958436,580.411642,580.870817,581.337435,581.811295,582.292437,582.781148,583.276851,583.781117,584.291937,584.810632,585.336582,585.870418,586.412003,586.961448,587.518572,588.083116,588.655386,589.235679,589.824261,590.420559,591.025824,591.638321,592.258675,592.887503,593.524721,594.169891,594.823302,595.485300,596.155206,596.833922,597.520655,598.216858,598.920608,599.633478,600.354896,601.085314,601.824529,602.572181,603.328960,604.094838,604.869388,605.653143,606.446213,607.248177,608.059369,608.879511,609.709152,610.547726,611.395916,612.253580,613.120532,613.997263,614.883636,615.779564,616.685276,617.600249,618.525588,619.460506,620.405433,621.360377,622.325171,623.300624,624.285869,625.281266,626.287042,627.302799,628.329227,629.366394,630.413521,631.471383,632.539819,633.618809,634.708443,635.808815,636.920018,638.042107,639.175233,640.319383,641.474981,642.641426,643.819060,645.007931,646.207968,647.419385,648.642169,649.876501,651.122527,652.380232,653.649730,654.930809,656.223639,657.528621,658.845449,660.174228,661.515256,662.868419,664.233825,665.611623,667.001573,668.404201,669.819166,671.246697,672.686926,674.139621,675.605204,677.083916,678.575255,680.079752,681.597124,683.127747,684.671512,686.228622,687.798794,689.382495,690.979789,692.590723,694.215172,695.853443,697.505374,699.171213,700.850927,702.544725,704.252625,705.974696,707.711053,709.461654,711.226678,713.006141,714.800172,716.608820,718.432373,720.270572,722.123541,723.991530,725.874658,727.772853,729.686210,731.614845,733.558836,735.518231,737.493144,739.483851,741.490184,743.512239,745.550204,747.604061,749.673961,751.759920,753.862196,755.980846,758.115731,760.267142,762.435087,764.619645,766.820856,769.039029,771.274219,773.526262,775.795364,778.081763,780.385624,782.706537,785.044846,787.400757,789.774436,792.165927,794.574983,797.002036,799.447092,801.910305,804.391713,806.891489,809.409637,811.946226,814.501457,817.075210,819.667794,822.279325,824.909754,827.559302,830.227922,832.915775,835.623015,838.349756,841.096063,843.862099,846.647960,849.453638,852.279571,855.125263,857.991114,860.877185,863.783634,866.710570,869.658179,872.626274,875.615413,878.625318,881.656246,884.708342,887.781569,890.876155,893.992233,897.129914,900.289146,903.470151,906.673043,909.898008,913.144909,916.413961,919.705465,923.019657,926.355998,929.715157,933.096981,936.501565,939.929113,943.379700,946.853601,950.351154,953.871742,957.415843,960.983735,964.575383,968.190994,971.830479,975.494078,979.182063,982.894123,986.630977,990.392097,994.178051,997.988676,1001.824227,1005.685003,1009.570989,1013.482105,1017.418616,1021.380668,1025.368449,1029.381854,1033.421212,1037.486484,1041.577858,1045.695576,1049.839556,1054.010323,1058.207397,1062.431442,1066.682097,1070.960016,1075.264741,1079.596949,1083.956212,1088.343124,1092.757756,1097.199814,1101.669734,1106.167779,1110.693978,1115.248134,1119.830627,1124.441580,1129.081120,1133.749432,1138.446556,1143.172696,1147.927842,1152.712206,1157.525842,1162.369200,1167.241974,1172.144566,1177.077076,1182.039500,1187.031969,1192.054704,1197.107863,1202.191413,1207.305554,1212.450548,1217.626310,1222.833101,1228.070997,1233.340152,1238.640696,1243.972790,1249.336498,1254.731883,1260.159270,1265.619243,1271.110754,1276.634633,1282.190965,1287.779834,1293.401365,1299.055706,1304.742993,1310.463502,1316.216967,1322.003897
589.689087,589.318495,588.929922,588.543421,588.159704,587.776718,587.399252,587.023248,586.649224,586.276210,585.907160,585.540242,585.176040,584.826785,584.454695,584.097799,583.743651,583.392278,583.043207,582.715594,582.352580,582.020747,581.669723,581.336479,581.003319,580.673184,580.357195,580.020222,579.695208,579.387905,579.059492,578.741305,578.421494,578.123231,577.818703,577.516504,577.214595,576.935787,576.635544,576.333003,576.041930,575.757101,575.471993,575.195024,574.906830,574.645131,574.373991,574.110947,573.841724,573.524780,573.324248,573.066148,572.813684,572.569878,572.318519,572.078675,571.836299,571.599664,571.368317,571.136534,570.922440,570.686020,570.467309,570.250322,570.042150,569.826066,569.619782,569.415959,569.216022,569.019326,568.826582,568.633020,568.453026,568.268259,568.089319,567.914712,567.744594,567.573292,567.409324,567.244809,567.090436,566.942539,566.786902,566.638815,566.497977,566.306102,566.224043,566.091710,565.965637,565.842107,565.700592,565.607559,565.494914,565.384461,565.282650,565.182352,565.090135,564.994703,564.908165,564.824326,564.739204,564.666701,564.595414,564.520188,564.465323,564.406352,564.358370,564.300845,564.254994,564.213813,564.175397,564.144985,564.114645,564.087312,564.066877,564.053112,564.040519,564.036826,564.035423,564.037352,564.045493,564.056704,564.073557,564.093581,564.119397,564.150334,564.185397,564.224869,564.268636,564.319207,564.373545,564.429861,564.490535,564.568595,564.639357,564.720091,564.797019,564.891988,564.991860,565.085105,565.190281,565.300810,565.414207,565.535059,565.659433,565.789577,565.926487,566.071896,566.220372,566.366010,566.520731,566.682914,566.850901,567.024220,567.202622,567.385061,567.578264,567.771482,567.976063,568.183559,568.396413,568.615815,568.838931,569.069957,569.311099,569.547895,569.797496,570.051034,570.311435,570.573710,570.848913,571.126237,571.408609,571.703829,571.998137,572.304547,572.610737,572.924501,573.246737,573.574216,573.909552,574.250716,574.601145,574.953432,575.312979,575.679708,576.053737,576.434395,576.820991,577.215598,577.614916,578.022871,578.436726,578.857999,579.287235,579.722589,580.163819,580.612371,581.069552,581.532614,582.002998,582.480934,582.965364,583.457464,583.956948,584.464385,584.978233,585.500423,586.029491,586.566245,587.110669,587.662870,588.222765,588.790074,589.364848,589.947469,590.538229,591.136749,591.743806,592.358526,592.980867,593.611356,594.250340,594.897060,595.552091,596.215376,596.886624,597.566503,598.254197,598.951221,599.656104,600.369476,601.091565,601.822229,602.562122,603.310135,604.067017,604.832974,605.607482,606.391107,607.183812,607.985378,608.796045,609.615574,610.444444,611.282091,612.129399,612.985886,613.851702,614.726996,615.611898,616.506074,617.410160,618.323478,619.246664,620.179480,621.122175,622.074737,623.037068,624.009716,624.992514,625.984920,626.987441,628.000302,629.023492,630.057064,631.100796,632.154853,633.219549,634.294574,635.380181,636.476324,637.583211,638.700740,639.829215,640.968573,642.119114,643.280571,644.452955,645.636513,646.831036,648.036760,649.253768,650.482221,651.722123,652.973394,654.236437,655.511114,656.797221,658.095344,659.405090,660.726750,662.060307,663.406044,664.763847,666.133743,667.515838,668.910279,670.316899,671.736083,673.167547,674.611759,676.068243,677.537539,679.019879,680.515007,682.022699,683.543529,685.077362,686.624201,688.184185,689.757424,691.344049,692.944161,694.557599,696.184608,697.825259,699.479557,701.147588,702.829447,704.525263,706.235066,707.958844,709.696911,711.449137,713.215680,714.996422,716.791701,718.601657,720.426096,722.265204,724.118901,725.987690,727.871363,729.769980,731.683679,733.612535,735.556596,737.515975,739.490783,741.481305,743.487257,745.508864,747.546184,749.599328,751.668375,753.753495,755.854561,757.972000,760.105597,762.255529,764.421855,766.604654,768.804135,771.020448,773.253397,775.503186,777.770062,780.053849,782.355096,784.673207,787.008696,789.361600,791.732231,794.120218,796.526039,798.949497,801.390854,803.850330,806.327691,808.823373,811.337285,813.869497,816.420213,818.989429,821.577093,824.183684,826.809029,829.453351,832.116578,834.798936,837.500500,840.221483,842.961798,845.721864,848.501446,851.300743,854.120003,856.959030,859.817995,862.697062,865.596356,868.516039,871.455921,874.416745,877.397886,880.399951,883.422773,886.466648,889.531459,892.617503,895.724921,898.853665,902.003859,905.175663,908.369194,911.584634,914.821760,918.081099,921.362533,924.666543,927.992681,931.341278,934.712320,938.106070,941.522580,944.961971,948.424698,951.910525,955.419439,958.951654,962.507499,966.086952,969.690226,973.317057,976.968005,980.642973,984.341938,988.065512,991.813319,995.585499,999.382310,1003.203868,1007.050470,1010.922101,1014.818679,1018.740551,1022.687618,1026.660344,1030.658444,1034.682344,1038.731972,1042.807617,1046.909216,1051.037216,1055.191365,1059.372009,1063.579129,1067.812829,1072.073586,1076.360965,1080.675636,1085.017168,1089.386379,1093.782673,1098.206418,1102.658018,1107.137175,1111.644473,1116.179534,1120.742733,1125.334195,1129.954045,1134.602467,1139.279503,1143.985354,1148.720010,1153.483682,1158.276426,1163.098688,1167.950164,1172.831353,1177.742058,1182.682572,1187.652925,1192.653339,1197.683971,1202.744787,1207.835987,1212.957833,1218.110238,1223.293464,1228.507585,1233.752757,1239.029107,1244.336797,1249.675889,1255.046448,1260.449238,1265.883519,1271.349567,1276.847769,1282.378211,1287.940976,1293.536189,1299.163996,1304.824534,1310.518079,1316.244364,1322.003897
588.063588,587.684567,587.313872,586.932362,586.577347,586.212785,585.848683,585.487592,585.128882,584.773205,584.432612,584.068694,583.719966,583.373793,583.030477,582.689669,582.350827,582.015316,581.691505,581.348131,581.022311,580.697015,580.373742,580.066707,579.736936,579.425582,579.120234,578.798394,578.487776,578.174895,577.885149,577.585509,577.290974,576.996836,576.706446,576.417475,576.133082,575.852917,575.581019,575.292401,574.965815,574.750079,574.487408,574.223761,573.961591,573.699914,573.392237,573.198578,572.947005,572.700353,572.457244,572.217321,571.981038,571.746961,571.514577,571.287484,571.063063,570.842045,570.625095,570.404140,570.198689,569.990392,569.783905,569.559951,569.384746,569.189747,568.997994,568.807685,568.624632,568.443135,568.262805,568.091376,567.919314,567.752623,567.583294,567.432779,567.268753,567.116535,566.966796,566.820688,566.678186,566.537644,566.404165,566.272403,566.144511,566.019293,565.900227,565.783780,565.671067,565.563049,565.457304,565.371672,565.258357,565.165160,565.079044,564.989887,564.909907,564.832637,564.757221,564.687187,564.591872,564.560739,564.505683,564.450993,564.407275,564.352586,564.316881,564.278616,564.249414,564.223536,564.198840,564.179737,564.162968,564.154444,564.147723,564.149229,564.150560,564.157043,564.169825,564.185803,564.218762,564.233896,564.265061,564.298313,564.337595,564.393462,564.430020,564.483941,564.542032,564.605241,564.673274,564.773194,564.824031,564.907035,564.995169,565.086108,565.184315,565.295968,565.394659,565.512809,565.625095,565.754707,565.876841,566.007430,566.145416,566.289472,566.443805,566.591982,566.751312,566.917617,567.085757,567.260756,567.442861,567.629902,567.820551,568.017313,568.218164,568.425577,568.643432,568.863480,569.089029,569.321751,569.557468,569.798370,570.049730,570.304709,570.565034,570.831090,571.098944,571.381703,571.665646,571.953353,572.254551,572.554898,572.866859,573.178900,573.498415,573.826143,574.159160,574.500004,574.846549,575.202347,575.559635,575.924490,576.295959,576.675113,577.061097,577.452033,577.851523,578.255450,578.667802,579.086283,579.511677,579.945419,580.384909,580.830411,581.283257,581.743571,582.210867,582.684959,583.166533,583.654730,584.149984,584.653628,585.163421,585.681079,586.206317,586.738516,587.278106,587.825673,588.380260,588.943054,589.513052,590.090075,590.675098,591.268196,591.869001,592.477934,593.094705,593.718951,594.351074,594.991467,595.640089,596.296530,596.960932,597.633745,598.314854,599.003682,599.701274,600.407241,601.121248,601.843933,602.575104,603.315574,604.063813,604.820709,605.586757,606.361278,607.144501,607.937042,608.738278,609.548335,610.367364,611.195443,612.032238,612.878560,613.733925,614.598494,615.472489,616.355799,617.248591,618.150797,619.062529,619.983658,620.914543,621.854838,622.804974,623.765050,624.735079,625.714920,626.704749,627.704236,628.714087,629.733857,630.764164,631.804436,632.854832,633.915818,634.986912,636.068516,637.160577,638.263064,639.376158,640.500033,641.634664,642.780201,643.936781,645.103872,646.282299,647.471354,648.671653,649.882876,651.105345,652.339138,653.584318,654.841007,656.109239,657.388834,658.680067,659.982900,661.297482,662.623780,663.962116,665.312377,666.674484,668.048788,669.435133,670.833650,672.244468,673.667449,675.102993,676.550648,678.010932,679.484149,680.969760,682.468128,683.979180,685.503282,687.040124,688.590106,690.152878,691.728904,693.318366,694.920956,696.536918,698.166370,699.809250,701.465739,703.135850,704.819695,706.517431,708.228917,709.954509,711.694099,713.447698,715.215490,716.997552,718.793933,720.604960,722.430249,724.270036,726.124557,727.993900,729.878002,731.776954,733.690823,735.619836,737.563832,739.523141,741.497869,743.487904,745.493339,747.514351,749.550950,751.603256,753.671291,755.755313,757.855380,759.971347,762.103506,764.251865,766.416492,768.597436,770.794999,773.009271,775.239982,777.487439,779.751845,782.033363,784.331579,786.646839,788.979355,791.329362,793.696634,796.081208,798.483431,800.903266,803.340905,805.796373,808.269839,810.761306,813.270841,815.798644,818.344593,820.909010,823.491962,826.093390,828.713646,831.352556,834.010332,836.687084,839.382948,842.097986,844.832359,847.586162,850.359384,853.152462,855.964899,858.797092,861.649100,864.521081,867.413141,870.325465,873.257864,876.210908,879.184199,882.178260,885.192997,888.228445,891.284830,894.362284,897.460914,900.580654,903.721739,906.884325,910.068521,913.274220,916.501635,919.751074,923.022474,926.316127,929.631889,932.969871,936.330167,939.712979,943.118419,946.546574,949.997992,953.472156,956.969295,960.489693,964.033300,967.600658,971.191303,974.805510,978.443660,982.105632,985.791491,989.501718,993.236020,996.994518,1000.777468,1004.585045,1008.417492,1012.274597,1016.156594,1020.063701,1023.995821,1027.953417,1031.936308,1035.944604,1039.978548,1044.038323,1048.123866,1052.235692,1056.373342,1060.537455,1064.727679,1068.944663,1073.187951,1077.457952,1081.755053,1086.078823,1090.430147,1094.808226,1099.213655,1103.646695,1108.107256,1112.595493,1117.111431,1121.655311,1126.227256,1130.827392,1135.455902,1140.112827,1144.798366,1149.512511,1154.255472,1159.027302,1163.828450,1168.658609,1173.518277,1178.407260,1183.325846,1188.274068,1193.252173,1198.260260,1203.298305,1208.366551,1213.465235,1218.594272,1223.753922,1228.944259,1234.165437,1239.417584,1244.700860,1250.015330,1255.361055,1260.738800,1266.147824,1271.588403,1277.060923,1282.565471,1288.102128,1293.671019,1299.272291,1304.906078,1310.572657,1316.271761,1322.003897
586.476535,586.130322,585.774135,585.418787,585.066287,584.716188,584.368375,584.021751,583.679197,583.340300,583.002174,582.666715,582.333983,582.002997,581.675215,581.360217,581.024183,580.706420,580.388790,580.073402,579.773847,579.451031,579.109778,578.850028,578.535669,578.232047,577.938806,577.644656,577.352092,577.063883,576.768757,576.493528,576.215952,575.933835,575.660519,575.395195,575.117353,574.854002,574.589545,574.321863,574.071008,573.815572,573.564493,573.314419,573.068451,572.854644,572.585047,572.347271,572.119063,571.882578,571.657118,571.429907,571.206566,570.989314,570.772265,570.571751,570.350084,570.145236,569.941946,569.749751,569.545221,569.347218,569.161713,568.975140,568.791651,568.609694,568.476919,568.268881,568.086615,567.925074,567.760971,567.557485,567.445857,567.291150,567.137679,566.996607,566.852867,566.715740,566.580492,566.450254,566.250678,566.196604,566.075913,565.957348,565.835324,565.735838,565.631598,565.529215,565.430173,565.333118,565.244540,565.157925,565.078509,565.013775,564.922073,564.851275,564.781967,564.718143,564.628546,564.603940,564.554815,564.505974,564.465509,564.419146,564.389048,564.356154,564.332496,564.312409,564.292869,564.279156,564.265439,564.264595,564.263457,564.268599,564.274972,564.286967,564.303864,564.325082,564.352691,564.388266,564.418728,564.456255,564.500009,564.547649,564.600693,564.658337,564.720816,564.788042,564.855425,564.933791,565.019871,565.103956,565.191224,565.292297,565.391468,565.503139,565.606380,565.724066,565.840275,565.970099,566.100388,566.236800,566.378030,566.525166,566.680713,566.839799,566.995018,567.153489,567.331986,567.509660,567.693673,567.878075,568.069834,568.273476,568.476576,568.687756,568.902835,569.123685,569.353798,569.581944,569.818484,570.064555,570.312216,570.571168,570.830265,571.102341,571.369923,571.647918,571.933120,572.223166,572.519942,572.823989,573.129899,573.449777,573.765258,574.092314,574.423765,574.762650,575.108689,575.460426,575.821764,576.183772,576.553671,576.930023,577.314173,577.705071,578.100526,578.504778,578.913258,579.330213,579.752876,580.182815,580.620551,581.064348,581.514072,581.970609,582.435047,582.906237,583.383991,583.869211,584.360941,584.860035,585.366577,585.879348,586.400756,586.928720,587.463960,588.006424,588.556713,589.114179,589.679407,590.252165,590.831589,591.419070,592.014226,592.617184,593.228160,593.846898,594.473053,595.106871,595.748835,596.399263,597.057045,597.722709,598.396710,599.078747,599.768887,600.467109,601.174217,601.888865,602.612235,603.343792,604.084662,604.833178,605.590231,606.356348,607.130811,607.913980,608.706148,609.506988,610.316599,611.134959,611.962199,612.798370,613.643480,614.497890,615.361314,616.233955,617.115756,618.007038,618.907572,619.817507,620.736621,621.665500,622.603666,623.551584,624.509304,625.476496,626.453810,627.440752,628.437419,629.444028,630.460776,631.487765,632.524530,633.571403,634.628587,635.695921,636.773493,637.861487,638.959722,640.068426,641.187724,642.317783,643.458330,644.610020,645.772111,646.945171,648.128996,649.323782,650.529349,651.745987,652.973828,654.213070,655.463401,656.725274,657.998272,659.282720,660.578817,661.886401,663.205579,664.536589,665.879427,667.233905,668.600469,669.978777,671.369402,672.771854,674.186503,675.613433,677.052425,678.503849,679.968006,681.444319,682.933412,684.434927,685.949260,687.476321,689.016240,690.568803,692.134450,693.713362,695.305229,696.910276,698.528676,700.160311,701.805379,703.463939,705.135962,706.821697,708.521094,710.234335,711.961412,713.702381,715.457400,717.226324,719.009489,720.807035,722.618757,724.444865,726.285228,728.140440,730.010182,731.894574,733.793740,735.707753,737.636660,739.580573,741.539599,743.514023,745.503559,747.508434,749.528694,751.564459,753.615802,755.682825,757.765754,759.864352,761.978930,764.109511,766.256150,768.419004,770.598049,772.793663,775.005570,777.233976,779.479123,781.740835,784.019658,786.314996,788.627360,790.956764,793.303643,795.667381,798.048655,800.447204,802.863292,805.297134,807.748497,810.217812,812.704990,815.210097,817.733335,820.274700,822.834137,825.412123,828.008484,830.623441,833.256921,835.909146,838.580192,841.270268,843.979287,846.707665,849.455167,852.221988,855.008376,857.814132,860.639425,863.484419,866.349236,869.234037,872.138624,875.063617,878.008786,880.974330,883.960236,886.966738,889.993779,893.041634,896.110393,899.200153,902.310888,905.442808,908.596026,911.770722,914.966761,918.184406,921.423797,924.685327,927.968401,931.273750,934.601028,937.950516,941.322354,944.716609,948.133571,951.573558,955.035956,958.521241,962.029688,965.561261,969.116163,972.694305,976.296016,979.921166,983.570081,987.242858,990.939589,994.660338,998.405105,1002.174146,1005.967639,1009.785817,1013.628545,1017.495907,1021.388145,1025.305274,1029.247698,1033.215233,1037.208009,1041.226211,1045.270077,1049.339525,1053.435078,1057.556253,1061.703712,1065.877091,1070.077044,1074.303110,1078.555699,1082.835174,1087.141186,1091.474514,1095.834416,1100.221474,1104.635949,1109.077752,1113.547036,1118.043825,1122.568360,1127.120765,1131.701288,1136.309736,1140.946678,1145.611732,1150.305345,1155.027503,1159.778570,1164.558484,1169.367307,1174.205499,1179.072680,1183.969324,1188.895463,1193.851152,1198.836682,1203.851966,1208.897245,1213.972756,1219.078413,1224.214475,1229.381016,1234.578191,1239.806126,1245.064981,1250.354819,1255.675703,1261.028396,1266.412157,1271.827262,1277.274096,1282.752745,1288.263290,1293.805857,1299.380590,1304.987625,1310.627236,1316.299158,1322.003897
585.121793,584.643800,584.302212,583.962582,583.625881,583.281119,582.959167,582.629288,582.301782,581.976949,581.654660,581.334295,581.027254,580.699196,580.388989,580.079009,579.771425,579.478976,579.164725,578.864452,578.579190,578.270947,577.974679,577.688977,577.401860,577.116425,576.836182,576.547309,576.279076,576.005666,575.733059,575.465013,575.201235,574.875479,574.680077,574.421011,574.160939,573.863816,573.667970,573.426781,573.179145,572.939385,572.704707,572.468400,572.236721,572.013480,571.782198,571.560938,571.343091,571.125887,570.913283,570.702342,570.506953,570.290865,570.084934,569.893209,569.698578,569.505936,569.318232,569.133574,568.951567,568.772997,568.573617,568.468734,568.256996,568.093318,567.928751,567.769814,567.614583,567.465350,567.314766,567.167593,567.023579,566.888330,566.758179,566.619939,566.494324,566.370213,566.249492,566.132251,566.018450,565.907100,565.802201,565.678787,565.601757,565.506481,565.414169,565.319729,565.241820,565.152618,565.088871,565.012418,564.972232,564.880607,564.824102,564.760300,564.706769,564.657570,564.620447,564.571603,564.534864,564.496384,564.471889,564.444562,564.426557,564.409993,564.397424,564.389330,564.380200,564.383783,564.389159,564.398596,564.410798,564.428680,564.448952,564.476717,564.507847,564.547601,564.582883,564.623807,564.672419,564.725295,564.781731,564.843615,564.910280,564.981846,565.054140,565.130568,565.225221,565.312217,565.407790,565.499425,565.610269,565.719958,565.836716,565.948209,566.076183,566.205294,566.337727,566.478893,566.620120,566.768800,566.922770,567.087571,567.245437,567.413460,567.589337,567.768333,567.952566,568.142449,568.338327,568.537943,568.744391,568.953268,569.173414,569.396204,569.624014,569.857281,570.095781,570.340472,570.592408,570.848900,571.109346,571.376650,571.653881,571.928171,572.212232,572.503405,572.799049,573.102421,573.411000,573.723827,574.048916,574.367989,574.702758,575.040006,575.384051,575.735368,576.092330,576.458891,576.825918,577.200747,577.581982,577.970932,578.366585,578.766948,579.174692,579.588733,580.009995,580.437345,580.871238,581.313127,581.761089,582.214849,582.675290,583.143214,583.618782,584.100097,584.588653,585.084151,585.586458,586.096238,586.612225,587.136847,587.667708,588.206195,588.751361,589.304328,589.864531,590.432428,591.007579,591.589527,592.179247,592.776752,593.381658,593.994691,594.615225,595.243379,595.878922,596.522416,597.174453,597.833444,598.500644,599.175818,599.859025,600.550259,601.249112,601.956995,602.672540,603.396377,604.128476,604.869229,605.618535,606.375858,607.141749,607.916421,608.699390,609.491221,610.291694,611.100811,611.918555,612.745094,613.580410,614.424561,615.277947,616.140164,617.011467,617.891796,618.781552,619.680332,620.588599,621.506203,622.432694,623.368744,624.314379,625.269686,626.234388,627.209048,628.193313,629.186984,630.190600,631.204088,632.227956,633.261306,634.304608,635.358007,636.421575,637.495158,638.579241,639.673278,640.777700,641.892454,643.017931,644.153734,645.300507,646.457654,647.625306,648.804035,649.993280,651.193393,652.404382,653.626398,654.859500,656.103641,657.359180,658.625749,659.903611,661.192939,662.493622,663.805748,665.129425,666.464953,667.811984,669.170792,670.541396,671.923990,673.318368,674.724728,676.143196,677.573750,679.016259,680.471175,681.938735,683.418555,684.910655,686.415382,687.932724,689.462615,691.005377,692.560613,694.129085,695.710385,697.304680,698.912086,700.532683,702.166512,703.813583,705.473979,707.147869,708.835367,710.536332,712.251144,713.979593,715.721910,717.477950,719.248048,721.032171,722.830671,724.643112,726.469749,728.310800,730.166431,732.036445,733.921041,735.820293,737.734291,739.663008,741.606727,743.565573,745.539371,747.528362,749.532436,751.551865,753.586680,755.636903,757.702788,759.784394,761.881619,763.994610,766.123518,768.268363,770.429257,772.606303,774.799785,777.009366,779.235354,781.477947,783.737308,786.013021,788.305431,790.614746,792.941203,795.284571,797.644886,800.022511,802.417357,804.829719,807.259439,809.706692,812.171846,814.654623,817.155287,819.673709,822.210228,824.764777,827.337689,829.928920,832.538416,835.166420,837.813006,840.478357,843.162423,845.865412,848.587512,851.328682,854.089264,856.868811,859.667717,862.486041,865.323937,868.181511,871.058947,873.956051,876.873394,879.810576,882.768118,885.745923,888.744026,891.762639,894.801927,897.861960,900.942683,904.044327,907.166998,910.310888,913.475937,916.662161,919.870066,923.099428,926.350663,929.623506,932.918206,936.234743,939.573362,942.934164,946.317217,949.722991,953.151245,956.601966,960.075366,963.571769,967.091153,970.633728,974.199228,977.788210,981.400574,985.036361,988.695987,992.379265,996.086271,999.817258,1003.572343,1007.351817,1011.155665,1014.983803,1018.836575,1022.713880,1026.616147,1030.543186,1034.495324,1038.472519,1042.474957,1046.502875,1050.556191,1054.635426,1058.740097,1062.870864,1067.027365,1071.210252,1075.419062,1079.654207,1083.916048,1088.204234,1092.519547,1096.861241,1101.229899,1105.625782,1110.048799,1114.499102,1118.976716,1123.481881,1128.014719,1132.575480,1137.163968,1141.780753,1146.425452,1151.098511,1155.799916,1160.530031,1165.288791,1170.076260,1174.892896,1179.738320,1184.613004,1189.516981,1194.450402,1199.413262,1204.405771,1209.428070,1214.480395,1219.562659,1224.675123,1229.817858,1234.991019,1240.194733,1245.429158,1250.694357,1255.990392,1261.318027,1266.676519,1272.066144,1277.487287,1282.940033,1288.424463,1293.940701,1299.488893,1305.069174,1310.681817,1316.326556,1322.003897
583.571828,583.227949,582.891444,582.599904,582.256003,581.936594,581.619590,581.305077,580.992474,580.683445,580.376142,580.070995,579.768367,579.467284,579.170870,578.877210,578.585060,578.307080,578.005416,577.716631,577.438010,577.158282,576.880183,576.626406,576.324729,576.068260,575.797328,575.548534,575.270152,575.013301,574.757244,574.409816,574.253175,573.993894,573.760960,573.519470,573.226000,573.042641,572.880824,572.581355,572.351265,572.117259,571.902327,571.684131,571.499288,571.256896,571.044482,570.835301,570.616614,570.429304,570.230874,570.034917,569.844001,569.654581,569.476116,569.284543,569.099898,568.928420,568.754619,568.583968,568.411315,568.252429,568.091889,567.931927,567.780435,567.628150,567.475964,567.343269,567.195041,567.041482,566.947134,566.792348,566.670859,566.540908,566.417213,566.247291,566.189600,566.079658,565.973172,565.860240,565.770736,565.654304,565.583852,565.495123,565.429231,565.324112,565.248598,565.174269,565.110559,565.040502,564.979681,564.921229,564.864359,564.831031,564.765992,564.722551,564.685634,564.648535,564.617424,564.590497,564.565836,564.544067,564.531652,564.520341,564.512934,564.510555,564.508744,564.515238,564.525801,564.540393,564.557642,564.578672,564.605598,564.636763,564.672222,564.711722,564.756687,564.803078,564.856394,564.913526,564.973781,565.039120,565.110659,565.199541,565.265308,565.349400,565.464285,565.533572,565.629932,565.733205,565.844617,565.952331,566.080305,566.192684,566.318714,566.445924,566.589250,566.727347,566.875663,567.026150,567.183314,567.349504,567.510499,567.680948,567.851308,568.039476,568.225821,568.416706,568.614394,568.815267,569.026373,569.237425,569.456641,569.675886,569.909557,570.143828,570.385440,570.631852,570.880591,571.143404,571.399248,571.668444,571.941600,572.221474,572.505887,572.796417,573.092026,573.394312,573.703652,574.018889,574.336902,574.664023,574.991726,575.331569,575.674549,576.024406,576.380514,576.742774,577.114683,577.486174,577.865885,578.252161,578.645778,579.046074,579.451029,579.863363,580.281950,580.707529,581.139370,581.577242,582.023097,582.475304,582.933028,583.397421,583.868757,584.347749,584.833239,585.325341,585.824164,586.329699,586.842605,587.362386,587.889905,588.423633,588.965151,589.513213,590.068781,590.631613,591.201907,591.779571,592.364246,592.956064,593.555756,594.162668,594.777253,595.400087,596.030103,596.667407,597.312388,597.965505,598.626303,599.294785,599.971092,600.655447,601.347872,602.047511,602.755941,603.472457,604.196789,604.929351,605.670504,606.420047,607.177615,607.943477,608.718094,609.500974,610.292335,611.092343,611.901208,612.718263,613.544175,614.378612,615.221819,616.074163,616.935191,617.805300,618.684191,619.572384,620.469522,621.375891,622.291737,623.216233,624.150261,625.093503,626.046410,627.008795,627.980631,628.962114,629.953167,630.953763,631.964142,632.984663,634.014761,635.054551,636.104350,637.164211,638.233925,639.314040,640.403916,641.503970,642.614325,643.735189,644.866403,646.008224,647.160500,648.323057,649.496411,650.680421,651.875118,653.080354,654.296544,655.523718,656.761794,658.010910,659.271299,660.542730,661.825303,663.119192,664.424363,665.740899,667.069148,668.408779,669.759916,671.122905,672.497544,673.883865,675.282085,676.692281,678.114337,679.548187,680.994340,682.452879,683.923625,685.406367,686.901630,688.409355,689.929444,691.462259,693.007431,694.565454,696.136442,697.720086,699.316705,700.926338,702.548966,704.184795,705.833710,707.495944,709.171611,710.860568,712.563140,714.279302,716.008975,717.752462,719.509566,721.280621,723.065798,724.864793,726.677844,728.505045,730.346619,732.202478,734.072686,735.957359,737.856589,739.770458,741.698909,743.642245,745.600624,747.573864,749.562051,751.565347,753.583830,755.617572,757.666672,759.731360,761.811392,763.907077,766.018438,768.145530,770.288572,772.447340,774.622410,776.813438,779.020627,781.244218,783.484034,785.740619,788.013375,790.302811,792.608940,794.932196,797.271960,799.628913,802.002775,804.393914,806.802273,809.227882,811.671185,814.131784,816.610206,819.106080,821.619869,824.151360,826.701030,829.268749,831.854593,834.458632,837.081038,839.721897,842.381379,845.059434,847.756519,850.472226,853.206798,855.960793,858.733640,861.525631,864.336927,867.167648,870.018052,872.887879,875.777339,878.686806,881.616240,884.565629,887.535204,890.524907,893.535010,896.565593,899.616778,902.688512,905.781010,908.894384,912.028813,915.184159,918.360685,921.558528,924.777862,928.018740,931.281243,934.565240,937.871010,941.198691,944.548391,947.920195,951.314831,954.731236,958.170179,961.631627,965.116055,968.623225,972.153180,975.706068,979.282267,982.881654,986.504292,990.150659,993.820460,997.513814,1001.230974,1004.972114,1008.737348,1012.526838,1016.340439,1020.178495,1024.040904,1027.928128,1031.839982,1035.776577,1039.738152,1043.724887,1047.736718,1051.774087,1055.836742,1059.925024,1064.038912,1068.178508,1072.344285,1076.535806,1080.753738,1084.997648,1089.268397,1093.565245,1097.888700,1102.238930,1106.616191,1111.020511,1115.451690,1119.910103,1124.395871,1128.909118,1133.450025,1138.018598,1142.615135,1147.239525,1151.892009,1156.572640,1161.281782,1166.019370,1170.785467,1175.580530,1180.404179,1185.256919,1190.138684,1195.049724,1199.990101,1204.959719,1209.959025,1214.988151,1220.047038,1225.135866,1230.254785,1235.403923,1240.583406,1245.793392,1251.033944,1256.305123,1261.607693,1266.940875,1272.305049,1277.700496,1283.127335,1288.585646,1294.075553,1299.597201,1305.150725,1310.736398,1316.353954,1322.003897
582.196688,581.883066,581.571677,581.262530,580.955959,580.651097,580.349433,580.050372,579.753266,579.450049,579.165973,578.866870,578.589844,578.303899,578.034697,577.740421,577.458840,577.187242,576.914456,576.644657,576.377084,576.103233,575.850242,575.588995,575.347029,575.075467,574.760319,574.577738,574.326282,574.084237,573.838193,573.605818,573.370116,573.137745,572.902683,572.679543,572.454863,572.233275,572.014519,571.824546,571.584096,571.373776,571.168266,570.962544,570.760363,570.546985,570.364394,570.184011,569.979622,569.789126,569.610800,569.429668,569.250973,569.076362,568.904884,568.736298,568.570779,568.405223,568.264893,568.093142,567.940021,567.790060,567.643368,567.499783,567.362874,567.224453,567.088573,566.957216,566.832756,566.708799,566.588870,566.472186,566.357074,566.249030,566.142319,566.039500,565.940086,565.843896,565.730824,565.660774,565.578091,565.495233,565.417080,565.338320,565.269365,565.201652,565.164947,565.080477,565.025891,564.973792,564.919038,564.877799,564.828372,564.799395,564.768250,564.736868,564.711860,564.684911,564.671309,564.655134,564.648027,564.640975,564.640680,564.643092,564.646478,564.658260,564.673778,564.693540,564.715527,564.741581,564.773562,564.808682,564.848686,564.893477,564.921387,564.992449,565.051615,565.112580,565.177645,565.247780,565.322155,565.401254,565.484985,565.572594,565.665417,565.765083,565.870711,565.966686,566.082688,566.197121,566.323859,566.441582,566.568847,566.707764,566.847200,566.990627,567.142409,567.290693,567.453158,567.616912,567.791482,567.960018,568.137409,568.323102,568.510494,568.704519,568.903465,569.106427,569.314783,569.531503,569.751782,569.977668,570.207819,570.443309,570.688439,570.930693,571.183885,571.440667,571.702344,571.972343,572.247902,572.526563,572.812400,573.099702,573.399501,573.700800,574.006346,574.323403,574.644770,574.968676,575.301501,575.634420,575.979688,576.327981,576.683052,577.044419,577.411780,577.788565,578.165021,578.549528,578.940675,579.338860,579.743724,580.153336,580.570140,580.993033,581.422966,581.859108,582.301450,582.750863,583.207307,583.668624,584.136921,584.612425,585.094578,585.583737,586.079110,586.581604,587.090340,587.606318,588.129412,588.659405,589.196555,589.740951,590.291869,590.850135,591.415796,591.988313,592.568461,593.155584,593.749637,594.351321,594.960254,595.577027,596.201376,596.833343,597.472260,598.118854,598.773429,599.435657,600.105516,600.782768,601.468276,602.161508,602.862252,603.571381,604.288880,605.013619,605.746639,606.487988,607.237975,607.995585,608.761433,609.536069,610.318753,611.109913,611.909496,612.717868,613.534322,614.359520,615.193010,616.035605,616.886699,617.746566,618.615339,619.492919,620.379436,621.275100,622.179697,623.093706,624.016190,624.948232,625.889205,626.839777,627.799706,628.768970,629.747682,630.735963,631.733581,632.740769,633.758104,634.785006,635.821315,636.867594,637.923827,638.989627,640.065623,641.151513,642.247383,643.353459,644.469750,645.596337,646.733282,647.880722,649.038298,650.206482,651.385183,652.574433,653.774085,654.984549,656.205853,657.438128,658.680888,659.934990,661.199974,662.475858,663.763044,665.061416,666.370927,667.691995,669.024311,670.367975,671.723217,673.090204,674.468540,675.858735,677.260559,678.674300,680.099661,681.537110,682.986797,684.448436,685.922071,687.407922,688.906214,690.416661,691.939521,693.474804,695.022638,696.583334,698.156487,699.742413,701.341253,702.952884,704.577542,706.215168,707.865845,709.529786,711.206926,712.897483,714.601415,716.318701,718.049622,719.793981,721.552112,723.324020,725.109891,726.909581,728.723025,730.550743,732.392590,734.248587,736.118868,738.003504,739.902643,741.816080,743.744271,745.687283,747.644938,749.617465,751.604785,753.607136,755.624557,757.657188,759.705079,761.768182,763.846737,765.940733,768.050323,770.175599,772.316443,774.473359,776.646031,778.834643,781.039326,783.260279,785.497660,787.751054,790.020807,792.307114,794.610220,796.929892,799.266082,801.619392,803.989491,806.376751,808.781026,811.202455,813.641437,816.097681,818.571450,821.062613,823.571556,826.098141,828.642614,831.205114,833.785504,836.384029,839.000760,841.635877,844.289331,846.961287,849.652048,852.361457,855.089891,857.836900,860.602857,863.387885,866.192069,869.015536,871.858439,874.720583,877.602709,880.504185,883.425617,886.366832,889.328123,892.309368,895.310913,898.332686,901.374943,904.437601,907.520868,910.624854,913.749738,916.895380,920.062044,923.249948,926.459234,929.689554,932.941553,936.214884,939.509825,942.826512,946.165011,949.525706,952.908626,956.313439,959.740525,963.190156,966.662293,970.157139,973.674599,977.215003,980.778217,984.364565,987.974113,991.607037,995.263312,998.942965,1002.646249,1006.373340,1010.124469,1013.899499,1017.698511,1021.521745,1025.369215,1029.241321,1033.137876,1037.058991,1041.004905,1044.975797,1048.971602,1052.992839,1057.039025,1061.110818,1065.207854,1069.330501,1073.479143,1077.653341,1081.853763,1086.079973,1090.332787,1094.611606,1098.916794,1103.248752,1107.607179,1111.992656,1116.404800,1120.843985,1125.310332,1129.803963,1134.325059,1138.873659,1143.449960,1148.053951,1152.685839,1157.345675,1162.033906,1166.750222,1171.494927,1176.268399,1181.070257,1185.901004,1190.760575,1195.649218,1200.566996,1205.513811,1210.490110,1215.496026,1220.531497,1225.596703,1230.691796,1235.816901,1240.972144,1246.157683,1251.373580,1256.619896,1261.897394,1267.205295,1272.543977,1277.913723,1283.314650,1288.746839,1294.210412,1299.705514,1305.232279,1310.790981,1316.381352,1322.003897
580.906760,580.607966,580.321939,580.013881,579.725568,579.434886,579.141889,578.864447,578.572661,578.302119,578.025414,577.771538,577.476773,577.201684,576.891489,576.671944,576.408604,576.147418,575.879886,575.635623,575.382582,575.146546,574.882403,574.636127,574.397172,574.152167,573.917920,573.678259,573.451424,573.222117,572.996192,572.842783,572.549951,572.331979,572.116494,571.903900,571.693371,571.491718,571.281399,571.079526,570.880894,570.685102,570.491578,570.299912,570.113208,569.927898,569.740379,569.568475,569.392535,569.226869,569.049813,568.877725,568.719083,568.558829,568.429895,568.261137,568.095486,567.947311,567.799727,567.660909,567.520825,567.385118,567.255677,567.123550,566.996211,566.889001,566.755234,566.641781,566.525852,566.416713,566.311681,566.207700,566.108105,566.012289,565.908999,565.830620,565.724160,565.661100,565.583846,565.508759,565.434778,565.364782,565.293500,565.241415,565.191919,565.160813,565.084432,565.036743,564.990080,564.922213,564.919342,564.888301,564.863182,564.837314,564.823900,564.802484,564.784578,564.778304,564.776511,564.774998,564.780016,564.787053,564.795925,564.810999,564.834100,564.859408,564.885464,564.916437,564.952944,564.992868,565.037349,565.088063,565.119203,565.196320,565.258311,565.323458,565.407706,565.467093,565.545742,565.628898,565.716211,565.803588,565.901653,566.008370,566.109986,566.221014,566.327057,566.453532,566.578173,566.709589,566.840024,566.983739,567.120364,567.274724,567.417511,567.571126,567.736858,567.904345,568.080514,568.259652,568.431084,568.611122,568.809958,569.004141,569.204970,569.412352,569.624080,569.839678,570.059193,570.280540,570.513675,570.755993,570.998580,571.246165,571.499173,571.757168,572.021267,572.292126,572.566770,572.846045,573.135297,573.423188,573.716406,574.022315,574.329442,574.640927,574.964394,575.290553,575.620162,575.955705,576.294951,576.646754,577.000716,577.360628,577.727212,578.099359,578.481090,578.862390,579.251676,579.647578,580.050386,580.459691,580.873954,581.295114,581.722663,582.156440,582.596836,583.043243,583.496529,583.957019,584.422166,584.894260,585.373382,585.859199,586.351603,586.850613,587.356430,587.868310,588.387618,588.914023,589.446731,589.987209,590.533940,591.087683,591.648497,592.216814,592.791679,593.374401,593.963723,594.560012,595.163941,595.774838,596.393398,597.019617,597.653238,598.293970,598.941972,599.597988,600.261856,600.932649,601.611173,602.297769,602.991905,603.693532,604.403290,605.121493,605.846915,606.580274,607.322031,608.072176,608.830305,609.596030,610.370507,611.153002,611.943906,612.743104,613.550985,614.366843,615.191327,616.024183,616.865664,617.715655,618.574468,619.441940,620.318142,621.203106,622.097198,623.000059,623.912238,624.833044,625.762728,626.701568,627.649891,628.607292,629.574032,630.550073,631.535454,632.530211,633.534400,634.548590,635.572159,636.605133,637.647831,638.700417,639.762331,640.834404,641.916344,643.008036,644.109855,645.221654,646.343716,647.475911,648.618489,649.771114,650.933992,652.107644,653.291514,654.485808,655.690562,656.905962,658.132280,659.368985,660.616838,661.875465,663.144983,664.425408,665.716986,667.019634,668.333411,669.658609,670.994906,672.342535,673.701922,675.072494,676.454619,677.848328,679.253751,680.670848,682.099495,683.540166,684.993211,686.457777,687.934402,689.423214,690.924207,692.437345,693.962925,695.500615,697.051047,698.613881,700.189257,701.777408,703.378178,704.991805,706.618232,708.257539,709.909894,711.575407,713.254023,714.945857,716.650980,718.369469,720.101240,721.846605,723.605588,725.378325,727.164659,728.964682,730.778642,732.606693,734.448661,736.304719,738.174947,740.059431,741.958255,743.871359,745.799065,747.741506,749.698485,751.670063,753.656478,755.657769,757.674005,759.705439,761.751837,763.813415,765.890326,767.982592,770.090341,772.213564,774.352263,776.506970,778.677237,780.863367,783.065567,785.283657,787.518180,789.768536,792.035241,794.318280,796.618111,798.934106,801.266944,803.616342,805.982667,808.365862,810.765953,813.183382,815.617751,818.069586,820.538511,823.024990,825.528807,828.050438,830.589751,833.146820,835.721714,838.314603,840.925571,843.554786,846.202196,848.868257,851.552537,854.255346,856.977170,859.717460,862.476505,865.254466,868.051461,870.867747,873.703060,876.557610,879.431784,882.325494,885.238773,888.171834,891.124618,894.097395,897.090244,900.103284,903.136461,906.189957,909.263975,912.358532,915.473723,918.609560,921.766390,924.944145,928.143185,931.363305,934.604565,937.867130,941.151180,944.456813,947.784095,951.133494,954.504766,957.897916,961.313092,964.750679,968.210630,971.693154,975.197981,978.725667,982.276110,985.849280,989.445794,993.065259,996.707818,1000.373721,1004.063081,1007.776190,1011.513027,1015.273509,1019.057894,1022.866324,1026.698811,1030.555756,1034.436971,1038.342584,1042.272777,1046.227786,1050.207527,1054.212517,1058.242273,1062.297451,1066.377689,1070.483634,1074.614824,1078.771666,1082.954545,1087.163035,1091.397987,1095.658630,1099.945521,1104.258992,1108.598876,1112.965348,1117.358430,1121.778361,1126.225261,1130.699252,1135.200514,1139.729084,1144.285160,1148.868730,1153.480000,1158.119022,1162.786240,1167.481345,1172.204734,1176.956504,1181.736553,1186.545291,1191.382652,1196.248883,1201.143948,1206.068046,1211.021325,1216.004018,1221.016062,1226.057636,1231.128891,1236.229953,1241.360947,1246.522030,1251.713167,1256.934710,1262.187129,1267.469743,1272.782929,1278.126969,1283.501980,1288.908042,1294.345277,1299.813831,1305.313995,1310.845565,1316.408750,1322.003897
579.683388,579.402558,579.120627,578.841117,578.577458,578.280104,578.017044,577.747678,577.488985,577.213919,576.916413,576.675683,576.430609,576.174693,575.920178,575.659210,575.422074,575.176591,574.947556,574.690678,574.349847,574.217012,573.980812,573.697834,573.518639,573.298244,573.075367,572.855199,572.634303,572.422171,572.210371,571.991830,571.794151,571.590191,571.429107,571.189102,570.993600,570.800636,570.523497,570.423268,570.236799,570.054098,569.876071,569.698468,569.527808,569.356884,569.189264,569.024775,568.857342,568.703691,568.548878,568.425336,568.262793,568.099631,567.956047,567.815916,567.674082,567.493722,567.412504,567.284433,567.161402,567.037531,566.916612,566.803636,566.691677,566.588668,566.476685,566.356231,566.227781,566.146113,566.087282,565.998336,565.911228,565.830481,565.751627,565.677156,565.604972,565.535619,565.467989,565.408458,565.348768,565.293964,565.250806,565.197495,565.154180,565.114237,565.073590,565.044268,565.014989,564.996175,564.970400,564.953635,564.936814,564.924807,564.918747,564.906875,564.917404,564.921353,564.931744,564.943821,564.957648,564.976547,565.006394,565.036732,565.067545,565.102426,565.144608,565.189462,565.238282,565.293448,565.329096,565.411098,565.476703,565.546789,565.635900,565.698786,565.781470,565.868650,565.960651,566.052850,566.148678,566.260965,566.371208,566.482619,566.601247,566.724192,566.849492,566.992621,567.117930,567.258818,567.399521,567.554610,567.708098,567.869151,568.033738,568.201017,568.375076,568.559522,568.737487,568.924318,569.119754,569.316056,569.519456,569.730819,569.938960,570.155138,570.382906,570.608706,570.843387,571.081243,571.325143,571.574053,571.829504,572.090103,572.352197,572.628737,572.898912,573.178777,573.465743,573.762322,574.054341,574.356585,574.665632,574.979107,575.295979,575.625219,575.953462,576.290945,576.630655,576.978247,577.332869,577.691671,578.057357,578.429222,578.806709,579.191876,579.578712,579.972553,580.373234,580.780557,581.194575,581.612845,582.038605,582.470358,582.908333,583.352730,583.803249,584.260393,584.724829,585.193737,585.669547,586.152458,586.641731,587.137883,587.639919,588.148884,588.664282,589.186510,589.715917,590.251520,590.794938,591.344382,591.900932,592.464271,593.034973,593.612442,594.197416,594.789240,595.387570,595.993525,596.606413,597.226813,597.854872,598.490125,599.132532,599.782004,600.439518,601.104560,601.776672,602.456439,603.143768,603.839074,604.541902,605.251990,605.970607,606.696932,607.430673,608.172640,608.923142,609.681401,610.447181,611.221545,612.003897,612.794514,613.593326,614.400714,615.215994,616.039679,616.871837,617.712351,618.561350,619.418972,620.285188,621.160017,622.043542,622.935952,623.837183,624.747397,625.666386,626.594019,627.530899,628.476670,629.431636,630.396099,631.369192,632.351869,633.343718,634.345020,635.356082,636.376371,637.406002,638.445091,639.493877,640.552469,641.620587,642.698570,643.786118,644.883636,645.991012,647.108491,648.236112,649.373769,650.521577,651.679419,652.847747,654.026437,655.215260,656.414442,657.624086,658.844434,660.075388,661.317035,662.569317,663.832384,665.106279,666.391097,667.686874,668.993697,670.311649,671.640752,672.980918,674.332622,675.695492,677.069812,678.455417,679.852730,681.261474,682.681628,684.113684,685.557904,687.013404,688.481009,689.960549,691.452111,692.955658,694.471488,695.999267,697.539628,699.092224,700.657200,702.234707,703.824827,705.427558,707.042923,708.671036,710.311952,711.965894,713.632681,715.312635,717.005725,718.711954,720.431381,722.164045,723.910240,725.670012,727.443176,729.230037,731.030361,732.844691,734.672829,736.514838,738.370831,740.240896,742.125115,744.023427,745.936167,747.863385,749.805004,751.761125,753.731743,755.717098,757.717214,759.732227,761.762191,763.807051,765.867046,767.942197,770.032558,772.138383,774.259321,776.396073,778.548250,780.716049,782.899712,785.099059,787.314630,789.545879,791.793151,794.056617,796.336588,798.632761,800.945109,803.274234,805.619801,807.982182,810.361228,812.757077,815.170126,817.600082,820.047209,822.511370,824.992951,827.491814,830.008201,832.542250,835.093823,837.663162,840.250338,842.855528,845.478680,848.119960,850.779669,853.457646,856.154268,858.869084,861.602463,864.354527,867.125360,869.915087,872.723908,875.551476,878.398689,881.264852,884.150572,887.055676,889.980454,892.924784,895.889009,898.873047,901.877179,904.901292,907.945603,911.010219,914.095319,917.200759,920.326803,923.473583,926.641397,929.829923,933.039610,936.270201,939.521974,942.795063,946.089568,949.405665,952.743840,956.103254,959.484598,962.887840,966.313450,969.761189,973.231098,976.723322,980.238268,983.775740,987.335912,990.919029,994.525041,998.153974,1001.806079,1005.481467,1009.180430,1012.902948,1016.648934,1020.418729,1024.212228,1028.029893,1031.871430,1035.737263,1039.627315,1043.541867,1047.480854,1051.444490,1055.433196,1059.446484,1063.485012,1067.548415,1071.637341,1075.751327,1079.890779,1084.056058,1088.246809,1092.463812,1096.706317,1100.974906,1105.269835,1109.591012,1113.938587,1118.312582,1122.713232,1127.140660,1131.594985,1136.076388,1140.584905,1145.120734,1149.683861,1154.274492,1158.892679,1163.538864,1168.212740,1172.914701,1177.644845,1182.403162,1187.189780,1192.004915,1196.848720,1201.721157,1206.622424,1211.552777,1216.512128,1221.500733,1226.518663,1231.566071,1236.643080,1241.749847,1246.886434,1252.052900,1257.249565,1262.476899,1267.734219,1273.021904,1278.340232,1283.689323,1289.069255,1294.480150,1299.922152,1305.395554,1310.900150,1316.436149,1322.003897
578.535778,578.279793,577.999057,577.733560,577.472303,577.211073,576.919551,576.696183,576.429191,576.191441,575.942624,575.696154,575.451103,575.211162,574.972057,574.685371,574.499696,574.266395,574.039023,573.810326,573.588399,573.359902,573.083789,572.930680,572.795191,572.508274,572.297011,572.090365,571.890182,571.686605,571.489134,571.292997,571.099616,570.910291,570.724858,570.538524,570.357242,570.177806,569.999909,569.840525,569.654091,569.481446,569.304848,569.161771,569.000915,568.844837,568.690755,568.540429,568.390181,568.265001,568.104652,567.967720,567.832197,567.697035,567.519455,567.442702,567.318935,567.200932,567.066190,566.991436,566.849170,566.747315,566.640412,566.540217,566.441913,566.344996,566.254681,566.165877,566.080458,565.998597,565.919544,565.844191,565.772008,565.704295,565.660119,565.575860,565.514867,565.452544,565.410079,565.359889,565.319312,565.275916,565.238701,565.204916,565.169861,565.146938,565.123571,565.104136,565.088677,565.076570,565.064150,565.064201,565.061672,565.062172,565.071142,565.080511,565.096237,565.113512,565.132309,565.156185,565.191094,565.227298,565.261373,565.303804,565.348875,565.398509,565.453867,565.511918,565.573047,565.641164,565.708720,565.783108,565.861510,565.942959,566.029957,566.121052,566.217057,566.313096,566.412038,566.527893,566.643156,566.757258,566.879398,567.008940,567.134506,567.275993,567.407875,567.548718,567.701540,567.855044,568.011624,568.176382,568.335245,568.512877,568.688434,568.869972,569.065298,569.248121,569.435272,569.643768,569.846695,570.056453,570.272811,570.493327,570.717507,570.945030,571.176957,571.419783,571.665474,571.915779,572.174926,572.430605,572.695420,572.968166,573.242987,573.524837,573.813419,574.105535,574.403693,574.705927,575.014487,575.328481,575.647720,575.973129,576.304781,576.638028,576.984148,577.328004,577.679494,578.038987,578.402777,578.773650,579.150206,579.532379,579.922469,580.313357,580.712627,581.117869,581.529538,581.947820,582.370626,582.800515,583.236610,583.678926,584.127052,584.581738,585.042601,585.511094,585.983644,586.462899,586.949489,587.442259,587.941417,588.447045,588.959193,589.477646,590.003102,590.535378,591.074288,591.620161,592.172289,592.731738,593.297646,593.870661,594.450663,595.037817,595.631880,596.232409,596.840470,597.455356,598.077467,598.707404,599.344224,599.988115,600.639337,601.298045,601.964218,602.637786,603.318671,604.006997,604.703119,605.406800,606.117670,606.836819,607.563802,608.297981,609.040205,609.790617,610.549185,611.315208,612.089310,612.871764,613.661964,614.460196,615.267011,616.081930,616.904869,617.736212,618.575683,619.423686,620.280249,621.145228,622.018787,622.900774,623.791583,624.691121,625.599528,626.516611,627.442147,628.376987,629.320437,630.272951,631.234898,632.205435,633.185388,634.174514,635.172729,636.180413,637.197769,638.224063,639.259625,640.304894,641.359851,642.424063,643.497932,644.581549,645.674855,646.777869,647.890902,649.013924,650.146869,651.289784,652.442650,653.605713,654.779286,655.962717,657.156374,658.360356,659.574985,660.800008,662.035329,663.281575,664.538282,665.805700,667.083870,668.372870,669.672775,670.983670,672.305546,673.638374,674.982456,676.337803,677.704274,679.081993,680.471212,681.871658,683.283627,684.706989,686.142511,687.589181,689.047758,690.518132,692.000354,693.494461,695.000545,696.518748,698.049071,699.591502,701.146209,702.713293,704.292817,705.884717,707.489255,709.106234,710.735887,712.378356,714.033584,715.701787,717.382917,719.076953,720.784175,722.504381,724.237902,725.984735,727.745051,729.518784,731.305828,733.106501,734.921009,736.749146,738.591127,740.446896,742.316733,744.200384,746.098323,748.010413,749.936998,751.877741,753.832820,755.802431,757.786611,759.785428,761.799137,763.827498,765.870774,767.928972,770.002258,772.090711,774.194317,776.313080,778.447528,780.597212,782.762433,784.943398,787.139923,789.352550,791.580683,793.824822,796.084964,798.361675,800.653984,802.962909,805.288051,807.629777,809.988026,812.362825,814.754613,817.162989,819.588479,822.030705,824.490129,826.966551,829.460393,831.971574,834.500125,837.046182,839.609845,842.191219,844.790471,847.407546,850.042900,852.696097,855.367447,858.057434,860.765507,863.491954,866.236933,869.000560,871.783092,874.584263,877.404280,880.243616,883.101920,885.979484,888.876433,891.792707,894.728572,897.684106,900.659440,903.654480,906.669445,909.704469,912.759645,915.835150,918.930840,922.047041,925.183780,928.341386,931.519442,934.718594,937.938491,941.179409,944.441483,947.724774,951.029666,954.356186,957.703997,961.073477,964.464897,967.878216,971.313632,974.771051,978.250799,981.752739,985.277194,988.824227,992.394011,995.986520,999.601778,1003.240035,1006.901464,1010.586299,1014.294395,1018.025832,1021.780849,1025.559456,1029.362052,1033.188449,1037.038752,1040.913201,1044.811971,1048.734996,1052.682716,1056.654875,1060.651805,1064.673498,1068.720040,1072.791903,1076.888651,1081.010945,1085.158350,1089.331307,1093.530329,1097.754664,1102.004897,1106.281280,1110.583723,1114.912373,1119.267253,1123.648597,1128.056527,1132.491288,1136.952683,1141.441276,1145.956681,1150.499344,1155.069245,1159.666646,1164.291779,1168.944406,1173.625020,1178.333420,1183.069895,1187.834471,1192.627364,1197.448727,1202.298522,1207.176945,1212.084253,1217.020355,1221.985509,1226.979786,1232.003335,1237.056282,1242.138781,1247.250895,1252.392682,1257.564462,1262.766704,1267.998725,1273.260901,1278.553514,1283.876681,1289.230478,1294.615030,1300.030478,1305.477116,1310.954736,1316.463548,1322.003897
577.453793,577.214644,576.945974,576.691507,576.445734,576.199303,575.955254,575.713525,575.476081,575.235952,575.001499,574.704444,574.539907,574.312152,574.086271,573.862709,573.642410,573.426978,573.205110,572.998633,572.788770,572.615296,572.378393,572.174444,571.973459,571.779542,571.581979,571.390084,571.200508,571.013304,570.828824,570.649609,570.468831,570.293545,570.121624,569.947552,569.793724,569.614419,569.445400,569.293202,569.135863,568.990128,568.830470,568.676104,568.535343,568.390372,568.270387,568.114360,567.982350,567.851163,567.723490,567.546488,567.475919,567.356608,567.240525,567.112844,567.044015,566.909906,566.805744,566.705640,566.613028,566.512815,566.421613,566.334714,566.248424,566.166902,566.079325,566.011476,565.919162,565.872060,565.805281,565.745478,565.685351,565.630240,565.573528,565.528812,565.483622,565.446046,565.403680,565.369977,565.346345,565.309288,565.280254,565.263183,565.245796,565.231358,565.222547,565.216032,565.211056,565.214396,565.217845,565.223723,565.238407,565.253043,565.273808,565.296497,565.315144,565.350516,565.387565,565.427475,565.469059,565.516549,565.567558,565.620489,565.680823,565.743555,565.808289,565.883342,565.952909,566.032386,566.114206,566.200083,566.291214,566.386036,566.485502,566.588831,566.696182,566.836519,566.927786,567.052552,567.165552,567.299696,567.433433,567.571370,567.717249,567.861525,568.019224,568.168185,568.341344,568.492452,568.664147,568.837540,569.015624,569.199307,569.387878,569.581089,569.777250,569.980644,570.187410,570.399129,570.619728,570.835980,571.063414,571.297559,571.531147,571.772722,572.014538,572.271250,572.527567,572.789481,573.056038,573.328076,573.605011,573.886081,574.176516,574.467589,574.766024,575.069848,575.374446,575.692336,576.010999,576.336022,576.667692,577.003189,577.343044,577.696583,578.043380,578.400155,578.764593,579.133489,579.509703,579.890782,580.277697,580.671570,581.067992,581.471854,581.881545,582.297570,582.719977,583.147297,583.581468,584.021719,584.468039,584.920185,585.378574,585.843393,586.315457,586.791852,587.274582,587.764801,588.261063,588.763267,589.272350,589.787684,590.309285,590.837818,591.372734,591.914770,592.463077,593.018117,593.580263,594.148632,594.724043,595.306367,595.895927,596.492139,597.094954,597.704840,598.321560,598.945416,599.577172,600.215528,600.861002,601.513784,602.173820,602.841179,603.516226,604.197854,604.887361,605.584275,606.288713,607.000416,607.719981,608.447692,609.182288,609.924808,610.675370,611.434055,612.200210,612.974043,613.756369,614.546251,615.344170,616.150431,616.964747,617.786983,618.617508,619.456148,620.303155,621.158354,622.022251,622.894362,623.774940,624.664019,625.562005,626.468498,627.383797,628.307583,629.240118,630.181280,631.131423,632.090865,633.058836,634.036029,635.022270,636.017676,637.022252,638.036329,639.059466,640.091594,641.133289,642.184576,643.244900,644.314794,645.394522,646.483662,647.582433,648.690936,649.809468,650.937633,652.075721,653.223773,654.381712,655.550141,656.728241,657.916575,659.114926,660.323631,661.542848,662.772187,664.012261,665.262718,666.523709,667.795312,669.077633,670.370752,671.674483,672.989343,674.314926,675.651515,676.999387,678.358222,679.728025,681.109184,682.501548,683.905223,685.320136,686.746765,688.185050,689.634665,691.095914,692.569000,694.053744,695.550292,697.058874,698.579337,700.111761,701.656352,703.213051,704.782136,706.363398,707.957135,709.563159,711.181712,712.812803,714.456614,716.113187,717.782413,719.464608,721.159670,722.867656,724.588604,726.322801,728.070312,729.830996,731.604945,733.392175,735.193148,737.007569,738.835656,740.677350,742.532930,744.402254,746.285437,748.182739,750.094252,752.019893,753.959659,755.913659,757.882093,759.864985,761.862623,763.874597,765.901310,767.942849,769.999232,772.070585,774.156939,776.258162,778.374881,780.506705,782.653828,784.816493,786.994515,789.188435,791.397704,793.622676,795.863492,798.120554,800.393351,802.682053,804.987192,807.308433,809.646147,812.000169,814.370777,816.758021,819.162083,821.582650,824.020057,826.474530,828.945929,831.434545,833.940366,836.463399,839.003836,841.561745,844.137304,846.730457,849.341368,851.970396,854.617203,857.282339,859.965292,862.666431,865.385876,868.123708,870.880051,873.655203,876.448750,879.261187,882.092417,884.942813,887.812220,890.700864,893.608684,896.536001,899.482730,902.449151,905.435150,908.440940,911.466630,914.512325,917.578086,920.663970,923.770187,926.896827,930.044120,933.211943,936.400325,939.609427,942.839446,946.090426,949.362481,952.656265,955.970954,959.307056,962.664620,966.044116,969.445123,972.868219,976.313009,979.780046,983.269227,986.780517,990.314532,993.870878,997.449692,1001.051226,1004.675588,1008.323068,1011.993545,1015.687229,1019.404079,1023.144335,1026.908006,1030.695490,1034.506598,1038.341436,1042.200241,1046.083189,1049.990213,1053.921829,1057.877550,1061.858033,1065.862909,1069.892545,1073.947320,1078.026795,1082.131633,1086.261397,1090.416947,1094.597536,1098.803673,1103.035518,1107.293328,1111.577125,1115.886706,1120.222443,1124.584455,1128.972862,1133.387909,1137.829396,1142.297890,1146.793003,1151.315178,1155.864398,1160.441023,1165.044985,1169.676343,1174.335493,1179.022231,1183.736846,1188.479363,1193.249999,1198.048923,1202.876043,1207.731609,1212.615858,1217.528700,1222.470391,1227.441003,1232.440683,1237.469557,1242.527780,1247.615413,1252.732513,1257.879400,1263.056543,1268.263258,1273.499922,1278.766814,1284.064052,1289.391712,1294.749917,1300.138809,1305.558680,1311.009323,1316.490947,1322.003897
576.437593,576.198758,575.959733,575.722709,575.487950,575.247773,575.024248,574.729420,574.571915,574.349446,574.128189,573.909739,573.691831,573.481751,573.268973,573.053293,572.853657,572.650588,572.449153,572.252648,572.054871,571.860638,571.671847,571.480695,571.294651,571.111620,570.930534,570.751395,570.578561,570.402995,570.233099,570.066186,569.898430,569.736187,569.577006,569.417929,569.307289,569.114354,568.973959,568.818656,568.669977,568.507700,568.396444,568.262032,568.129672,568.000728,567.874323,567.750754,567.575891,567.514504,567.398386,567.286538,567.163294,567.074172,566.969113,566.863694,566.771846,566.677792,566.588171,566.500900,566.415033,566.335245,566.257196,566.182115,566.110630,566.040369,565.976935,565.914724,565.854442,565.823496,565.747788,565.696596,565.648743,565.608356,565.568676,565.540152,565.503678,565.476788,565.451693,565.449872,565.404779,565.393723,565.389215,565.373282,565.373443,565.369433,565.375508,565.374707,565.388142,565.399131,565.419276,565.439203,565.465322,565.497497,565.524729,565.557275,565.600427,565.652530,565.690512,565.742691,565.798576,565.856001,565.919789,565.986846,566.057620,566.136727,566.209282,566.294642,566.381151,566.471229,566.565908,566.664765,566.784255,566.875320,566.986571,567.118718,567.223096,567.346336,567.474948,567.599416,567.745635,567.885170,568.042739,568.181634,568.336682,568.490271,568.659225,568.825482,568.999439,569.175990,569.356579,569.542532,569.739440,569.938229,570.130429,570.326487,570.542810,570.756117,570.974600,571.199665,571.428323,571.661465,571.897452,572.140270,572.387610,572.640550,572.898219,573.160975,573.429915,573.704673,573.979929,574.269851,574.554309,574.844977,575.143050,575.453287,575.756741,576.070739,576.390727,576.714839,577.042660,577.381561,577.724355,578.069073,578.423286,578.776762,579.142901,579.510277,579.884150,580.265407,580.651156,581.042588,581.440526,581.842547,582.250350,582.664379,583.084889,583.511209,583.943145,584.381615,584.825850,585.276109,585.732091,586.194338,586.663182,587.138080,587.618738,588.104964,588.598514,589.097953,589.603752,590.115835,590.634445,591.159048,591.690628,592.228598,592.772990,593.324160,593.882335,594.446608,595.017485,595.595350,596.179919,596.771554,597.369987,597.975002,598.586689,599.205453,599.831018,600.464278,601.104262,601.751384,602.405681,603.066998,603.735569,604.411772,605.094425,605.784754,606.482765,607.188028,607.900343,608.620473,609.348414,610.083765,610.826462,611.577244,612.335951,613.102171,613.875961,614.658048,615.447701,616.245173,617.050930,617.864641,618.686187,619.515807,620.353664,621.199578,622.053736,622.916310,623.787078,624.666203,625.553865,626.450002,627.354749,628.268036,629.189939,630.120362,631.059392,632.007116,632.963999,633.929644,634.903854,635.887354,636.879810,637.881533,638.892390,639.912161,640.940998,641.979153,643.026870,644.083397,645.149363,646.225244,647.310246,648.404668,649.508822,650.622667,651.746420,652.879685,654.022851,655.175803,656.338949,657.511915,658.694860,659.887659,661.090666,662.304091,663.527631,664.761514,666.005793,667.260379,668.525523,669.801221,671.087555,672.384409,673.692197,675.010624,676.339864,677.680173,679.031396,680.393496,681.766807,683.151099,684.546595,685.953161,687.371294,688.800945,690.241656,691.694052,693.158037,694.633501,696.120667,697.619684,699.130363,700.652978,702.187533,703.734040,705.292773,706.863524,708.446588,710.041814,711.649330,713.269260,714.901743,716.546836,718.204391,719.874759,721.557825,723.253647,724.962261,726.683952,728.418613,730.166557,731.927557,733.701633,735.489055,737.290031,739.104351,740.932182,742.773673,744.628776,746.497462,748.380146,750.276687,752.187420,754.112049,756.050678,758.003553,759.970698,761.952451,763.948246,765.958660,767.983682,770.023350,772.077731,774.147068,776.231110,778.330236,780.444380,782.573616,784.718070,786.877946,789.053058,791.243949,793.450018,795.671745,797.909287,800.162845,802.431768,804.716973,807.018057,809.335388,811.668914,814.018624,816.384993,818.767683,821.166984,823.582751,826.015365,828.464626,830.930954,833.414209,835.914570,838.432063,840.966781,843.518849,846.088431,848.675470,851.280336,853.902797,856.543057,859.201605,861.877716,864.571899,867.284238,870.014846,872.763977,875.531366,878.317129,881.121998,883.945286,886.787595,889.648823,892.529018,895.428392,898.346967,901.284948,904.242319,907.219194,910.215710,913.231973,916.268157,919.324173,922.400181,925.496370,928.612918,931.749687,934.907042,938.084723,941.283006,944.502021,947.741867,951.002814,954.285058,957.588043,960.912365,964.257986,967.625376,971.014294,974.424777,977.857063,981.311273,984.787493,988.285862,991.806433,995.349344,998.914555,1002.502315,1006.112733,1009.746099,1013.402389,1017.081515,1020.783815,1024.509184,1028.258045,1032.030203,1035.825980,1039.645330,1043.488432,1047.355519,1051.246503,1055.161900,1059.101223,1063.065126,1067.053243,1071.066219,1075.103589,1079.165757,1083.253106,1087.365206,1091.502839,1095.665434,1099.853340,1104.066957,1108.306113,1112.570982,1116.861583,1121.178152,1125.520806,1129.889664,1134.284904,1138.706561,1143.154830,1147.629697,1152.131364,1156.659882,1161.215610,1165.798480,1170.408552,1175.046278,1179.711277,1184.404015,1189.124523,1193.872847,1198.649278,1203.453722,1208.286416,1213.147593,1218.037162,1222.955380,1227.902314,1232.878116,1237.882908,1242.916845,1247.979987,1253.072393,1258.194379,1263.346417,1268.527821,1273.738966,1278.980133,1284.251437,1289.552956,1294.884811,1300.247144,1305.640246,1311.063912,1316.518347,1322.003897
575.494594,575.266956,575.031401,574.749304,574.596566,574.397612,574.163132,573.948287,573.744815,573.525428,573.321863,573.115303,572.898929,572.711559,572.515637,572.321030,572.131048,571.939585,571.783898,571.568750,571.422032,571.203477,571.026502,570.851398,570.584722,570.510423,570.340879,570.175825,570.016818,569.855304,569.696660,569.542536,569.370410,569.241896,569.096808,568.952764,568.810976,568.673578,568.537251,568.456594,568.274540,568.147762,568.021492,567.901696,567.783164,567.616900,567.554448,567.444204,567.336955,567.218216,567.132808,567.033554,566.935890,566.843471,566.755763,566.674448,566.523332,566.504576,566.393267,566.352726,566.281689,566.213259,566.148726,566.086873,566.027990,565.972653,565.921604,565.872246,565.825706,565.780666,565.743348,565.705003,565.671543,565.650827,565.618350,565.605671,565.578855,565.526226,565.538921,565.538661,565.532698,565.531790,565.532370,565.532909,565.550057,565.557767,565.565181,565.589085,565.614308,565.639471,565.670855,565.703770,565.737519,565.778020,565.826175,565.883139,565.925940,565.982924,566.043504,566.105965,566.174004,566.245325,566.298416,566.400059,566.481060,566.570265,566.661676,566.756252,566.854140,566.957276,567.081110,567.175544,567.291024,567.407363,567.534090,567.663017,567.793148,567.920921,568.070713,568.213780,568.363318,568.516451,568.674670,568.835844,569.002872,569.172469,569.348129,569.528490,569.711706,569.900947,570.100192,570.290531,570.493098,570.699922,570.911162,571.127417,571.347238,571.576514,571.801078,572.037045,572.279363,572.521093,572.768055,573.019788,573.284151,573.548013,573.816865,574.090934,574.368313,574.653832,574.941668,575.236228,575.536846,575.840519,576.152914,576.464975,576.784548,577.110416,577.440750,577.773024,578.117992,578.464649,578.815623,579.174159,579.532757,579.903158,580.275918,580.655343,581.041146,581.431261,581.828521,582.229499,582.636295,583.048569,583.466943,583.891730,584.322142,584.758302,585.200775,585.649101,586.103353,586.563053,587.029304,587.501764,587.980333,588.464371,588.954151,589.450958,589.953960,590.462878,590.977945,591.499768,592.027373,592.561570,593.102423,593.649896,594.203416,594.764294,595.331090,595.904500,596.484622,597.071755,597.665170,598.265787,598.872814,599.486447,600.107054,600.734368,601.369301,602.010780,602.659331,603.315038,603.977713,604.647586,605.324721,606.008562,606.699869,607.398513,608.104673,608.817840,609.538443,610.266697,611.002486,611.745480,612.496537,613.255257,614.021431,614.795155,615.577012,616.366304,617.163407,617.968544,618.781766,619.602599,620.431402,621.268338,622.113088,622.966230,623.827600,624.697002,625.574710,626.460815,627.355240,628.258291,629.169675,630.089717,631.017895,631.954733,632.900135,633.854583,634.817679,635.789196,636.769922,637.759485,638.758228,639.765793,640.782487,641.807964,642.842582,643.886631,644.939639,646.001801,647.073694,648.154532,649.244748,650.344572,651.453962,652.573110,653.701694,654.840026,655.988018,657.145935,658.313823,659.491421,660.678726,661.876249,663.083905,664.301577,665.529369,666.767479,668.015816,669.274581,670.543696,671.823343,673.113372,674.414124,675.725505,677.047514,678.380437,679.724049,681.078539,682.443918,683.820386,685.207777,686.606190,688.015854,689.436942,690.868965,692.312494,693.767415,695.233798,696.711664,698.201124,699.702413,701.215180,702.739766,704.276204,705.824719,707.385085,708.957600,710.542116,712.138763,713.747660,715.368948,717.002594,718.648715,720.307394,721.978525,723.662405,725.358829,727.068168,728.790312,730.525579,732.273664,734.034695,735.808899,737.596482,739.397234,741.211369,743.038829,744.879890,746.734409,748.602520,750.484419,752.380299,754.289937,756.213388,758.150888,760.102470,762.068201,764.048333,766.042621,768.051327,770.074456,772.112171,774.164549,776.231618,778.313243,780.410087,782.521652,784.648234,786.790040,788.946884,791.119304,793.306754,795.509575,797.727917,799.962179,802.211726,804.477154,806.758431,809.055543,811.368792,813.698012,816.043473,818.405248,820.783476,823.177873,825.588763,828.016372,830.460557,832.921608,835.399511,837.894271,840.406079,842.935001,845.481227,848.044658,850.625497,853.224089,855.840094,858.473935,861.125471,863.794696,866.481855,869.187026,871.910330,874.652065,877.411815,880.190072,882.986754,885.802186,888.636256,891.489175,894.360880,897.251688,900.161515,903.090637,906.038940,909.006635,911.993827,915.000623,918.027080,921.073296,924.139353,927.225436,930.331818,933.458143,936.604902,939.771820,942.959219,946.167194,949.395804,952.645516,955.916081,959.207486,962.519912,965.853704,969.208825,972.585392,975.983385,979.403018,982.844410,986.307622,989.792802,993.300120,996.829547,1000.381104,1003.955042,1007.551528,1011.170797,1014.812699,1018.477313,1022.164874,1025.875393,1029.609263,1033.366296,1037.146595,1040.950396,1044.777874,1048.628958,1052.504088,1056.403004,1060.325889,1064.273178,1068.244498,1072.240498,1076.260709,1080.305538,1084.375339,1088.469757,1092.589568,1096.734020,1100.903667,1105.098838,1109.319362,1113.565411,1117.837005,1122.134379,1126.457648,1130.806933,1135.182409,1139.584112,1144.012235,1148.466764,1152.947901,1157.455695,1161.990587,1166.552266,1171.141031,1175.757256,1180.400558,1185.071402,1189.769818,1194.495954,1199.249798,1204.031556,1208.841366,1213.679458,1218.545742,1223.440473,1228.363720,1233.315632,1238.296332,1243.305974,1248.344618,1253.412321,1258.509400,1263.636326,1268.792412,1273.978033,1279.193469,1284.438836,1289.714210,1295.019712,1300.355484,1305.721815,1311.118501,1316.545747,1322.003897
574.616436,574.401460,574.209266,573.981672,573.773206,573.579523,573.359163,573.164271,572.966726,572.842625,572.575785,572.386064,572.197936,572.007578,571.862519,571.647361,571.470475,571.291029,571.117130,570.945297,570.776951,570.610156,570.447675,570.283869,570.124111,569.969600,569.815225,569.662052,569.513307,569.366415,569.223547,569.082369,568.945410,568.809201,568.675818,568.581451,568.417426,568.301895,568.170828,568.049039,567.934097,567.820119,567.709034,567.596425,567.496664,567.392455,567.275128,567.195552,567.102534,567.010434,566.915113,566.836498,566.753102,566.612272,566.546858,566.485292,566.454062,566.386560,566.322054,566.260545,566.200650,566.147231,566.095286,566.044830,566.000212,565.957628,565.918746,565.877819,565.849004,565.783385,565.824327,565.770982,565.748659,565.732302,565.742668,565.705271,565.702413,565.698310,565.698238,565.703336,565.715752,565.714451,565.739094,565.750898,565.771440,565.793455,565.824280,565.854416,565.890922,565.929138,565.967905,566.013198,566.066292,566.119632,566.175702,566.237412,566.304291,566.369912,566.442454,566.518439,566.575360,566.682221,566.766890,566.860745,566.955941,567.054939,567.156917,567.263969,567.392191,567.490047,567.604607,567.728732,567.859361,567.992921,568.125754,568.265970,568.410220,568.556175,568.716046,568.862667,569.021625,569.190892,569.360115,569.544166,569.710854,569.894830,570.080026,570.271284,570.466664,570.673089,570.872108,571.078705,571.294255,571.512678,571.735790,571.961363,572.195590,572.432459,572.673772,572.917861,573.168491,573.424719,573.684101,573.949441,574.219131,574.496202,574.774652,575.059080,575.350917,575.646279,575.946330,576.249080,576.559312,576.874934,577.190780,577.520270,577.850751,578.186358,578.528052,578.875270,579.224577,579.585349,579.943217,580.307649,580.684452,581.062216,581.446313,581.836737,582.231454,582.634352,583.039387,583.450122,583.866510,584.289511,584.718219,585.152630,585.593018,586.039647,586.491747,586.949953,587.413328,587.883172,588.359059,588.841430,589.328989,589.822311,590.322314,590.828317,591.340802,591.858592,592.383383,592.914299,593.451315,593.994822,594.544993,595.101385,595.664814,596.233923,596.809684,597.392010,597.981318,598.577123,599.179678,599.788867,600.404221,601.026698,601.655880,602.292142,602.935204,603.585269,604.242269,604.906412,605.577266,606.255328,606.940381,607.632637,608.332064,609.038908,609.752788,610.473798,611.202603,611.938817,612.682082,613.433258,614.192004,614.958294,615.731950,616.513379,617.302369,618.099175,618.903714,619.716279,620.536392,621.364441,622.200380,623.044133,623.896206,624.756267,625.624378,626.500580,627.385151,628.277949,629.179217,630.088578,631.006838,631.933173,632.867587,633.810808,634.762630,635.723200,636.692100,637.670070,638.656674,639.652494,640.656819,641.670469,642.692615,643.723934,644.764269,645.813593,646.871856,647.939612,649.016713,650.102812,651.198364,652.303278,653.417862,654.541716,655.675282,656.818448,657.971328,659.134051,660.306324,661.488386,662.680181,663.882191,665.094030,666.315732,667.547905,668.790062,670.042597,671.305121,672.578154,673.861484,675.155172,676.459651,677.774495,679.099999,680.436279,681.783183,683.140833,684.509367,685.888746,687.279059,688.680402,690.092739,691.516492,692.951244,694.397289,695.854628,697.323321,698.803398,700.295204,701.798335,703.313102,704.839618,706.377902,707.928077,709.490097,711.064094,712.649995,714.248025,715.858210,717.480628,719.115378,720.762430,722.421919,724.093895,725.778360,727.475394,729.185153,730.907654,732.643230,734.391428,736.152508,737.926788,739.714194,741.514745,743.328444,745.155569,746.996021,748.849794,750.717236,752.598310,754.493257,756.401749,758.323998,760.260200,762.210375,764.174865,766.153098,768.145648,770.152505,772.173705,774.209392,776.259572,778.324228,780.403658,782.497791,784.606711,786.730530,788.869455,791.023300,793.192604,795.376774,797.576261,799.791248,802.021927,804.267642,806.529323,808.806526,811.099657,813.408649,815.733592,818.074652,820.431795,822.805210,825.194747,827.600668,830.023130,832.462136,834.917830,837.390225,839.879386,842.385443,844.908518,847.448676,850.005969,852.580688,855.172718,857.782143,860.409490,863.054033,865.716255,868.396304,871.094231,873.810326,876.544260,879.296351,882.066888,884.855603,887.662954,890.488840,893.333306,896.196562,899.078630,901.979701,904.899788,907.838973,910.797402,913.775180,916.772479,919.789206,922.825460,925.881613,928.957531,932.053509,935.169537,938.305480,941.461608,944.638054,947.834927,951.052358,954.290783,957.549603,960.829248,964.129767,967.451627,970.794584,974.158675,977.544136,980.951085,984.379608,987.829774,991.301837,994.795732,998.311483,1001.849338,1005.409404,1008.991853,1012.596910,1016.224433,1019.874496,1023.547336,1027.242960,1030.961763,1034.703555,1038.468439,1042.256650,1046.068363,1049.903506,1053.762517,1057.645138,1061.551698,1065.482185,1069.436683,1073.415661,1077.418680,1081.446134,1085.498380,1089.575059,1093.676949,1097.803295,1101.954677,1106.131347,1110.333210,1114.560412,1118.812972,1123.091123,1127.394982,1131.724668,1136.080356,1140.462080,1144.870034,1149.304203,1153.764788,1158.251838,1162.765792,1167.306340,1171.873781,1176.468486,1181.090073,1185.739039,1190.415315,1195.119147,1199.850489,1204.609547,1209.396458,1214.211453,1219.054439,1223.925673,1228.825221,1233.753233,1238.709831,1243.695169,1248.709305,1253.752298,1258.824463,1263.926269,1269.057031,1274.217123,1279.406824,1284.626249,1289.875474,1295.154620,1300.463828,1305.803387,1311.173091,1316.573147,1322.003897
573.805725,573.604031,573.408038,573.204126,573.015493,572.913015,572.626052,572.446188,572.262178,572.080552,571.896103,571.722350,571.548156,571.374144,571.203901,571.036361,570.870294,570.708215,570.547070,570.390241,570.232706,570.079051,569.928485,569.780707,569.633992,569.485013,569.347528,569.204444,569.074966,568.943095,568.820811,568.656475,568.552023,568.454213,568.315463,568.198675,568.084164,567.972130,567.862851,567.756519,567.650656,567.553529,567.453845,567.358347,567.296658,567.177426,567.089335,567.002769,566.923513,566.845914,566.714428,566.645660,566.591226,566.562839,566.497496,566.436940,566.379375,566.301549,566.272661,566.224276,566.178642,566.137864,566.097829,566.060542,566.016188,565.993240,565.990727,565.944065,565.931025,565.909320,565.904670,565.886480,565.841066,565.868487,565.872092,565.873811,565.879510,565.890711,565.897596,565.914376,565.936791,565.959699,565.985741,566.012990,566.048645,566.086067,566.125162,566.161148,566.211924,566.263493,566.325002,566.426493,566.440158,566.499815,566.578502,566.648649,566.725501,566.811544,566.867411,566.978638,567.069447,567.165100,567.264758,567.368681,567.474717,567.585117,567.717818,567.819104,567.937357,568.065147,568.199586,568.337511,568.473287,568.616493,568.767154,568.915390,569.075987,569.234502,569.387297,569.568975,569.732660,569.913453,570.089038,570.275745,570.464916,570.657915,570.854738,571.057988,571.274950,571.478512,571.685112,571.913636,572.137243,572.365763,572.599845,572.836467,573.081348,573.331090,573.580545,573.835134,574.094582,574.366264,574.637740,574.917173,575.194329,575.481496,575.771172,576.072630,576.368308,576.673533,576.983801,577.304824,577.620386,577.941003,578.276780,578.611460,578.952855,579.300232,579.651163,580.006356,580.372556,580.736626,581.107030,581.486080,581.868393,582.257739,582.652804,583.051909,583.460590,583.868160,584.283968,584.704845,585.131890,585.565492,586.003065,586.447701,586.899236,587.354090,587.815953,588.282963,588.756538,589.236053,589.721889,590.213075,590.709535,591.212565,591.721881,592.237520,592.758759,593.286207,593.819831,594.359809,594.905979,595.458646,596.017758,596.583378,597.155302,597.733540,598.317964,598.909404,599.507253,600.111962,600.722969,601.340201,601.964393,602.595254,603.232998,603.877790,604.529186,605.187486,605.852911,606.524830,607.203930,607.890184,608.583075,609.283478,609.990940,610.705412,611.427003,612.156092,612.892825,613.636416,614.387502,615.146420,615.912436,616.686271,617.467360,618.255980,619.052332,619.856440,620.668335,621.487723,622.315027,623.149988,623.992756,624.843629,625.702398,626.569236,627.444082,628.327027,629.218142,630.117667,631.025192,631.941473,632.865631,633.797981,634.739017,635.688196,636.646295,637.612787,638.587702,639.571569,640.564531,641.565765,642.576141,643.595105,644.622970,645.659586,646.705442,647.759935,648.823802,649.897001,650.978958,652.070150,653.170733,654.280761,655.400052,656.528856,657.667131,658.815020,659.972622,661.139722,662.316433,663.502720,664.699079,665.905178,667.121136,668.347180,669.583197,670.829301,672.085663,673.352051,674.628703,675.915576,677.213097,678.520860,679.839139,681.167939,682.507519,683.857402,685.218208,686.589628,687.971903,689.365033,690.769012,692.184262,693.610310,695.047615,696.496011,697.955572,699.426448,700.908797,702.402443,703.907553,705.424168,706.952486,708.492493,710.044208,711.607738,713.183063,714.770265,716.369511,717.980788,719.604319,721.239899,722.887856,724.548085,726.220639,727.905597,729.603115,731.313227,733.036173,734.771684,736.519886,738.281009,740.055164,741.842295,743.642393,745.455742,747.282244,749.121890,750.975029,752.841622,754.721858,756.615561,758.522790,760.443790,762.378580,764.327502,766.289982,768.266595,770.257327,772.262216,774.281402,776.314892,778.362713,780.424851,782.501900,784.593361,786.699528,788.820606,790.956409,793.107472,795.273195,797.454054,799.650104,801.861843,804.088318,806.330460,808.588126,810.861386,813.150287,815.454892,817.775572,820.111918,822.464539,824.832987,827.217589,829.618567,832.035778,834.469510,836.919746,839.386491,841.869933,844.370137,846.887291,849.421294,851.972349,854.540798,857.126298,859.729273,862.349578,864.987207,867.642401,870.315239,873.005839,875.714498,878.440797,881.185227,883.947705,886.728552,889.527657,892.345227,895.181198,898.035887,900.909206,903.801442,906.712444,909.642426,912.591572,915.559812,918.547477,921.554421,924.580803,927.626807,930.692612,933.778139,936.883561,940.008806,943.154082,946.319520,949.505215,952.711435,955.938374,959.185472,962.453323,965.741887,969.051634,972.382316,975.733971,979.106833,982.501022,985.916620,989.353766,992.812508,996.292983,999.795149,1003.319252,1006.865399,1010.433876,1014.024659,1017.637657,1021.273124,1024.931197,1028.611882,1032.315575,1036.042084,1039.791530,1043.564091,1047.359998,1051.179160,1055.022091,1058.888301,1062.778443,1066.692148,1070.629777,1074.591709,1078.577500,1082.587811,1086.622202,1090.681503,1094.765048,1098.873257,1103.006318,1107.164484,1111.347658,1115.555984,1119.789482,1124.048384,1128.332808,1132.642869,1136.978744,1141.340466,1145.728228,1150.142014,1154.582025,1159.048310,1163.541307,1168.060704,1172.606894,1177.179968,1181.779822,1186.406860,1191.061013,1195.742525,1200.451453,1205.187695,1209.951693,1214.743577,1219.563254,1224.410978,1229.286816,1234.190918,1239.123404,1244.084429,1249.074050,1254.092323,1259.139566,1264.216247,1269.321679,1274.456236,1279.620197,1284.813676,1290.036748,1295.289535,1300.572176,1305.884961,1311.227683,1316.600547,1322.003897
573.063524,572.962778,572.681972,572.503940,572.322330,572.144712,571.976284,571.794921,571.623766,571.455476,571.288121,571.123011,570.961367,570.703737,570.645306,570.490027,570.339403,570.186395,570.038900,569.893330,569.752229,569.611561,569.487162,569.335205,569.197633,569.073550,568.946931,568.830358,568.698408,568.628782,568.460418,568.345052,568.232517,568.123589,568.016238,567.911816,567.805324,567.708561,567.616353,567.521165,567.430326,567.373805,567.258183,567.174988,567.094408,567.012996,566.943062,566.806199,566.750935,566.700468,566.674016,566.615498,566.551183,566.504297,566.453083,566.403647,566.359894,566.317823,566.301988,566.244266,566.211542,566.179726,566.151079,566.129408,566.106437,566.088241,566.083134,566.065587,566.059592,566.054633,566.050985,566.048126,566.066158,566.065119,566.075934,566.097959,566.104593,566.132071,566.157308,566.184141,566.215432,566.250405,566.288992,566.332306,566.375997,566.424879,566.473858,566.529517,566.591997,566.654800,566.718325,566.788785,566.872420,566.942608,567.038287,567.114515,567.197397,567.290298,567.385423,567.485130,567.588989,567.696973,567.807009,567.921667,568.058582,568.163242,568.284833,568.416647,568.554645,568.696374,568.835339,568.982002,569.136584,569.287794,569.444492,569.611694,569.774536,569.946146,570.115322,570.300657,570.482586,570.671098,570.863422,571.059259,571.260908,571.471317,571.673362,571.887303,572.104526,572.329217,572.554263,572.786280,573.024236,573.261300,573.508036,573.757426,574.009133,574.267519,574.530585,574.798324,575.071239,575.348063,575.631565,575.917552,576.208838,576.505239,576.805763,577.116098,577.424978,577.740165,578.062440,578.387871,578.718467,579.054784,579.395836,579.738291,580.092496,580.451239,580.810252,581.183475,581.549494,581.925516,582.309009,582.696047,583.090016,583.489367,583.893235,584.306419,584.718172,585.137996,585.563139,585.994174,586.431911,586.873457,587.321798,587.777492,588.236131,588.701700,589.172385,589.649838,590.132555,590.621780,591.116347,591.616212,592.122357,592.634809,593.153258,593.677661,594.207902,594.744556,595.287210,595.836159,596.391555,596.952818,597.521089,598.095242,598.675867,599.262492,599.856028,600.455925,601.062570,601.675599,602.294605,602.920489,603.552843,604.192209,604.838493,605.491232,606.150855,606.817476,607.490531,608.170616,608.857836,609.551652,610.252693,610.960913,611.675942,612.398063,613.127536,613.864322,614.608469,615.359591,616.118584,616.884676,617.658437,618.439084,619.227348,620.023305,620.826831,621.638131,622.456812,623.283240,624.117185,624.958932,625.808730,626.666284,627.531767,628.405275,629.286582,630.176016,631.073778,631.979618,632.893705,633.815932,634.746120,635.684855,636.631648,637.587160,638.551164,639.523328,640.504424,641.494321,642.492581,643.499800,644.515573,645.539955,646.573007,647.615299,648.666127,649.726175,650.795293,651.873173,652.960144,654.056414,655.161962,656.276740,657.400808,658.534267,659.677218,660.829616,661.991668,663.163067,664.343915,665.534731,666.735193,667.945334,669.165342,670.395277,671.635110,672.885188,674.145100,675.415118,676.695273,677.985943,679.286652,680.597677,681.919227,683.251465,684.593786,685.946890,687.310479,688.684760,690.069767,691.465475,692.872333,694.289813,695.718413,697.157969,698.608539,700.070276,701.543338,703.027669,704.523071,706.029949,707.548315,709.078343,710.619864,712.173046,713.737866,715.314409,716.902830,718.503183,720.115551,721.739827,723.376277,725.024946,726.685725,728.358835,730.044160,731.742005,733.452534,735.175445,736.910972,738.659016,740.420103,742.193959,743.980662,745.780343,747.593054,749.418875,751.257737,753.110011,754.975579,756.854779,758.747228,760.653147,762.572731,764.506152,766.453289,768.414029,770.388823,772.377526,774.380385,776.397460,778.428591,780.473963,782.533806,784.608046,786.696765,788.800074,790.918180,793.051204,795.198754,797.361159,799.538568,801.731159,803.939121,806.161797,808.400117,810.653633,812.922804,815.207400,817.507672,819.823727,822.155692,824.503277,826.866805,829.246378,831.642152,834.054180,836.482452,838.927130,841.388227,843.865871,846.360184,848.871228,851.399053,853.943950,856.505800,859.084868,861.681136,864.294417,866.925016,869.573075,872.238645,874.922015,877.622853,880.341471,883.078172,885.832668,888.605425,891.396336,894.205447,897.032966,899.878912,902.743408,905.626666,908.528567,911.449320,914.389029,917.347796,920.325731,923.322728,926.339223,929.375083,932.430598,935.505576,938.600427,941.714874,944.849235,948.003603,951.178110,954.373202,957.588272,960.823738,964.079679,967.356528,970.653871,973.972197,977.311360,980.671601,984.052943,987.455540,990.879505,994.325006,997.792012,1001.280542,1004.790843,1008.323024,1011.877364,1015.453913,1019.052431,1022.673277,1026.316456,1029.982362,1033.670803,1037.381880,1041.115828,1044.872817,1048.652777,1052.455918,1056.282654,1060.132492,1064.006085,1067.903064,1071.824071,1075.768638,1079.737168,1083.730037,1087.746817,1091.788284,1095.853864,1099.943905,1104.058832,1108.198383,1112.362820,1116.552126,1120.766535,1125.006162,1129.271123,1133.561661,1137.877573,1142.219422,1146.586816,1150.980197,1155.399613,1159.845111,1164.317130,1168.815357,1173.340184,1177.891702,1182.469805,1187.074899,1191.706912,1196.366089,1201.052485,1205.765998,1210.507071,1215.275831,1220.072186,1224.896388,1229.748506,1234.628687,1239.537052,1244.473754,1249.438850,1254.432397,1259.454711,1264.506260,1269.586356,1274.695372,1279.833588,1285.001116,1290.198033,1295.424457,1300.680529,1305.966538,1311.282276,1316.627948,1322.003897
572.381098,572.205364,572.033077,571.871498,571.697258,571.531707,571.373310,571.208299,571.049074,570.893321,570.730978,570.588343,570.439958,570.294344,570.147623,570.005865,569.866490,569.730345,569.575515,569.476573,569.329900,569.197879,569.078863,568.956063,568.818212,568.718160,568.598747,568.491903,568.381061,568.273668,568.169336,568.065383,567.911158,567.870446,567.787319,567.684561,567.595603,567.509060,567.425491,567.344439,567.266124,567.190997,567.112155,567.047616,566.915879,566.871248,566.816840,566.795826,566.740090,566.680423,566.636783,566.589194,566.544875,566.503249,566.464733,566.454092,566.398067,566.367638,566.339614,566.316499,566.291418,566.241417,566.297046,566.252090,566.245684,566.238139,566.236457,566.237255,566.241632,566.248469,566.259775,566.272922,566.291658,566.306277,566.332431,566.360736,566.391790,566.424697,566.458756,566.502120,566.545381,566.594974,566.642595,566.696794,566.750401,566.812537,566.887539,566.945876,567.015968,567.091608,567.171404,567.252119,567.352489,567.425905,567.524307,567.617155,567.716811,567.820778,567.946012,568.040617,568.154981,568.273603,568.414484,568.522775,568.647995,568.783704,568.925174,569.067789,569.215044,569.362605,569.517104,569.675303,569.835470,570.001981,570.171656,570.346391,570.523179,570.705159,570.892386,571.082627,571.277750,571.475249,571.680577,571.885469,572.097132,572.314095,572.531788,572.758369,572.986724,573.220531,573.457710,573.701629,573.946510,574.195152,574.453366,574.712202,574.976918,575.241543,575.520500,575.799288,576.085812,576.369403,576.663408,576.959647,577.269240,577.572364,577.882085,578.197218,578.518853,578.846081,579.173148,579.513701,579.854566,580.200952,580.550392,580.910369,581.270091,581.636064,582.009453,582.381738,582.766603,583.152802,583.544630,583.943147,584.346938,584.755580,585.171626,585.588595,586.012425,586.441560,586.877020,587.318600,587.764167,588.216185,588.675884,589.138043,589.607417,590.081641,590.562573,591.048781,591.541370,592.039276,592.542284,593.051575,593.567144,594.088571,594.616071,595.148935,595.688471,596.233796,596.785451,597.343311,597.907122,598.477795,599.054486,599.636975,600.225858,600.821465,601.423253,602.031731,602.646713,603.267783,603.895232,604.529104,605.169896,605.817679,606.471683,607.132528,607.800366,608.474517,609.155583,609.843646,610.538364,611.240207,611.948883,612.664571,613.387312,614.116992,614.854198,615.598545,616.349683,617.108707,617.874620,618.648315,619.428678,620.216606,621.012064,621.815126,622.625582,623.443684,624.269262,625.102280,625.942990,626.791488,627.647973,628.512203,629.384116,630.263945,631.151913,632.047739,632.951871,633.863919,634.784070,635.712033,636.648595,637.593060,638.546016,639.507428,640.476859,641.455143,642.442233,643.437390,644.441303,645.453988,646.474996,647.504580,648.543151,649.590482,650.646531,651.711705,652.785630,653.868427,654.960458,656.061544,657.171793,658.291212,659.419775,660.557956,661.705339,662.862252,664.028388,665.203994,666.389155,667.583978,668.788333,670.002471,671.226355,672.460067,673.703954,674.957368,676.220844,677.494376,678.777986,680.071957,681.375906,682.690224,684.015055,685.349976,686.695455,688.051226,689.417673,690.794791,692.182205,693.580770,694.989740,696.409631,697.840530,699.282206,700.734924,702.198763,703.673742,705.159698,706.656947,708.165531,709.685629,711.217067,712.760015,714.314447,715.880487,717.458174,719.047648,720.648904,722.262145,723.887270,725.524396,727.173591,728.834895,730.508255,732.193971,733.892035,735.602625,737.325573,739.060879,740.808886,742.569675,744.343092,746.129311,747.928388,749.740403,751.565287,753.403386,755.254650,757.119348,758.997118,760.888182,762.792732,764.710785,766.642683,768.587849,770.546855,772.519690,774.506385,776.507084,778.521789,780.550524,782.593453,784.650635,786.722108,788.807978,790.908452,793.023342,795.153187,797.297381,799.456383,801.630371,803.819531,806.023208,808.242234,810.476460,812.725959,814.990773,817.271068,819.566905,821.878181,824.205400,826.548113,828.906645,831.281217,833.671685,836.078333,838.501124,840.940122,843.395451,845.867196,848.355543,850.860390,853.381911,855.920525,858.475785,861.048212,863.637586,866.243925,868.867467,871.508290,874.166686,876.842422,879.535605,882.246465,884.975171,887.721787,890.486286,893.268873,896.069519,898.888430,901.725625,904.581304,907.455461,910.348163,913.259586,916.189819,919.139030,922.107127,925.094266,928.100630,931.126395,934.171481,937.236059,940.320056,943.423678,946.547054,949.690296,952.853613,956.037147,959.240643,962.464366,965.708385,968.973165,972.258461,975.564305,978.890932,982.238458,985.606966,988.996522,992.407379,995.839469,999.292813,1002.767658,1006.264108,1009.782333,1013.322555,1016.884629,1020.468629,1024.074787,1027.703110,1031.353989,1035.027233,1038.722942,1042.441349,1046.182625,1049.946699,1053.734005,1057.544281,1061.377729,1065.234716,1069.114932,1073.019000,1076.946449,1080.897682,1084.873077,1088.872201,1092.895833,1096.943396,1101.015239,1105.111757,1109.232775,1113.378463,1117.548837,1121.744130,1125.964455,1130.209928,1134.480725,1138.776875,1143.098641,1147.445798,1151.818751,1156.217480,1160.642240,1165.093261,1169.570299,1174.073842,1178.603688,1183.160118,1187.743155,1192.353012,1196.989838,1201.653588,1206.344458,1211.062591,1215.808215,1220.581261,1225.381904,1230.210290,1235.066540,1239.950774,1244.863144,1249.803707,1254.772520,1259.769898,1264.796307,1269.851061,1274.934531,1280.047029,1285.188571,1290.359327,1295.559386,1300.788886,1306.048117,1311.336870,1316.655349,1322.003897
571.763372,571.606856,571.447478,571.295128,571.135999,570.982824,570.816439,570.692984,570.539548,570.396267,570.258653,570.116387,569.980785,569.848250,569.715363,569.634323,569.473982,569.331590,569.204485,569.091602,568.974174,568.870330,568.806946,568.632077,568.530364,568.425231,568.322047,568.222300,568.123806,568.030591,567.938199,567.848649,567.756481,567.678755,567.595276,567.538114,567.442250,567.367164,567.295046,567.224930,567.160315,567.096725,567.043559,566.940905,566.924193,566.871115,566.816993,566.776764,566.733312,566.692141,566.652451,566.619237,566.587365,566.556644,566.533117,566.509178,566.487310,566.468023,566.455770,566.441937,566.432753,566.435031,566.436392,566.430892,566.397095,566.429809,566.444360,566.471250,566.478454,566.501259,566.528854,566.541086,566.575523,566.612949,566.635851,566.681728,566.721178,566.769634,566.817323,566.877873,566.917384,566.983363,567.041042,567.110155,567.230563,567.252431,567.328935,567.408136,567.492231,567.577405,567.668075,567.762222,567.859258,567.960340,568.064018,568.172295,568.302477,568.400096,568.518468,568.641152,568.785986,568.897937,569.027048,569.166380,569.311224,569.457024,569.608534,569.753602,569.916973,570.078739,570.241919,570.424514,570.584429,570.762271,570.941983,571.126739,571.317002,571.508302,571.707361,571.907665,572.113783,572.322227,572.544120,572.764963,572.980675,573.197285,573.436938,573.671120,573.910279,574.158255,574.400573,574.652112,574.913502,575.174138,575.435828,575.710628,575.985809,576.265726,576.549670,576.840273,577.132662,577.430497,577.733770,578.040263,578.353787,578.671990,578.993583,579.325571,579.652415,579.988451,580.330431,580.675267,581.027398,581.384760,581.745597,582.110298,582.486147,582.857258,583.235724,583.626618,584.017735,584.414973,584.817292,585.225257,585.638445,586.057532,586.479081,586.907703,587.340857,587.780205,588.225579,588.675342,589.131095,589.594470,590.060190,590.533177,591.011048,591.495283,591.985149,592.480845,592.981877,593.488114,594.000519,594.518972,595.043473,595.573646,596.109170,596.651693,597.199764,597.753933,598.314124,598.880676,599.453256,600.032450,600.617214,601.208122,601.805779,602.409542,603.019852,603.636625,604.259411,604.888369,605.523954,606.166206,606.815261,607.470692,608.132780,608.801779,609.477052,610.158934,610.847708,611.543411,612.245911,612.955260,613.671452,614.394612,615.124832,615.862003,616.606783,617.358017,618.116872,618.882807,619.656276,620.436226,621.223899,622.018909,622.821434,623.631314,624.448559,625.273289,626.105363,626.945030,627.792406,628.647739,629.510527,630.381047,631.259292,632.145641,633.039633,633.941992,634.851958,635.770175,636.696317,637.630315,638.572434,639.522904,640.481714,641.448613,642.423980,643.408062,644.400198,645.401094,646.410704,647.428233,648.454391,649.489348,650.533021,651.585278,652.646274,653.716551,654.795106,655.882875,656.979597,658.085305,659.200061,660.323975,661.457278,662.599742,663.751426,664.912488,666.082772,667.262516,668.451668,669.650324,670.858644,672.076569,673.304196,674.541857,675.788940,677.045924,678.312849,679.589726,680.876813,682.173767,683.480939,684.798393,686.126024,687.463904,688.812054,690.170624,691.539850,692.919172,694.309188,695.710102,697.121423,698.543721,699.976598,701.420347,702.875124,704.340805,705.817574,707.305198,708.804090,710.314380,711.835817,713.368647,714.912806,716.468419,718.035527,719.614268,721.204637,722.806835,724.420761,726.046530,727.684211,729.333800,730.995369,732.669091,734.355018,736.053271,737.763704,739.486398,741.221582,742.969361,744.729679,746.502586,748.288183,750.086547,751.897611,753.721717,755.558863,757.409125,759.272434,761.148864,763.038496,764.941509,766.858197,768.787956,770.731384,772.688460,774.659187,776.643791,778.642191,780.654432,782.680507,784.721006,786.775424,788.844054,790.927099,793.024378,795.136398,797.262645,799.403397,801.558893,803.729453,805.914639,808.114437,810.329553,812.559562,814.804909,817.065321,819.341122,821.632368,823.939197,826.261315,828.599045,830.952488,833.321849,835.707025,838.108196,840.525359,842.958638,845.408121,847.873929,850.356121,852.854748,855.370097,857.902047,860.450863,863.016525,865.598844,868.198122,870.814501,873.448031,876.098997,878.767165,881.452784,884.155748,886.876372,889.614885,892.371104,895.145298,897.937449,900.747648,903.576018,906.422767,909.287776,912.171253,915.073298,917.994012,920.933505,923.891709,926.868861,929.865090,932.880663,935.915222,938.969252,942.042476,945.135211,948.247546,951.379576,954.531566,957.703665,960.895458,964.107349,967.339524,970.592054,973.865066,977.158467,980.472493,983.807258,987.162843,990.539385,993.936929,997.355611,1000.795384,1004.256494,1007.739045,1011.243321,1014.769294,1018.316873,1021.886308,1025.477734,1029.091156,1032.726965,1036.384969,1040.065267,1043.768091,1047.493614,1051.241761,1055.012975,1058.806970,1062.624098,1066.464334,1070.327760,1074.214843,1078.125140,1082.059042,1086.016903,1089.998364,1094.004196,1098.033644,1102.087284,1106.165365,1110.267791,1114.394703,1118.546118,1122.722266,1126.923263,1131.149223,1135.400320,1139.676584,1143.978208,1148.305172,1152.657676,1157.035766,1161.439798,1165.869701,1170.325529,1174.807672,1179.315924,1183.850569,1188.411628,1192.999313,1197.613771,1202.254961,1206.923073,1211.618360,1216.340727,1221.090427,1225.867526,1230.672169,1235.504477,1240.364569,1245.252599,1250.168621,1255.112691,1260.085125,1265.086389,1270.115794,1275.173714,1280.260457,1285.376039,1290.520632,1295.694322,1300.897248,1306.129699,1311.391465,1316.682750,1322.003897
571.225302,571.072810,570.907988,570.780995,570.647187,570.499319,570.362470,570.229743,570.093034,569.963173,569.836456,569.707826,569.585674,569.463067,569.341545,569.219848,569.112199,568.970461,568.901769,568.804380,568.673299,568.576706,568.476704,568.378432,568.283425,568.190033,568.101518,568.013762,567.929092,567.841781,567.768623,567.720344,567.614971,567.545710,567.474759,567.405607,567.342945,567.280846,567.221424,567.164237,567.112173,567.061127,567.009844,566.967726,566.925062,566.885242,566.848272,566.812378,566.782362,566.753770,566.728101,566.707150,566.686364,566.667147,566.653213,566.637805,566.633742,566.628093,566.625772,566.628471,566.629494,566.638909,566.648333,566.658655,566.673764,566.693109,566.714733,566.739193,566.766201,566.797464,566.828126,566.875520,566.912089,566.955921,567.000453,567.054131,567.106702,567.166098,567.225503,567.289352,567.349169,567.424757,567.499972,567.574261,567.650581,567.743094,567.828457,567.919279,568.014720,568.113211,568.218603,568.319838,568.427737,568.540001,568.656584,568.775717,568.898210,569.025045,569.173995,569.288985,569.422106,569.565282,569.713610,569.863012,570.018453,570.166300,570.333241,570.498087,570.665833,570.849812,571.013184,571.193060,571.377704,571.564739,571.768268,571.951951,572.151169,572.358784,572.564737,572.776195,572.992769,573.223326,573.438792,573.666590,573.901068,574.137599,574.380474,574.623879,574.876909,575.131443,575.388215,575.652051,575.918756,576.192429,576.462644,576.748868,577.034768,577.328423,577.618456,577.921003,578.221682,578.537925,578.847202,579.165068,579.484524,579.811724,580.144983,580.481321,580.823875,581.169460,581.520675,581.873040,582.237051,582.605644,582.974292,583.357245,583.731739,584.116010,584.508356,584.904401,585.306049,585.712876,586.125041,586.543400,586.964423,587.391629,587.823809,588.261211,588.704281,589.153539,589.607206,590.066705,590.533596,591.002980,591.479325,591.960640,592.448321,592.941192,593.440435,593.944679,594.453812,594.969277,595.490564,596.018038,596.551163,597.089189,597.634488,598.185101,598.741656,599.304440,599.873171,600.448402,601.029739,601.616556,602.209609,602.809148,603.414856,604.026967,604.645538,605.270046,605.900549,606.537715,607.181435,607.831550,608.488383,609.151573,609.821780,610.498020,611.180901,611.870494,612.567001,613.270131,613.980097,614.696958,615.420278,616.151042,616.888227,617.633330,618.384649,619.143321,619.909199,620.682294,621.462340,622.249465,623.043926,623.845923,624.655114,625.471584,626.295466,627.126590,627.965223,628.811502,629.665470,630.527022,631.396048,632.272755,633.157465,634.049897,634.950223,635.858230,636.774434,637.698316,638.630180,639.570039,640.517894,641.474114,642.438530,643.410873,644.392135,645.381238,646.379050,647.385564,648.399810,649.422503,650.453961,651.493992,652.542507,653.599603,654.665851,655.740378,656.823837,657.916237,659.017479,660.127707,661.246890,662.375386,663.512866,664.659561,665.815421,666.980451,668.154785,669.338404,670.531482,671.733977,672.945961,674.167568,675.399027,676.639857,677.890427,679.150785,680.421014,681.701277,682.991306,684.291426,685.601600,686.922047,688.252397,689.592947,690.943781,692.305135,693.676449,695.058314,696.450960,697.853842,699.267505,700.691744,702.126645,703.572430,705.028976,706.496465,707.974665,709.463987,710.964434,712.476131,713.998880,715.532943,717.078243,718.634887,720.203050,721.782612,723.373906,724.976737,726.591220,728.217566,729.855610,731.505565,733.167335,734.841241,736.527183,738.225367,739.935698,741.658067,743.392986,745.140363,746.900055,748.672381,750.457247,752.254803,754.064916,755.888032,757.723959,759.573098,761.435005,763.309941,765.198081,767.099601,769.014373,770.942282,772.883795,774.838749,776.807405,778.789683,780.785618,782.795312,784.818995,786.856589,788.908174,790.973859,793.053845,795.147944,797.256693,799.379463,801.516776,803.668744,805.835574,808.016607,810.212689,812.423628,814.649536,816.890439,819.146503,821.417786,823.704343,826.006200,828.323382,830.656054,833.004435,835.368379,837.748171,840.143770,842.555238,844.982698,847.426271,849.886029,852.361980,854.854260,857.363286,859.888608,862.430822,864.989481,867.564825,870.157017,872.766132,875.392462,878.035770,880.696163,883.373869,886.069055,888.781783,891.512025,894.259984,897.025683,899.809165,902.610608,905.430148,908.267806,911.123617,913.997767,916.890342,919.801509,922.731173,925.679490,928.646640,931.632674,934.637880,937.662022,940.705258,943.767683,946.849466,949.950692,953.071607,956.212348,959.372596,962.552674,965.752657,968.972976,972.213215,975.473861,978.754859,982.056166,985.378083,988.720760,992.084036,995.468390,998.873570,1002.299722,1005.747047,1009.215651,1012.705813,1016.217577,1019.750705,1023.305549,1026.882116,1030.480625,1034.101287,1037.744008,1041.408872,1045.096154,1048.805782,1052.537962,1056.293106,1060.070720,1063.871455,1067.694938,1071.541528,1075.411600,1079.304709,1083.221511,1087.161565,1091.125575,1095.113238,1099.124606,1103.159986,1107.219627,1111.303430,1115.411538,1119.543966,1123.700944,1127.882586,1132.089007,1136.320379,1140.576733,1144.858259,1149.164939,1153.496971,1157.854401,1162.237665,1166.646448,1171.081047,1175.541831,1180.028412,1184.541254,1189.080382,1193.645841,1198.237908,1202.856503,1207.501845,1212.174165,1216.873369,1221.599710,1226.353252,1231.134142,1235.942498,1240.778439,1245.642119,1250.533591,1255.452911,1260.400394,1265.376614,1270.380557,1275.412919,1280.473902,1285.563521,1290.681947,1295.829265,1301.005615,1306.211283,1311.446061,1316.710151,1322.003897
570.737808,570.600962,570.467839,570.336726,570.207107,570.078944,569.953476,569.833219,569.710091,569.593642,569.477203,569.360304,569.250421,569.142109,569.074689,568.939742,568.840215,568.723672,568.631836,568.537472,568.443605,568.353455,568.264537,568.181259,568.098404,568.018082,567.935469,567.866677,567.792747,567.722592,567.657715,567.591330,567.526720,567.467901,567.406092,567.354744,567.300965,567.253869,567.206584,567.159054,567.120830,567.082336,567.021554,567.013029,566.982878,566.952763,566.929643,566.907192,566.886469,566.870989,566.856654,566.845766,566.860133,566.832795,566.828020,566.827464,566.838883,566.840710,566.880610,566.865130,566.877751,566.891725,566.917493,566.941771,566.968542,567.000592,567.032818,567.069970,567.110738,567.154074,567.198570,567.247621,567.299843,567.355625,567.415353,567.469265,567.541352,567.610987,567.680530,567.757773,567.836487,567.916040,568.003023,568.099501,568.183112,568.277940,568.387156,568.456632,568.586562,568.696158,568.808250,568.924626,569.044490,569.168613,569.294529,569.425200,569.559534,569.697123,569.838746,569.980617,570.132666,570.285528,570.444474,570.595547,570.765923,570.933268,571.105629,571.292362,571.458717,571.641299,571.829096,572.018824,572.229190,572.411892,572.613378,572.823788,573.031500,573.246542,573.473040,573.688077,573.915963,574.144527,574.381957,574.620685,574.864790,575.112173,575.364091,575.620739,575.881385,576.148931,576.415081,576.681911,576.966226,577.248783,577.535534,577.826513,578.124230,578.423061,578.727099,579.036477,579.349038,579.669156,579.993906,580.320897,580.658965,580.990967,581.328899,581.679736,582.031065,582.387221,582.746480,583.116130,583.486154,583.860302,584.243030,584.623952,585.017449,585.412552,585.811934,586.218651,586.630060,587.045876,587.470309,587.894454,588.325204,588.760853,589.202513,589.649756,590.103016,590.559646,591.023054,591.493464,591.966278,592.446135,592.931057,593.421726,593.917697,594.420268,594.927574,595.439693,595.958110,596.482188,597.012581,597.548357,598.089146,598.637082,599.190219,599.749393,600.314448,600.885413,601.463054,602.046346,602.635297,603.230513,603.831943,604.439479,605.053287,605.673563,606.299846,606.931869,607.570419,608.215586,608.866900,609.524932,610.189436,610.860438,611.537902,612.221618,612.911844,613.609427,614.312893,615.023572,615.740905,616.464847,617.195679,617.933084,618.678033,619.429750,620.188356,620.954254,621.726931,622.506758,623.293363,624.087354,624.888779,625.697241,626.513052,627.335948,628.166128,629.003593,629.848807,630.701467,631.561598,632.429313,633.304478,634.187559,635.078304,635.976677,636.882804,637.796843,638.718689,639.648370,640.585840,641.531175,642.484824,643.446643,644.416434,645.394643,646.380851,647.375505,648.378664,649.389777,650.409064,651.436948,652.473410,653.518188,654.571459,655.633720,656.704190,657.783431,658.871593,659.968347,661.074062,662.188634,663.312363,664.444919,665.586470,666.737347,667.897136,669.066190,670.244350,671.431716,672.628434,673.834615,675.050203,676.275481,677.510300,678.754424,680.008302,681.271975,682.545449,683.828612,685.121736,686.424648,687.737971,689.060930,690.393956,691.737049,693.090694,694.454229,695.827881,697.212326,698.606881,700.012035,701.427676,702.853820,704.290681,705.738198,707.196520,708.665394,710.145248,711.636079,713.138039,714.650851,716.174864,717.709969,719.256290,720.813867,722.382822,723.963270,725.555133,727.158557,728.773658,730.400262,732.038641,733.688679,735.350694,737.024579,738.710577,740.408532,742.118423,743.840591,745.575114,747.321836,749.080930,750.852447,752.636487,754.432917,756.242182,758.064089,759.899024,761.746584,763.606986,765.480420,767.367060,769.266777,771.179455,773.105511,775.044931,776.997824,778.964159,780.943974,782.937406,784.944558,786.965483,789.000216,791.048860,793.111622,795.188318,797.279458,799.384514,801.503774,803.637471,805.786040,807.948698,810.125771,812.317849,814.524596,816.746186,818.982717,821.234111,823.500733,825.782616,828.079464,830.391599,832.719119,835.062307,837.420825,839.795063,842.184999,844.590695,847.012259,849.449860,851.903403,854.373090,856.859156,859.361477,861.880318,864.415655,866.967300,869.535551,872.120550,874.722344,877.341218,879.976934,882.629741,885.299531,887.986633,890.691227,893.413175,896.152730,898.909871,901.684688,904.477301,907.287930,910.116417,912.963005,915.827780,918.710842,921.612298,924.532079,927.470421,930.427450,933.403401,936.398006,939.411658,942.444107,945.495668,948.566431,951.656506,954.766099,957.895350,961.044000,964.212314,967.400482,970.608592,973.836771,977.084925,980.353286,983.641968,986.951051,990.280599,993.630863,997.001770,1000.393342,1003.805822,1007.239313,1010.693980,1014.170045,1017.667361,1021.185997,1024.726186,1028.287930,1031.871619,1035.477059,1039.104348,1042.753716,1046.425334,1050.119126,1053.835524,1057.574266,1061.335529,1065.119741,1068.926526,1072.756526,1076.609269,1080.485155,1084.384559,1088.307047,1092.253443,1096.223024,1100.216281,1104.233587,1108.274542,1112.339694,1116.428969,1120.542381,1124.680162,1128.842423,1133.029278,1137.240901,1141.477320,1145.738726,1150.025099,1154.336637,1158.673385,1163.035779,1167.423503,1171.836853,1176.276199,1180.741151,1185.232172,1189.749288,1194.292542,1198.862217,1203.458216,1208.080772,1212.730112,1217.406141,1222.109110,1226.839084,1231.596209,1236.380602,1241.192384,1246.031704,1250.898618,1255.793180,1260.716146,1265.666765,1270.645347,1275.652147,1280.687366,1285.751017,1290.843272,1295.964215,1301.113986,1306.292870,1311.500658,1316.737553,1322.003897
570.323596,570.196645,570.074247,569.954389,569.837216,569.722339,569.627985,569.499894,569.388406,569.283884,569.221975,569.142099,568.989347,568.883661,568.783122,568.696295,568.606884,568.518164,568.372909,568.348379,568.270200,568.192147,568.116525,568.018970,567.974217,567.928472,567.839254,567.779012,567.716862,567.656772,567.601049,567.473587,567.441136,567.449383,567.413208,567.361951,567.321439,567.285730,567.248905,567.191677,567.186965,567.160226,567.134131,567.114624,567.096002,567.078647,567.068791,567.057863,567.047953,567.065791,567.036884,567.042085,567.045385,567.051797,567.063263,567.073109,567.091308,567.109420,567.127923,567.147087,567.178997,567.212750,567.248444,567.274031,567.315901,567.358676,567.409322,567.452574,567.503030,567.554576,567.615344,567.675561,567.742091,567.806433,567.876925,567.945648,568.027434,568.159346,568.190316,568.274722,568.366058,568.460446,568.555273,568.654461,568.759961,568.871882,568.975927,569.089710,569.203730,569.326363,569.450295,569.578197,569.708066,569.842761,569.982002,570.122323,570.267219,570.413324,570.568545,570.724778,570.887459,571.042016,571.215416,571.386080,571.561708,571.751519,571.917666,572.106869,572.297365,572.489840,572.690996,572.889557,573.093079,573.303833,573.515947,573.735786,573.961881,574.179998,574.409035,574.642652,574.879777,575.122824,575.367324,575.616386,575.874547,576.126016,576.387232,576.658455,576.928442,577.202841,577.483392,577.765730,578.054001,578.346493,578.642955,578.943901,579.251499,579.559801,579.882252,580.197500,580.521307,580.848492,581.180250,581.518560,581.860390,582.206941,582.558997,582.914297,583.274876,583.642935,584.013344,584.387765,584.768887,585.152940,585.541046,585.938548,586.338007,586.742129,587.153021,587.568669,587.988540,588.418391,588.845000,589.279733,589.719436,590.165076,590.616007,591.072320,591.533496,592.000525,592.474035,592.950044,593.433486,593.921954,594.415704,594.915086,595.420505,595.930804,596.445995,596.967082,597.494022,598.027274,598.565831,599.109241,599.659537,600.215208,600.776885,601.344217,601.917789,602.497247,603.082449,603.673654,604.270738,604.874137,605.483436,606.099103,606.720859,607.348832,607.982337,608.622348,609.268849,609.921366,610.580644,611.246254,611.918256,612.596648,613.281271,613.972321,614.670532,615.374680,616.085843,616.803620,617.528029,618.258954,618.996543,619.741680,620.493413,621.251903,622.017754,622.790182,623.569614,624.355793,625.149313,625.950109,626.757858,627.572876,628.394924,629.224026,630.060491,630.904559,631.755945,632.614723,633.480989,634.354655,635.236146,636.125028,637.021555,637.925778,638.837850,639.757489,640.684978,641.620065,642.562961,643.514066,644.473239,645.440371,646.415626,647.398848,648.390610,649.390363,650.398292,651.414194,652.438639,653.471442,654.512498,655.561956,656.620193,657.686707,658.761791,659.845715,660.938054,662.039270,663.149229,664.268142,665.395942,666.532530,667.678188,668.832918,669.996717,671.169380,672.351160,673.542229,674.742611,675.952306,677.171544,678.400135,679.637989,680.885447,682.142552,683.409244,684.685729,685.971932,687.267785,688.573720,689.889425,691.215073,692.550645,693.896522,695.252260,696.617961,697.994254,699.380555,700.777261,702.184428,703.601890,705.029980,706.468527,707.917762,709.377520,710.847916,712.329199,713.821506,715.324514,716.838577,718.363586,719.899664,721.446850,723.005344,724.575034,726.156044,727.748476,729.352379,730.967739,732.594667,734.233098,735.883351,737.545317,739.219238,740.904959,742.602457,744.312058,746.033813,747.767724,749.513778,751.272093,753.042766,754.825710,756.621230,758.429307,760.250029,762.083526,763.929609,765.788447,767.660370,769.545208,771.442867,773.353636,775.277662,777.214880,779.165518,781.129390,783.106699,785.097480,787.101993,789.120057,791.151853,793.197453,795.257060,797.330796,799.418262,801.519745,803.635476,805.765626,807.910199,810.068735,812.242009,814.429831,816.632375,818.849469,821.081476,823.328383,825.590325,827.867089,830.158935,832.465947,834.788343,837.126027,839.479129,841.847759,844.231925,846.631751,849.047354,851.478806,853.926113,856.389409,858.869109,861.364892,863.876962,866.405261,868.949897,871.511029,874.088734,876.683301,879.294490,881.922408,884.567280,887.229272,889.908445,892.604768,895.318443,898.049491,900.797953,903.564007,906.347785,909.149308,911.968608,914.805870,917.661178,920.534630,923.426333,926.336236,929.264588,932.211435,935.177066,938.161097,941.164120,944.185791,947.226426,950.286106,953.364980,956.463469,959.580968,962.717892,965.874352,969.050532,972.246501,975.462384,978.698181,981.953871,985.229755,988.525915,991.842450,995.179405,998.536913,1001.914924,1005.313682,1008.733289,1012.174027,1015.635866,1019.118710,1022.622810,1026.148297,1029.695172,1033.263828,1036.854067,1040.465987,1044.099818,1047.755729,1051.433645,1055.133997,1058.856522,1062.601544,1066.369046,1070.159106,1073.972189,1077.807849,1081.666477,1085.548448,1089.453327,1093.381889,1097.333554,1101.308669,1105.307654,1109.330246,1113.376698,1117.446994,1121.541364,1125.659919,1129.802773,1133.970164,1138.161886,1142.378499,1146.619608,1150.885651,1155.176672,1159.492717,1163.834220,1168.200865,1172.592947,1177.010836,1181.454140,1185.923324,1190.418411,1194.939543,1199.486706,1204.060098,1208.659854,1213.286201,1217.939041,1222.618627,1227.325021,1232.058370,1236.818791,1241.606434,1246.421354,1251.263701,1256.133497,1261.031497,1265.956951,1270.910125,1275.891399,1280.900848,1285.938527,1291.004607,1296.099173,1301.222361,1306.374459,1311.555256,1316.764955,1322.003897
569.965289,569.853835,569.744472,569.655605,569.532586,569.420911,569.327220,569.294478,569.132765,569.038065,568.947924,568.852445,568.770693,568.686128,568.602789,568.516989,568.442149,568.369288,568.295778,568.224730,568.151185,568.091953,568.027028,567.965743,567.910895,567.850652,567.796639,567.744867,567.691282,567.650710,567.565290,567.573259,567.526789,567.490252,567.455518,567.425624,567.397309,567.371297,567.348261,567.326195,567.338080,567.294672,567.282340,567.273554,567.265417,567.260498,567.284802,567.258176,567.264565,567.268574,567.276869,567.297499,567.307661,567.327775,567.339710,567.370381,567.402690,567.426927,567.459386,567.494457,567.531654,567.572050,567.613369,567.664684,567.721376,567.769686,567.826078,567.882487,567.948363,568.018244,568.076508,568.153465,568.229731,568.304942,568.398092,568.473920,568.562156,568.648795,568.747012,568.845881,568.945193,569.048663,569.156563,569.270154,569.382805,569.500511,569.619000,569.765802,569.873493,570.005603,570.139161,570.277687,570.419290,570.561533,570.713113,570.866178,571.021766,571.181560,571.347861,571.511334,571.682106,571.855869,572.035040,572.227818,572.397192,572.589310,572.782970,572.978153,573.181941,573.383468,573.591085,573.805627,574.017579,574.239941,574.459845,574.695981,574.920239,575.158836,575.386849,575.639407,575.887017,576.138084,576.397242,576.653389,576.919309,577.185482,577.458657,577.734532,578.014940,578.294791,578.589461,578.883911,579.181253,579.485418,579.790691,580.101422,580.416721,580.735110,581.060862,581.391876,581.725001,582.066748,582.405623,582.748447,583.105154,583.461245,583.822754,584.184306,584.557961,584.935984,585.313437,585.705579,586.088863,586.480715,586.881794,587.285646,587.694885,588.109526,588.529057,588.953676,589.385751,589.817602,590.255872,590.699296,591.149144,591.603531,592.063243,592.527986,592.998914,593.475370,593.955062,594.441909,594.933488,595.429993,595.932945,596.442071,596.954615,597.472698,597.996730,598.526379,599.062291,599.603520,600.149580,600.702209,601.260435,601.824234,602.394016,602.969789,603.551301,604.138515,604.731769,605.330731,605.935989,606.547167,607.164482,607.787922,608.417246,609.052363,609.693646,610.341431,610.995137,611.655619,612.322263,612.995298,613.674581,614.359904,615.051850,615.750577,616.455439,617.167082,617.885162,618.609935,619.341208,620.078947,620.824135,621.575963,622.334411,623.099969,623.872132,624.651186,625.436903,626.229889,627.030081,627.837141,628.651205,629.472482,630.300570,631.136029,631.978959,632.828990,633.686531,634.551224,635.423340,636.303240,637.190412,638.084936,638.987339,639.897116,640.814810,641.740337,642.672908,643.613432,644.561954,645.518395,646.482848,647.455082,648.435501,649.424220,650.420794,651.425478,652.438013,653.459035,654.488102,655.525621,656.571246,657.625446,658.688225,659.759138,660.838699,661.926686,663.023387,664.128818,665.243014,666.365979,667.497698,668.638316,669.787891,670.946433,672.113605,673.289961,674.475462,675.670237,676.873963,678.087077,679.309580,680.541212,681.782292,683.032911,684.292919,685.562739,686.842063,688.130938,689.429671,690.738208,692.056476,693.384710,694.722714,696.070722,697.428536,698.796785,700.174930,701.563314,702.962037,704.370917,705.790288,707.219979,708.660151,710.110853,711.571960,713.043804,714.526528,716.019877,717.524094,719.039111,720.565052,722.101992,723.650019,725.209041,726.779373,728.360970,729.953764,731.558027,733.173625,734.800663,736.439189,738.089364,739.751208,741.424864,743.110299,744.807375,746.516552,748.237717,749.970881,751.716136,753.473565,755.243255,757.025114,758.819453,760.626227,762.445766,764.277633,766.122086,767.979455,769.849567,771.732396,773.628030,775.536814,777.458583,779.393595,781.341767,783.303131,785.277833,787.265966,789.267584,791.282719,793.311474,795.354054,797.410274,799.480651,801.564553,803.662518,805.774647,807.901144,810.041406,812.196018,814.365208,816.548769,818.746841,820.959553,823.186816,825.429150,827.686110,829.957876,832.244609,834.546525,836.863547,839.195693,841.543233,843.906144,846.284485,848.678399,851.087942,853.513132,855.954102,858.411165,860.884177,863.373251,865.878536,868.399784,870.937292,873.491200,876.061574,878.648665,881.252208,883.872516,886.509450,889.163338,891.834359,894.522373,897.227630,899.950108,902.689896,905.447112,908.221939,911.014322,913.824398,916.652286,919.498004,922.361899,925.243657,928.143595,931.061836,933.998615,936.953661,939.927327,942.919474,945.930305,948.959951,952.008492,955.076174,958.163108,961.269042,964.394225,967.538881,970.703063,973.886905,977.090314,980.313518,983.556545,986.819612,990.102880,993.406158,996.729899,1000.073912,1003.438311,1006.823298,1010.228974,1013.655616,1017.103268,1020.571685,1024.061222,1027.571879,1031.103842,1034.657419,1038.232414,1041.828922,1045.447275,1049.087338,1052.749336,1056.433680,1060.139871,1063.868466,1067.619369,1071.392657,1075.188796,1079.007339,1082.848674,1086.713154,1090.600414,1094.511225,1098.444827,1102.401769,1106.382374,1110.386465,1114.414206,1118.465613,1122.540912,1126.640216,1130.763636,1134.911411,1139.083367,1143.279963,1147.500904,1151.746594,1156.017077,1160.312397,1164.632988,1168.978534,1173.349422,1177.745741,1182.167380,1186.614741,1191.087750,1195.586645,1200.111379,1204.662151,1209.239093,1213.842432,1218.472071,1223.128260,1227.811064,1232.520626,1237.257063,1242.020526,1246.811069,1251.628840,1256.473863,1261.346890,1266.247171,1271.174973,1276.130673,1281.114348,1286.126051,1291.165953,1296.234137,1301.330741,1306.456051,1311.609856,1316.792358,1322.003897
569.694187,569.575187,569.470415,569.447954,569.310253,569.197293,569.108020,569.022957,568.932409,568.855721,568.775602,568.697594,568.621574,568.546836,568.478317,568.409832,568.343696,568.307758,568.220023,568.159662,568.102877,568.052051,567.996436,567.947032,567.887383,567.850222,567.813907,567.773577,567.743265,567.702011,567.665852,567.638876,567.593032,567.588451,567.566389,567.546905,567.530389,567.544333,567.504058,567.495273,567.487843,567.487572,567.485973,567.511657,567.487492,567.493022,567.505162,567.519539,567.534772,567.554791,567.532683,567.590091,567.626649,567.663833,567.680735,567.721028,567.758988,567.795877,567.844455,567.889275,567.939551,567.996675,568.049626,568.106374,568.167667,568.231951,568.299841,568.369561,568.445375,568.521245,568.599526,568.683525,568.822969,568.859471,568.951426,569.046559,569.146176,569.249585,569.369668,569.469291,569.548249,569.690834,569.808348,569.931668,570.052343,570.204123,570.314896,570.450775,570.588399,570.730328,570.875842,571.022002,571.177320,571.368350,571.492747,571.655397,571.826060,571.992695,572.166695,572.343608,572.525574,572.722037,572.894262,573.089299,573.285975,573.484156,573.690685,573.894849,574.105207,574.318148,574.538229,574.759161,574.984469,575.222091,575.458946,575.687367,575.927462,576.175034,576.422506,576.678707,576.934027,577.198118,577.461988,577.731641,578.009041,578.283952,578.559160,578.852332,579.143233,579.438256,579.737498,580.040804,580.348753,580.658629,580.976473,581.305096,581.625924,581.955483,582.288667,582.626296,582.969708,583.316852,583.668706,584.025856,584.385737,584.752454,585.124062,585.500545,585.878244,586.262360,586.654065,587.043359,587.442834,587.848163,588.255136,588.669474,589.087972,589.511481,589.940163,590.374300,590.810784,591.253724,591.700734,592.154724,592.613406,593.075923,593.544315,594.018521,594.498212,594.981441,595.471190,595.966120,596.465746,596.971796,597.483819,597.999169,598.520005,599.046897,599.579397,600.117912,600.661641,601.210028,601.765240,602.325859,602.892051,603.463930,604.041993,604.625448,605.214696,605.810018,606.410819,607.017578,607.630593,608.249538,608.874502,609.505355,610.141885,610.784567,611.433636,612.088488,612.750081,613.417761,614.091529,614.771933,615.458050,616.150601,616.849830,617.555365,618.267633,618.986023,619.711037,620.442499,621.180550,621.925489,622.677402,623.435734,624.201180,624.972955,625.751539,626.536872,627.329401,628.128861,628.935150,629.748445,630.568810,631.395897,632.230269,633.072004,633.920834,634.776937,635.640221,636.511103,637.388978,638.274304,639.167157,640.067531,640.975260,641.891038,642.814149,643.744392,644.682554,645.628394,646.582201,647.544047,648.513421,649.490816,650.476497,651.470020,652.471458,653.480659,654.498212,655.523717,656.557569,657.599490,658.649735,659.708522,660.775398,661.850685,662.934364,664.026619,665.127444,666.237043,667.355237,668.482013,669.617549,670.762208,671.915461,673.077286,674.248284,675.428096,676.617170,677.815075,679.022249,680.238690,681.464251,682.698964,683.943079,685.196540,686.459679,687.732224,689.014178,690.305805,691.607204,692.918162,694.238957,695.569328,696.909701,698.259834,699.619656,700.990023,702.370186,703.760521,705.160923,706.571697,707.992558,709.423799,710.865507,712.317431,713.779999,715.253213,716.736981,718.231422,719.736555,721.252463,722.779226,724.316930,725.865484,727.425200,728.996033,730.577916,732.171117,733.775503,735.391178,737.018191,738.656698,740.306740,741.968424,743.641714,745.326553,747.023228,748.731791,750.452195,752.184530,753.928878,755.685327,757.453787,759.234553,761.027632,762.833083,764.651043,766.481321,768.324085,770.179667,772.047891,773.928663,775.822270,777.728840,779.648403,781.581007,783.526605,785.485358,787.457476,789.442686,791.441342,793.453438,795.479179,797.518378,799.571542,801.638120,803.718462,805.812734,807.921239,810.043642,812.179817,814.330427,816.495279,818.674548,820.868181,823.076170,825.298872,827.536296,829.788226,832.054922,834.336466,836.633075,838.944651,841.271302,843.613196,845.970280,848.342696,850.730561,853.133943,855.552847,857.987407,860.438034,862.904407,865.386728,867.884937,870.399139,872.929470,875.476097,878.039173,880.618542,883.214429,885.826638,888.455753,891.101692,893.764423,896.444148,899.140897,901.854673,904.585688,907.334061,910.099811,912.882969,915.683718,918.502139,921.338384,924.192396,927.064326,929.954241,932.862284,935.788784,938.733270,941.696362,944.677714,947.677640,950.696220,953.733636,956.790114,959.865473,962.959651,966.073026,969.205720,972.357799,975.529386,978.720385,981.931059,985.161421,988.411646,991.681766,994.972025,998.282352,1001.612763,1004.963501,1008.334666,1011.726421,1015.138985,1018.572208,1022.026159,1025.501066,1028.996930,1032.514139,1036.052497,1039.612098,1043.193171,1046.795883,1050.420158,1054.066199,1057.734418,1061.424313,1065.136536,1068.870709,1072.627189,1076.406347,1080.207736,1084.032010,1087.878734,1091.748578,1095.641267,1099.556842,1103.495605,1107.457803,1111.443334,1115.452337,1119.484825,1123.541026,1127.621051,1131.725011,1135.853077,1140.005276,1144.181864,1148.382614,1152.607929,1156.857781,1161.132424,1165.432083,1169.756509,1174.106091,1178.480915,1182.880871,1187.306359,1191.757305,1196.233947,1200.736338,1205.264372,1209.818486,1214.398804,1219.005229,1223.638010,1228.297211,1232.982975,1237.695419,1242.434692,1247.200848,1251.993939,1256.814277,1261.662324,1266.537426,1271.439849,1276.369971,1281.327866,1286.313589,1291.327308,1296.369108,1301.439126,1306.537646,1311.664456,1316.819760,1322.003897
569.468893,569.358748,569.284290,569.189413,569.109080,569.029634,568.951989,568.876592,568.803724,568.743024,568.662623,568.598725,568.515045,568.473753,568.409235,568.359320,568.302925,568.252462,568.204693,568.153571,568.108450,568.065214,567.960577,567.988292,567.952223,567.925944,567.888701,567.860489,567.831156,567.811277,567.790777,567.772574,567.756809,567.743771,567.731041,567.724943,567.719268,567.715509,567.719032,567.721085,567.723560,567.731110,567.737145,567.755195,567.770591,567.785452,567.817065,567.792284,567.852619,567.891972,567.921394,567.951825,567.994289,568.035060,568.078146,568.123353,568.172708,568.224746,568.270172,568.342803,568.398778,568.462435,568.526021,568.598811,568.670774,568.749194,568.825051,568.907059,568.988294,569.076690,569.170051,569.264042,569.357124,569.463410,569.564245,569.672121,569.779888,569.892567,570.013270,570.130399,570.251898,570.379408,570.505920,570.639547,570.774641,570.914048,571.055797,571.223040,571.350377,571.497914,571.650897,571.834447,571.981952,572.147784,572.322083,572.491973,572.673401,572.849455,573.034587,573.234653,573.412598,573.607252,573.806962,574.007985,574.217431,574.424307,574.637568,574.852559,575.075478,575.298813,575.526447,575.758655,576.005956,576.235892,576.478858,576.726765,576.978149,577.234663,577.493555,577.756779,578.022209,578.292422,578.572196,578.851838,579.135214,579.423951,579.714756,580.011204,580.312027,580.620501,580.924185,581.241689,581.555175,581.876478,582.200764,582.531977,582.868553,583.208009,583.555354,583.899139,584.247080,584.608627,584.970080,585.336045,585.702334,586.081023,586.461412,586.844493,587.238154,587.627149,588.023495,588.429621,588.836347,589.247935,589.666197,590.089176,590.516486,590.951907,591.386968,591.827571,592.273690,592.724740,593.181931,593.644099,594.110110,594.581522,595.060976,595.541921,596.029091,596.521915,597.019875,597.522685,598.031642,598.546316,599.064644,599.588211,600.117956,600.653033,601.194152,601.740252,602.291343,602.848771,603.411742,603.980092,604.554183,605.134269,605.719769,606.311091,606.908362,607.510930,608.119323,608.733957,609.354680,609.981005,610.613282,611.251118,611.895323,612.545405,613.201462,613.864249,614.532810,615.207424,615.888683,616.575581,617.268778,617.968597,618.674684,619.387400,620.106105,620.831358,621.562938,622.301151,623.046108,623.798023,624.556431,625.321395,626.092822,626.870927,627.656094,628.447845,629.246604,630.052293,630.864627,631.684040,632.510163,633.343507,634.183854,635.031433,635.886173,636.748026,637.617402,638.493559,639.377144,640.268142,641.166521,642.072268,642.985794,643.906653,644.834735,645.770495,646.713768,647.664952,648.624075,649.590627,650.565225,651.547610,652.538149,653.536192,654.542308,655.556340,656.578236,657.608520,658.646675,659.692933,660.747775,661.810680,662.881783,663.961219,665.049019,666.145408,667.250307,668.363640,669.485691,670.616264,671.755847,672.903910,674.060573,675.226007,676.400252,677.583690,678.775833,679.977089,681.187545,682.406951,683.635437,684.873179,686.120221,687.376666,688.642461,689.917556,691.202193,692.496424,693.800189,695.113614,696.436457,697.769254,699.111609,700.463545,701.825894,703.197908,704.579982,705.971948,707.374172,708.786350,710.208772,711.641524,713.084468,714.537674,716.001513,717.475798,718.960589,720.455933,721.961909,723.478597,725.006083,726.544312,728.093502,729.653664,731.224747,732.806967,734.400297,736.004721,737.620339,739.247300,740.885645,742.535492,744.196730,745.869517,747.553796,749.249839,750.957722,752.677233,754.408640,756.151988,757.907187,759.674530,761.454025,763.245728,765.049776,766.865979,768.694501,770.535675,772.389322,774.255417,776.134045,778.025551,779.929881,781.847020,783.777019,785.719999,787.676037,789.645260,791.627614,793.623235,795.632190,797.654683,799.690530,801.740236,803.803178,805.879889,807.970535,810.075120,812.193237,814.325486,816.471847,818.632414,820.807076,822.996128,825.199420,827.417555,829.649847,831.896709,834.158224,836.434608,838.725829,841.031754,843.352804,845.688900,848.040104,850.406555,852.788307,855.185377,857.597896,860.026177,862.470072,864.929768,867.405189,869.896309,872.403347,874.926444,877.465819,880.021253,882.592948,885.181059,887.785446,890.406435,893.044202,895.698606,898.369951,901.058050,903.763151,906.485319,909.224734,911.981338,914.755268,917.546641,920.355473,923.182110,926.026236,928.888165,931.768021,934.665911,937.581933,940.515887,943.468303,946.438834,949.427792,952.435256,955.461470,958.506565,961.570220,964.652750,967.754393,970.874952,974.014897,977.174145,980.352774,983.550734,986.768323,990.005687,993.262725,996.539677,999.836607,1003.153465,1006.490490,1009.847783,1013.225625,1016.623980,1020.042753,1023.482191,1026.942423,1030.423448,1033.925655,1037.448847,1040.993116,1044.558693,1048.145742,1051.754187,1055.384457,1059.036285,1062.709867,1066.405565,1070.123063,1073.862980,1077.624840,1081.409040,1085.215953,1089.045141,1092.897399,1096.772083,1100.669597,1104.590125,1108.533911,1112.500852,1116.491087,1120.504629,1124.541705,1128.602424,1132.686898,1136.795296,1140.927646,1145.084134,1149.264738,1153.469654,1157.698923,1161.952899,1166.231505,1170.534791,1174.863146,1179.216357,1183.594706,1187.998209,1192.427076,1196.881449,1201.361380,1205.866764,1210.398035,1214.955319,1219.538517,1224.147877,1228.783464,1233.445419,1238.133859,1242.848933,1247.590693,1252.359191,1257.154739,1261.977799,1266.827716,1271.704754,1276.609291,1281.541402,1286.501140,1291.488674,1296.504087,1301.547514,1306.619242,1311.719058,1316.847163,1322.003897
569.282370,569.201035,569.132692,568.997606,568.989802,568.922262,568.855541,568.791853,568.731148,568.672356,568.615501,568.555708,568.510419,568.458403,568.411307,568.369230,568.322379,568.270118,568.242763,568.200745,568.174229,568.142495,568.120387,568.083029,568.062738,568.017786,568.021195,568.004562,567.990414,567.978445,567.969013,567.960220,567.957596,567.957852,567.956483,567.961986,567.967700,567.973731,567.984283,567.990401,568.014703,568.031309,568.051287,568.084148,568.063397,568.124277,568.167015,568.201695,568.239312,568.274779,568.323274,568.369198,568.412852,568.470938,568.523080,568.580303,568.645591,568.705459,568.769565,568.838275,568.906800,568.990637,569.060545,569.144758,569.225823,569.311855,569.398187,569.491844,569.589138,569.687639,569.787343,569.893800,570.003044,570.112221,570.233904,570.316919,570.466729,570.587036,570.714157,570.843940,570.976537,571.114110,571.253706,571.396479,571.542022,571.692720,571.844251,571.995076,572.160315,572.322886,572.489647,572.659547,572.836319,573.009769,573.194684,573.373691,573.561965,573.765275,573.946104,574.143623,574.346186,574.550112,574.762311,574.972081,575.188030,575.399212,575.630910,575.856196,576.087219,576.321297,576.560095,576.803095,577.047471,577.298151,577.551830,577.810028,578.070715,578.335776,578.605043,578.880466,579.157834,579.437466,579.722376,580.011183,580.299049,580.602229,580.904095,581.209885,581.521343,581.833951,582.150294,582.473818,582.806890,583.134947,583.470037,583.807913,584.151796,584.500865,584.852773,585.209646,585.572044,585.936954,586.307934,586.681469,587.065442,587.449512,587.835052,588.235685,588.627236,589.026970,589.435949,589.847695,590.264032,590.685788,591.112714,591.544167,591.984281,592.421350,592.866144,593.315689,593.770817,594.231499,594.696805,595.166127,595.641203,596.123753,596.607679,597.098383,597.594164,598.095061,598.600787,599.112820,599.630168,600.151168,600.677555,601.210008,601.747729,602.291242,602.839789,603.393908,603.953030,604.518349,605.088718,605.664821,606.247040,606.834522,607.427740,608.027172,608.631196,609.241245,609.857584,610.479673,611.107604,611.741244,612.380459,613.025797,613.677134,614.334350,614.997997,615.667551,616.343012,617.025085,617.712734,618.406550,619.106851,619.813652,620.526508,621.245693,621.971090,622.702884,623.441114,624.186082,624.937710,625.696248,626.460899,627.231938,628.009618,628.794399,629.585419,630.383711,631.188422,631.999939,632.818349,633.643470,634.475693,635.314831,636.161110,637.014320,637.874949,638.742585,639.617130,640.498994,641.388106,642.284480,643.188248,644.099712,645.018270,645.944036,646.877338,647.818087,648.766688,649.723102,650.686855,651.658507,652.637852,653.625310,654.620135,655.622982,656.633542,657.651990,658.678581,659.712989,660.755402,661.806305,662.865159,663.932104,665.007274,666.090674,667.182554,668.282911,669.391539,670.508722,671.634421,672.768825,673.911875,675.063273,676.223327,677.392077,678.569905,679.756406,680.951734,682.156236,683.369554,684.591856,685.823263,687.063864,688.313617,689.572860,690.841135,692.118856,693.406033,694.702620,696.008683,697.324163,698.649393,699.984086,701.328186,702.682586,704.046545,705.420324,706.804032,708.197789,709.601366,711.015053,712.438831,713.872875,715.316941,716.771455,718.236328,719.711610,721.197260,722.693403,724.200117,725.717525,727.245458,728.784247,730.333769,731.894256,733.465640,735.047988,736.641282,738.245711,739.861156,741.487896,743.125890,744.775402,746.436157,748.108311,749.791956,751.487346,753.194208,754.912809,756.643193,758.385381,760.139334,761.905363,763.683397,765.473773,767.276049,769.090481,770.917401,772.756629,774.608137,776.472012,778.348597,780.237803,782.139687,784.054284,785.981665,787.921924,789.875272,791.841430,793.820753,795.813234,797.819074,799.838091,801.870787,803.916593,805.975881,808.048909,810.135825,812.236143,814.350087,816.478168,818.620293,820.776330,822.946530,825.130781,827.329600,829.542504,831.769780,834.011504,836.267763,838.538851,840.824435,843.124892,845.440197,847.770410,850.115670,852.475980,854.851519,857.242254,859.648506,862.070299,864.507326,866.960153,869.428531,871.912567,874.412392,876.928173,879.460062,882.007900,884.571911,887.151897,889.748440,892.361458,894.990915,897.636998,900.299779,902.979215,905.675532,908.388846,911.119176,913.866549,916.631149,919.413054,922.212413,925.029169,927.863471,930.715384,933.584998,936.472702,939.378147,942.301724,945.243180,948.202825,951.180745,954.177119,957.192135,960.225567,963.277611,966.348365,969.438042,972.546706,975.674479,978.821263,981.987318,985.172571,988.377335,991.601736,994.845749,998.109320,1001.392759,1004.696011,1008.019274,1011.362649,1014.726409,1018.110595,1021.514961,1024.939859,1028.385288,1031.851429,1035.338590,1038.846572,1042.375467,1045.925605,1049.496850,1053.089424,1056.703665,1060.339280,1063.996616,1067.675645,1071.376441,1075.099467,1078.844274,1082.611250,1086.400767,1090.212386,1094.046881,1097.903669,1101.783093,1105.685570,1109.610835,1113.559019,1117.530458,1121.525025,1125.542947,1129.584334,1133.649295,1137.738001,1141.850477,1145.986909,1150.147275,1154.331770,1158.540434,1162.773701,1167.031252,1171.313380,1175.620388,1179.952068,1184.308696,1188.690292,1193.097062,1197.529150,1201.986508,1206.469324,1210.977740,1215.511975,1220.071933,1224.657861,1229.269822,1233.907957,1238.572383,1243.263247,1247.980602,1252.724500,1257.495250,1262.293316,1267.118005,1271.969687,1276.848634,1281.754956,1286.688705,1291.650050,1296.639072,1301.655914,1306.700842,1311.773661,1316.874566,1322.003897
569.181580,569.115577,569.052667,568.991180,568.932035,568.875767,568.857036,568.772846,568.719806,568.673859,568.626234,568.583726,568.546121,568.505732,568.467211,568.432628,568.351790,568.372625,568.345148,568.327061,568.297021,568.277608,568.256674,568.243473,568.230823,568.220370,568.212317,568.237750,568.201868,568.202610,568.204389,568.199199,568.217873,568.224515,568.195421,568.249854,568.264162,568.286899,568.306308,568.333012,568.360124,568.349643,568.411672,568.460131,568.497670,568.535288,568.572951,568.624250,568.680975,568.719229,568.776984,568.834276,568.893800,568.955340,569.026898,569.089984,569.160573,569.231294,569.311358,569.390186,569.474140,569.557570,569.644296,569.742534,569.883306,569.926199,570.027806,570.130747,570.235768,570.346001,570.459874,570.573501,570.690727,570.818864,570.939291,571.064915,571.196002,571.329874,571.466485,571.608033,571.751244,571.898064,572.047448,572.200091,572.357044,572.516562,572.676773,572.846171,573.016144,573.200052,573.369794,573.535676,573.730031,573.917076,574.108208,574.300221,574.498413,574.698836,574.904305,575.110909,575.326032,575.538501,575.757409,575.970619,576.205119,576.432817,576.666637,576.901993,577.143686,577.388021,577.635348,577.887497,578.143864,578.403424,578.666931,578.938281,579.204577,579.481827,579.756310,580.042324,580.328150,580.611653,580.913372,581.212292,581.515274,581.822227,582.132953,582.447701,582.770918,583.090725,583.420047,583.748407,584.086157,584.426898,584.771603,585.126796,585.473630,585.825835,586.192821,586.559336,586.929904,587.300614,587.685383,588.068941,588.455939,588.849864,589.248963,589.646324,590.055467,590.466627,590.881150,591.302594,591.728180,592.158827,592.594601,593.035470,593.478711,593.926961,594.380210,594.839078,595.302991,595.772140,596.244155,596.723085,597.208442,597.695413,598.189374,598.688161,599.192038,599.700741,600.215577,600.735669,601.259168,601.788599,602.323295,602.863637,603.409165,603.960534,604.516750,605.078406,605.645710,606.218079,606.796359,607.380578,607.969698,608.565124,609.166195,609.771895,610.383613,611.001710,611.625080,612.254385,612.889404,613.530024,614.176452,614.828948,615.487200,616.151874,616.822381,617.498581,618.181351,618.869696,619.564081,620.264858,620.972226,621.685209,622.404746,623.130430,623.862268,624.600618,625.345470,626.097159,626.855396,627.619712,628.390433,629.167726,629.951936,630.742322,631.539912,632.343906,633.154476,633.971963,634.796130,635.627062,636.464999,637.309965,638.161773,639.020860,639.886966,640.759884,641.639918,642.527211,643.421540,644.323339,645.232501,646.148968,647.072712,648.003323,648.941656,649.887543,650.841222,651.802332,652.770794,653.747276,654.731500,655.723248,656.722789,657.729722,658.744881,659.767837,660.798551,661.837145,662.884008,663.939052,665.001760,666.072689,667.151741,668.239165,669.334959,670.438890,671.551314,672.672120,673.801520,674.939454,676.085640,677.240338,678.403742,679.575785,680.756833,681.946243,683.144830,684.352116,685.568382,686.793408,688.027623,689.270845,690.523484,691.785012,693.055863,694.335942,695.625517,696.924336,698.232455,699.550196,700.877273,702.213722,703.560159,704.916045,706.281782,707.657200,709.042588,710.437665,711.842652,713.257672,714.682810,716.117810,717.563182,719.018684,720.484461,721.960550,723.446970,724.943800,726.451192,727.968969,729.497460,731.036541,732.586444,734.147101,735.718576,737.300853,738.894118,740.498252,742.113534,743.739962,745.377674,747.026528,748.686616,750.358050,752.041075,753.735419,755.441347,757.158903,758.888106,760.628973,762.381646,764.146258,765.922836,767.711474,769.512018,771.324780,773.149621,774.986827,776.836148,778.697869,780.572133,782.459022,784.358313,786.270258,788.194911,790.132481,792.082689,794.045889,796.022074,798.011311,800.013804,802.029687,804.058480,806.100587,808.156151,810.225475,812.308218,814.404314,816.514246,818.637994,820.775650,822.927192,825.092642,827.272437,829.466137,831.674004,833.896134,836.132607,838.383639,840.649196,842.929124,845.223900,847.533386,849.857660,852.196862,854.551043,856.920218,859.304518,861.704252,864.119454,866.549763,868.995525,871.456898,873.933729,876.426307,878.934782,881.458996,883.999130,886.555337,889.127474,891.715867,894.320690,896.941800,899.579500,902.233636,904.904347,907.591804,910.296141,913.017326,915.755466,918.510685,921.282999,924.072682,926.879622,929.703928,932.545788,935.405309,938.282586,941.177419,944.090336,947.020986,949.969682,952.936501,955.921720,958.925360,961.947207,964.987540,968.046593,971.124169,974.220708,977.336206,980.470659,983.624042,986.796652,989.988657,993.199814,996.430638,999.680962,1002.950803,1006.240400,1009.549850,1012.879315,1016.229011,1019.598786,1022.988707,1026.398998,1029.829659,1033.281075,1036.753048,1040.245670,1043.759167,1047.293705,1050.849204,1054.425865,1058.024099,1061.643400,1065.284330,1068.946773,1072.630820,1076.336929,1080.064648,1083.814364,1087.586426,1091.380467,1095.197187,1099.036026,1102.897327,1106.781478,1110.688299,1114.617952,1118.570448,1122.546012,1126.544753,1130.566781,1134.612330,1138.681191,1142.773920,1146.890120,1151.030225,1155.194275,1159.382313,1163.594770,1167.831326,1172.092273,1176.377977,1180.688045,1185.022936,1189.382672,1193.767291,1198.177051,1202.611918,1207.072054,1211.557599,1216.068773,1220.605505,1225.167961,1229.756284,1234.370588,1239.010990,1243.677635,1248.370577,1253.089865,1257.835810,1262.608874,1267.408364,1272.234649,1277.088001,1281.968529,1286.876285,1291.811436,1296.774064,1301.764312,1306.782444,1311.828265,1316.901970,1322.003897
569.137840,569.085169,569.069724,568.984732,568.940256,568.891729,568.848414,568.807389,568.769072,568.736033,568.700046,568.604381,568.635428,568.601939,568.583964,568.560628,568.545100,568.520353,568.485706,568.488342,568.479383,568.470079,568.463564,568.459291,568.457318,568.456080,568.460571,568.465927,568.473550,568.482460,568.496773,568.511747,568.569254,568.545822,568.566197,568.594723,568.624864,568.687207,568.695179,568.712558,568.763720,568.804235,568.844275,568.885358,568.938198,568.998225,569.038959,569.100098,569.161712,569.220743,569.285763,569.358720,569.425498,569.496896,569.572440,569.647915,569.733152,569.815823,569.906653,569.993923,570.086756,570.190639,570.278624,570.380431,570.482296,570.592489,570.704897,570.818396,570.954222,571.063102,571.149247,571.307180,571.432989,571.562521,571.697269,571.833250,571.976554,572.121573,572.268456,572.418924,572.595477,572.728637,572.889310,573.052228,573.256592,573.389083,573.562042,573.739324,573.916197,574.091757,574.289614,574.479356,574.682169,574.873330,575.069696,575.273218,575.481560,575.691991,575.908794,576.123987,576.345529,576.561934,576.798017,577.028351,577.264681,577.502356,577.746323,577.992829,578.242716,578.496236,578.757556,579.016015,579.282069,579.549784,579.825398,580.099938,580.378027,580.668479,580.953784,581.240586,581.542551,581.841381,582.145459,582.454406,582.770769,583.082946,583.402274,583.726275,584.054419,584.387096,584.723668,585.065148,585.409628,585.759776,586.114141,586.471031,586.832827,587.200156,587.569609,587.945149,588.324047,588.709909,589.099029,589.488972,589.890212,590.289023,590.689712,591.105218,591.520018,591.938664,592.364037,592.793474,593.227934,593.668562,594.110572,594.558225,595.010399,595.466674,595.929690,596.397813,596.868684,597.344493,597.826867,598.314977,598.805246,599.302265,599.803884,600.310687,600.822082,601.339611,601.862251,602.388691,602.920812,603.458027,604.000691,604.548780,605.102321,605.660828,606.224739,606.794089,607.368652,607.948877,608.534959,609.125843,609.723208,610.325803,610.933275,611.546756,612.166279,612.790947,613.421597,614.058046,614.699825,615.347388,616.000970,616.660244,617.325688,617.997181,618.674127,619.357527,620.046614,620.741559,621.442898,622.150563,622.863794,623.583693,624.309372,625.041437,625.779897,626.524570,627.276354,628.034230,628.798156,629.568514,630.345328,631.129061,631.918679,632.715548,633.518712,634.328427,635.144797,635.968035,636.797814,637.634478,638.478143,639.328679,640.186407,641.050640,641.921882,642.800137,643.685542,644.577917,645.477736,646.384715,647.298949,648.220438,649.148614,650.084312,651.027734,651.978625,652.936915,653.902494,654.876001,655.857144,656.845696,657.841904,658.845487,659.857119,660.876466,661.903498,662.938333,663.981233,665.032268,666.090940,667.157576,668.232396,669.315300,670.406601,671.505845,672.613480,673.729521,674.853715,675.986745,677.127739,678.277217,679.435151,680.601746,681.776993,682.960704,684.153298,685.354702,686.564862,687.783695,689.011548,690.248417,691.494386,692.749235,694.013282,695.286343,696.568832,697.860588,699.161406,700.471658,701.791248,703.120172,704.458660,705.806618,707.164301,708.531656,709.908612,711.295247,712.691662,714.097999,715.514281,716.940425,718.376565,719.822824,721.279255,722.745838,724.222613,725.709663,727.207090,728.714896,730.233197,731.761893,733.301316,734.851351,736.412028,737.983431,739.565644,741.158580,742.762518,744.377455,746.003299,747.640561,749.288854,750.948080,752.618816,754.300826,755.994219,757.699079,759.415431,761.143292,762.882803,764.634095,766.397182,768.172197,769.958946,771.757752,773.568475,775.391401,777.226345,779.073393,780.932885,782.804837,784.689022,786.585695,788.494911,790.416912,792.351299,794.298544,796.258605,798.231546,800.217568,802.216484,804.228777,806.253885,808.292274,810.344129,812.409452,814.487953,816.579801,818.685547,820.804896,822.938044,825.084850,827.245511,829.420445,831.609198,833.811930,836.028850,838.259999,840.505720,842.765523,845.039940,847.328890,849.632432,851.950707,854.283762,856.631626,858.994388,861.372396,863.765595,866.173701,868.597279,871.036078,873.490204,875.959786,878.444990,880.945994,883.462551,885.995069,888.543252,891.107291,893.687688,896.284179,898.897002,901.526065,904.171486,906.833434,909.512026,912.207288,914.919213,917.648016,920.393763,923.156602,925.936473,928.733523,931.547826,934.379440,937.228783,940.095494,942.979962,945.881933,948.801714,951.739397,954.695060,957.668941,960.661185,963.671448,966.700022,969.747152,972.812864,975.897293,979.000337,982.122223,985.262974,988.422802,991.601866,994.800005,998.017562,1001.254447,1004.510737,1007.786626,1011.082216,1014.397776,1017.733278,1021.088620,1024.464047,1027.859686,1031.275534,1034.711976,1038.168814,1041.646139,1045.144277,1048.663091,1052.202801,1055.763737,1059.345627,1062.948666,1066.573212,1070.218950,1073.886493,1077.575364,1081.285959,1085.018646,1088.772989,1092.549654,1096.348363,1100.169153,1104.012325,1107.878122,1111.766440,1115.677414,1119.611056,1123.567589,1127.547122,1131.549763,1135.575748,1139.624899,1143.697671,1147.793768,1151.913587,1156.057171,1160.224559,1164.416184,1168.631725,1172.871473,1177.135793,1181.424291,1185.737426,1190.075219,1194.437709,1198.825168,1203.237512,1207.674954,1212.137720,1216.625713,1221.139178,1225.678178,1230.242851,1234.833314,1239.449680,1244.092097,1248.760616,1253.455286,1258.176418,1262.924472,1267.698757,1272.499639,1277.327390,1282.182119,1287.063878,1291.972832,1296.909064,1301.872715,1306.864048,1311.882870,1316.929374,1322.003897
569.160983,569.115931,569.081667,569.038557,569.002023,568.968161,568.862936,568.907868,568.877944,568.852382,568.822608,568.807628,568.789714,568.780567,568.757486,568.746252,568.733415,568.728339,568.722972,568.720353,568.752093,568.721300,568.723607,568.735019,568.740810,568.752226,568.764525,568.811175,568.803126,568.821357,568.841467,568.864726,568.909130,568.929829,568.996547,569.006646,569.036734,569.077349,569.133921,569.167244,569.215858,569.261741,569.329311,569.372770,569.436311,569.499778,569.561881,569.628897,569.700211,569.776689,569.847307,569.924943,570.002673,570.089222,570.165932,570.265122,570.357404,570.451275,570.548393,570.642990,570.750064,570.857993,570.966918,571.084655,571.193617,571.313030,571.432140,571.555438,571.687016,571.811711,571.946877,572.081123,572.221290,572.383455,572.506895,572.654422,572.806246,572.959594,573.118848,573.277061,573.435465,573.598682,573.778563,573.951079,574.127260,574.308310,574.495001,574.677875,574.868684,575.061260,575.267215,575.463822,575.660748,575.867077,576.078498,576.291537,576.511084,576.728845,576.954112,577.178459,577.410832,577.643355,577.882121,578.121980,578.368097,578.616544,578.869275,579.116363,579.387786,579.648152,579.917926,580.186037,580.463324,580.739303,581.020607,581.310746,581.598031,581.891760,582.189591,582.484112,582.795340,583.105377,583.417780,583.736852,584.056626,584.379547,584.710610,585.052160,585.384520,585.725536,586.069910,586.418711,586.779382,587.130959,587.488227,587.859916,588.231333,588.606410,588.981631,589.370625,589.758262,590.149489,590.546915,590.950304,591.353954,591.761290,592.177979,592.596720,593.020498,593.449023,593.882424,594.320150,594.766846,595.210450,595.661206,596.116494,596.576693,597.042911,597.513906,597.988238,598.467290,598.952739,599.443887,599.937101,600.437415,600.941858,601.451444,601.965536,602.485689,603.010814,603.540113,604.074666,604.614203,605.159260,605.709755,606.265565,606.826438,607.392169,607.963710,608.540234,609.122420,609.710446,610.303195,610.902209,611.506328,612.115434,612.730601,613.351324,613.977463,614.609406,615.247075,615.890091,616.538819,617.193429,617.853631,618.519899,619.192198,619.869924,620.553871,621.243684,621.939147,622.640943,623.348837,624.062585,624.782579,625.508399,626.240463,626.978987,627.723576,628.475084,629.232750,629.996427,630.766574,631.542651,632.325628,633.114906,633.910907,634.713158,635.521963,636.337401,637.159448,637.988080,638.823525,639.665803,640.515048,641.371128,642.233810,643.103306,643.979771,644.863311,645.753785,646.651659,647.556324,648.468321,649.387467,650.313237,651.246420,652.187241,653.135330,654.090940,655.053588,656.024096,657.002165,657.987581,658.980287,659.980737,660.988816,662.004379,663.027910,664.058966,665.097884,666.145026,667.199606,668.262047,669.332619,670.411066,671.497859,672.592487,673.695311,674.806609,675.925864,677.053706,678.189683,679.333957,680.486464,681.647530,682.817184,683.995204,685.181945,686.377521,687.581541,688.794203,690.015770,691.246162,692.485684,693.733895,694.991184,696.257368,697.532860,698.817499,700.111020,701.413906,702.726073,704.047389,705.377828,706.718240,708.067958,709.427209,710.795907,712.174176,713.562097,714.959809,716.367337,717.784595,719.211719,720.648828,722.095975,723.553141,725.020364,726.497726,727.985329,729.483211,730.991285,732.509833,734.038837,735.578314,737.128414,738.689016,740.260285,741.842223,743.434841,745.038401,746.652763,748.278315,749.914791,751.562110,753.220673,754.890418,756.571396,758.263688,759.967320,761.682418,763.408792,765.146901,766.896609,768.658027,770.431265,772.216258,774.013010,775.821804,777.642456,779.475101,781.319924,783.177026,785.046345,786.927895,788.821832,790.728209,792.647268,794.578623,796.522731,798.479547,800.449273,802.431720,804.427370,806.435713,808.457058,810.491678,812.539569,814.600695,816.674826,818.762621,820.863984,822.978758,825.107259,827.249306,829.405434,831.575167,833.758766,835.956327,838.167927,840.393830,842.633800,844.887986,847.156658,849.439727,851.737310,854.049430,856.376251,858.717748,861.074049,863.445464,865.832023,868.233452,870.649835,873.081587,875.528467,877.990765,880.468626,882.961892,885.470741,887.995326,890.535416,893.091593,895.663771,898.251893,900.856258,903.476711,906.113391,908.766466,911.436068,914.122163,916.824857,919.544274,922.280425,925.033586,927.803640,930.590783,933.394940,936.216478,939.055402,941.911510,944.785329,947.676508,950.585357,953.511950,956.456563,959.419132,962.399648,965.398275,968.415187,971.450235,974.503855,977.576043,980.666794,983.776079,986.904195,990.051308,993.217172,996.402302,999.606431,1002.829868,1006.072555,1009.334688,1012.616365,1015.917982,1019.239204,1022.580156,1025.941062,1029.321920,1032.722909,1036.144333,1039.585992,1043.047976,1046.530611,1050.033759,1053.557641,1057.102592,1060.668317,1064.255160,1067.863090,1071.492181,1075.142892,1078.814772,1082.508207,1086.223565,1089.960408,1093.719525,1097.500271,1101.303048,1105.128033,1108.975607,1112.845256,1116.737523,1120.652281,1124.589755,1128.550053,1132.533281,1136.539608,1140.569057,1144.621882,1148.697850,1152.797361,1156.920385,1161.067173,1165.237945,1169.432449,1173.651071,1177.893894,1182.160804,1186.452165,1190.767998,1195.108441,1199.473473,1203.863290,1208.278022,1212.717890,1217.182794,1221.672981,1226.188511,1230.729524,1235.296134,1239.888455,1244.506633,1249.150720,1253.820764,1258.517074,1263.240112,1267.989184,1272.764657,1277.566803,1282.395728,1287.251502,1292.134238,1297.044070,1301.981121,1306.945655,1311.937476,1316.956778,1322.003897
569.243131,569.211022,569.171517,569.153734,569.130445,569.059076,569.082896,569.058981,569.046689,569.032880,569.029739,568.989662,569.000661,568.992625,568.991450,568.989814,568.990923,568.994293,568.999535,569.005570,569.017603,569.029808,569.044913,569.060567,569.042347,569.106271,569.128012,569.154090,569.177754,569.215214,569.246741,569.281983,569.330008,569.365365,569.408494,569.471229,569.507358,569.555801,569.604279,569.666422,569.720995,569.787174,569.850476,569.917525,569.986836,570.059134,570.141044,570.212512,570.292250,570.374932,570.463332,570.539713,570.638420,570.736446,570.830105,570.935274,571.089092,571.133640,571.243976,571.354632,571.469888,571.582415,571.703109,571.845082,571.959412,572.050059,572.215723,572.343173,572.479445,572.619572,572.761899,572.906959,573.056877,573.208386,573.363767,573.521140,573.682117,573.842357,574.013588,574.180336,574.357449,574.533690,574.724781,574.898324,575.087023,575.278580,575.467427,575.663248,575.864315,576.066756,576.271814,576.480853,576.695120,576.910993,577.141926,577.352028,577.581440,577.808382,578.043257,578.278317,578.519074,578.761434,579.009838,579.260613,579.516531,579.764537,580.036317,580.299561,580.571944,580.842437,581.120935,581.396312,581.678205,581.971037,582.262495,582.556657,582.854895,583.151986,583.464588,583.775380,584.089808,584.407766,584.730509,585.060323,585.386404,585.720277,586.056807,586.399370,586.747578,587.097003,587.452218,587.812110,588.173529,588.539355,588.911695,589.286046,589.666138,590.049467,590.439218,590.832623,591.226501,591.631891,592.031255,592.439954,592.857028,593.275101,593.696321,594.125084,594.557259,594.994512,595.436547,595.885232,596.332722,596.787051,597.245783,597.709523,598.179163,598.653063,599.129952,599.612543,600.101077,600.594633,601.091613,601.594622,602.101716,602.614199,603.131033,603.653822,604.181416,604.713118,605.250158,605.792231,606.339662,606.892435,607.450355,608.013490,608.581131,609.154556,609.733142,610.317470,610.906922,611.501723,612.102004,612.707805,613.318583,613.935207,614.557312,615.184864,615.818029,616.456959,617.101059,617.750865,618.406456,619.067690,619.734656,620.407723,621.086147,621.770735,622.461075,623.157129,623.859233,624.567248,625.281431,626.001639,626.727576,627.459630,628.198072,628.942584,629.693781,630.451196,631.214678,631.984212,632.759762,633.542049,634.330701,635.125961,635.927317,636.735221,637.549654,638.370569,639.198013,640.032204,640.873158,641.720903,642.575319,643.436524,644.304338,645.178956,646.060649,646.949146,647.844903,648.747438,649.657179,650.574014,651.497358,652.428050,653.366266,654.311794,655.264464,656.224230,657.191743,658.166778,659.148967,660.138336,661.135487,662.140082,663.152091,664.171923,665.199223,666.234378,667.277352,668.327950,669.386216,670.452509,671.526577,672.608780,673.698922,674.797050,675.903454,677.017927,678.140719,679.271572,680.410613,681.557780,682.713395,683.877530,685.049918,686.230790,687.420442,688.618478,689.825032,691.040344,692.264382,693.497319,694.739058,695.989619,697.249006,698.517648,699.795136,701.081477,702.377063,703.681808,704.995580,706.318352,707.650974,708.992777,710.343924,711.704502,713.074498,714.454000,715.843165,717.241911,718.650470,720.068642,721.496703,722.934607,724.382510,725.840241,727.308011,728.785882,730.273897,731.771967,733.280375,734.799100,736.328160,737.867704,739.417609,740.978041,742.549000,744.130495,745.722791,747.325744,748.939741,750.564479,752.199990,753.846559,755.504145,757.172849,758.852700,760.543740,762.246094,763.959620,765.684609,767.421175,769.169198,770.928923,772.700299,774.483169,776.277977,778.084492,779.902823,781.733179,783.575638,785.430182,787.296777,789.175595,791.066688,792.970305,794.886033,796.814355,798.755219,800.708689,802.674970,804.653871,806.645856,808.650387,810.667919,812.698748,814.742535,816.799209,818.869250,820.952650,823.049461,825.159695,827.283358,829.420731,831.571838,833.736470,835.914877,838.107138,840.313343,842.533817,844.768050,847.016626,849.279409,851.556475,853.847960,856.153914,858.474363,860.809393,863.159352,865.524363,867.903672,870.298163,872.707660,875.132087,877.571700,880.026721,882.496918,884.982492,887.483694,890.000225,892.532274,895.080343,897.644164,900.223976,902.819684,905.431404,908.059304,910.703499,913.364014,916.040839,918.734187,921.444125,924.170798,926.914143,929.674307,932.451361,935.245426,938.056605,940.885093,943.730810,946.593732,949.474055,952.371907,955.287362,958.220658,961.171902,964.140835,967.127701,970.132756,973.155799,976.197296,979.257160,982.335465,985.432156,988.547531,991.681748,994.834636,998.006503,1001.197382,1004.407221,1007.636255,1010.884580,1014.152472,1017.439795,1020.746744,1024.073266,1027.419585,1030.785697,1034.171815,1037.578249,1041.004579,1044.451197,1047.918268,1051.405709,1054.913721,1058.442708,1061.992166,1065.562647,1069.154050,1072.766447,1076.400298,1080.055151,1083.731389,1087.429384,1091.148693,1094.890087,1098.652979,1102.437710,1106.244695,1110.073665,1113.924748,1117.798277,1121.694124,1125.612511,1129.553545,1133.517334,1137.504044,1141.513699,1145.546482,1149.602367,1153.681546,1157.784059,1161.910153,1166.060051,1170.233499,1174.430881,1178.652281,1182.897584,1187.167186,1191.461009,1195.779289,1200.121971,1204.489252,1208.881259,1213.298214,1217.740016,1222.206912,1226.698960,1231.216301,1235.759047,1240.327312,1244.921243,1249.540888,1254.186297,1258.857779,1263.555794,1268.279646,1273.029704,1277.806238,1282.609355,1287.439123,1292.295655,1297.179084,1302.089533,1307.027264,1311.992083,1316.984182,1322.003897
569.386439,569.319300,569.345135,569.326805,569.308591,569.300003,569.290798,569.272927,569.246337,569.270661,569.269231,569.269335,569.271438,569.310475,569.283512,569.292783,569.302308,569.317784,569.333735,569.352000,569.401591,569.398587,569.466847,569.449177,569.478770,569.505353,569.545537,569.580848,569.573549,569.670339,569.710939,569.754700,569.807731,569.859390,569.910438,569.962323,570.026608,570.083971,570.152787,570.219201,570.290948,570.359906,570.434273,570.513457,570.593681,570.674464,570.759189,570.850298,570.937474,571.029831,571.127387,571.222132,571.332289,571.429749,571.530380,571.643492,571.750709,571.872617,571.988093,572.110390,572.233933,572.360430,572.489813,572.621127,572.755866,572.896429,573.035105,573.179110,573.349455,573.474358,573.628552,573.783567,573.942557,574.103498,574.268252,574.435631,574.597025,574.819723,574.957412,575.137023,575.320529,575.507964,575.688658,575.894670,576.086910,576.285475,576.505407,576.689284,576.896474,577.125735,577.326190,577.549382,577.784402,577.996974,578.227253,578.461105,578.695626,578.933271,579.176551,579.421709,579.671697,579.924649,580.182497,580.432941,580.706637,580.971632,581.246039,581.517993,581.795985,582.075841,582.359120,582.654827,582.946787,583.242709,583.539145,583.846223,584.154097,584.466337,584.781942,585.105945,585.423637,585.755715,586.082121,586.416883,586.760044,587.098673,587.448393,587.798104,588.151938,588.513581,588.873980,589.236190,589.612626,589.988087,590.368095,590.747557,591.140489,591.532153,591.927174,592.327714,592.735192,593.142676,593.553290,593.973315,594.395382,594.821306,595.253430,595.689250,596.130006,596.576403,597.025045,597.477726,597.935975,598.398217,598.865941,599.338022,599.815028,600.295165,600.780938,601.274061,601.768323,602.268800,602.774472,603.284275,603.798938,604.318721,604.844303,605.374089,605.908427,606.447905,606.992159,607.541822,608.096832,608.656986,609.222121,609.791881,610.367094,610.947658,611.533746,612.125068,612.721266,613.323293,613.930643,614.543061,615.161103,615.784409,616.413131,617.047721,617.687655,618.332866,618.983713,619.640228,620.302363,620.970097,621.643851,622.322954,623.007955,623.699044,624.395571,625.097900,625.806219,626.520607,627.240994,627.966958,628.698997,629.437351,630.182034,630.932629,631.689805,632.452840,633.221782,633.996963,634.778561,635.566467,636.360904,637.161407,637.968343,638.781601,639.601571,640.427766,641.260691,642.100305,642.946527,643.799386,644.658976,645.525068,646.397880,647.277681,648.164197,649.057904,649.958265,650.865799,651.780142,652.701306,653.629353,654.564953,655.507777,656.457652,657.414618,658.379059,659.351081,660.330033,661.316183,662.309979,663.311054,664.319531,665.335679,666.359224,667.390368,668.429527,669.476191,670.530274,671.592234,672.661942,673.739669,674.825258,675.918752,677.020346,678.129939,679.247744,680.373504,681.507361,682.649312,683.799513,684.958076,686.124890,687.299897,688.483693,689.675761,690.876346,692.085353,693.303088,694.529575,695.764801,697.008710,698.261328,699.523062,700.793568,702.072811,703.361101,704.658516,705.964804,707.279974,708.604871,709.938826,711.282002,712.634484,713.996261,715.367416,716.748084,718.138239,719.538088,720.947397,722.366560,723.795246,725.233929,726.682282,728.140571,729.608772,731.087011,732.575171,734.073570,735.582076,737.100817,738.629900,740.169162,741.718914,743.278999,744.849480,746.430619,748.022329,749.624656,751.237954,752.861870,754.496455,756.142019,757.798545,759.466087,761.144661,762.834399,764.535158,766.247229,767.970673,769.705525,771.451872,773.209716,774.978900,776.759743,778.552377,780.356549,782.172538,784.000568,785.840473,787.692268,789.556123,791.432092,793.320416,795.220800,797.133389,799.058464,800.995978,802.946134,804.908739,806.884259,808.872206,810.872876,812.886610,814.913353,816.952814,819.005160,821.070871,823.149854,825.242098,827.347528,829.466499,831.598938,833.744848,835.904329,838.077474,840.264360,842.465329,844.679905,846.908565,849.151221,851.408060,853.679105,855.964378,858.264041,860.578040,862.906582,865.249895,867.608037,869.980728,872.368052,874.770423,877.187599,879.619866,882.067370,884.529949,887.007921,889.501017,892.009425,894.533583,897.073407,899.628965,902.200179,904.787244,907.390204,910.009214,912.644404,915.295739,917.963323,920.647277,923.347667,926.064602,928.798128,931.548466,934.315294,937.099194,939.900080,942.717944,945.553057,948.405163,951.274567,954.161344,957.065781,959.987771,962.927360,965.884649,968.859848,971.852823,974.863975,977.893309,980.940818,984.006474,987.090482,990.193149,993.314325,996.454147,999.612779,1002.790216,1005.986503,1009.201832,1012.436302,1015.690180,1018.963505,1022.256027,1025.568009,1028.899694,1032.251015,1035.622354,1039.013510,1042.424572,1045.855864,1049.307247,1052.778938,1056.271264,1059.783952,1063.317173,1066.871347,1070.446090,1074.041756,1077.658710,1081.296499,1084.955771,1088.636088,1092.338114,1096.061500,1099.806485,1103.573138,1107.361846,1111.172424,1115.005031,1118.859676,1122.736582,1126.635854,1130.557598,1134.501921,1138.468989,1142.458823,1146.471609,1150.507318,1154.566143,1158.648121,1162.753601,1166.882502,1171.034873,1175.211094,1179.410953,1183.634630,1187.882423,1192.154252,1196.450352,1200.770770,1205.115397,1209.484665,1213.878693,1218.297380,1222.740971,1227.209526,1231.703182,1236.222054,1240.766254,1245.335926,1249.931122,1254.551887,1259.198532,1263.871516,1268.570143,1273.294780,1278.045696,1282.823000,1287.626757,1292.457081,1297.314104,1302.197949,1307.108876,1312.046692,1317.011586,1322.003897
569.587767,569.578542,569.569688,569.562295,569.530214,569.556008,569.556075,569.558668,569.562908,569.568476,569.577104,569.588059,569.600917,569.614155,569.633513,569.652823,569.674820,569.697350,569.728204,569.757194,569.785516,569.818517,569.858901,569.891682,569.971079,569.971634,570.009279,570.069705,570.116184,570.172342,570.226915,570.280387,570.334892,570.399286,570.466745,570.533828,570.603017,570.677030,570.748637,570.825318,570.905952,570.992563,571.072058,571.159285,571.252710,571.340972,571.436152,571.532960,571.633771,571.737816,571.843439,571.948690,572.058222,572.171479,572.293649,572.411675,572.532909,572.659353,572.788753,572.917633,573.055543,573.186194,573.323738,573.467665,573.612750,573.762227,573.907856,574.063820,574.220078,574.379706,574.542364,574.706951,574.874833,575.046268,575.217104,575.397937,575.578537,575.760986,575.947964,576.142214,576.331071,576.526825,576.726898,576.928693,577.135687,577.341821,577.555031,577.780556,577.983748,578.209668,578.434377,578.664063,578.895408,579.128461,579.368711,579.608728,579.854366,580.101967,580.353806,580.609039,580.869136,581.121500,581.400214,581.664754,581.940596,582.214805,582.493945,582.775258,583.066992,583.358071,583.651211,583.948918,584.242293,584.554793,584.864029,585.176979,585.494822,585.819988,586.140541,586.467012,586.798545,587.134453,587.482623,587.821002,588.167999,588.517879,588.872240,589.236519,589.595683,589.962372,590.333147,590.709635,591.088392,591.472942,591.860453,592.254309,592.651501,593.049086,593.458509,593.861928,594.273197,594.693747,595.114732,595.539922,595.970488,596.405696,596.845453,597.289664,597.741790,598.191742,598.647507,599.108571,599.573593,600.045139,600.521198,600.999940,601.483426,601.972448,602.468175,602.965177,603.468741,603.976660,604.489414,605.006430,605.529369,606.057955,606.589465,607.126007,607.667646,608.214224,608.766142,609.323211,609.885423,610.452824,611.024291,611.601281,612.183879,612.771534,613.364555,613.962567,614.566072,615.174883,615.788650,616.408106,617.032667,617.662745,618.298440,618.939401,619.585725,620.237439,620.894921,621.557837,622.226348,622.900820,623.580505,624.265998,624.957631,625.654521,626.357149,627.065701,627.780315,628.500685,629.226801,629.958757,630.697105,631.441470,632.191786,632.948610,633.711327,634.479639,635.254250,636.035184,636.822522,637.615952,638.415644,639.221517,640.033701,640.852527,641.677494,642.509227,643.347328,644.192218,645.043376,645.901311,646.765647,647.636712,648.514563,649.399088,650.290611,651.188981,652.094192,653.006162,653.925090,654.850450,655.783680,656.723558,657.670681,658.624715,659.586107,660.555120,661.530771,662.513810,663.504235,664.501857,665.506781,666.519266,667.539160,668.566590,669.601546,670.644237,671.694183,672.751904,673.817273,674.890559,675.971591,677.060454,678.157298,679.262038,680.374744,681.495582,682.624184,683.761029,684.905765,686.058839,687.220089,688.389355,689.567334,690.753475,691.947998,693.150879,694.362353,695.582540,696.811202,698.048500,699.294408,700.549373,701.812750,703.085042,704.366173,705.656195,706.955126,708.262755,709.579989,710.906162,712.241447,713.585909,714.939513,716.302415,717.674662,719.056293,720.447504,721.848143,723.258261,724.677931,726.107451,727.546512,728.995378,730.454024,731.922576,733.400953,734.889380,736.387781,737.896299,739.415023,740.943789,742.482909,744.032223,745.591883,747.161856,748.742403,750.333418,751.935222,753.547521,755.170333,756.804005,758.448480,760.103825,761.770055,763.447301,765.135530,766.834749,768.545206,770.266962,771.999928,773.744518,775.500151,777.267291,779.046065,780.836295,782.638088,784.451736,786.277170,788.114308,789.963343,791.824340,793.697351,795.582661,797.479746,799.389195,801.310919,803.245111,805.191595,807.150829,809.122303,811.106339,813.103201,815.112883,817.135343,819.170412,821.218566,823.279886,825.354256,827.441646,829.542281,831.656494,833.783836,835.924568,838.078782,840.246554,842.428025,844.623364,846.832213,849.055105,851.291900,853.542711,855.807560,858.086609,860.379815,862.687345,865.009465,867.346219,869.697165,872.062870,874.443264,876.838263,879.248132,881.673082,884.112883,886.567735,889.037886,891.523035,894.023371,896.539394,899.070834,901.617928,904.180579,906.758902,909.353064,911.963177,914.589265,917.231317,919.889545,922.564011,925.254781,927.962030,930.685663,933.425830,936.182649,938.956221,941.746742,944.553945,947.378354,950.219615,953.078035,955.953689,958.846850,961.757534,964.685523,967.631091,970.594469,973.575456,976.574513,979.591555,982.626653,985.679750,988.751139,991.840984,994.949039,998.075814,1001.221139,1004.385026,1007.567709,1010.769283,1013.989845,1017.229787,1020.488773,1023.766925,1027.064465,1030.381388,1033.717871,1037.074321,1040.450219,1043.845970,1047.261791,1050.697543,1054.153443,1057.629826,1061.126392,1064.643357,1068.181070,1071.739218,1075.318388,1078.918126,1082.538814,1086.180821,1089.843703,1093.528249,1097.233811,1100.960789,1104.709332,1108.479760,1112.271886,1116.085870,1119.921719,1123.779656,1127.659784,1131.562211,1135.487167,1139.434474,1143.404583,1147.397194,1151.412703,1155.451150,1159.512571,1163.597395,1167.705299,1171.836571,1175.991514,1180.169911,1184.372038,1188.597909,1192.847726,1197.121630,1201.419667,1205.741726,1210.088239,1214.459326,1218.854885,1223.275159,1227.720207,1232.190169,1236.685155,1241.205278,1245.750684,1250.321420,1254.917534,1259.539334,1264.187279,1268.860674,1273.559883,1278.285178,1283.036663,1287.814406,1292.618518,1297.449132,1302.306369,1307.190491,1312.101301,1317.038991,1322.003897
569.832909,569.852581,569.853371,569.857349,569.866820,569.872103,569.881358,569.893755,569.908553,569.924991,569.932645,569.964817,569.988284,570.045028,570.039318,570.115140,570.105772,570.137793,570.174203,570.206864,570.253649,570.295442,570.339898,570.391632,570.444203,570.507530,570.552478,570.610127,570.671809,570.728591,570.790724,570.859855,570.930737,571.002514,571.079072,571.153175,571.232470,571.312602,571.407481,571.486842,571.575647,571.674198,571.758933,571.859368,571.957555,572.062087,572.165899,572.286316,572.383856,572.490882,572.610537,572.730683,572.860209,572.972765,573.100728,573.230206,573.361853,573.468381,573.639510,573.773416,573.919050,574.062808,574.211686,574.362994,574.516741,574.675193,574.834354,574.997941,575.163468,575.332294,575.503602,575.678568,575.856286,576.037017,576.220525,576.418648,576.596845,576.794356,576.986286,577.185315,577.388278,577.603073,577.809660,578.012338,578.227726,578.445826,578.668286,578.890892,579.118237,579.350503,579.583302,579.815140,580.062623,580.305093,580.553045,580.802987,581.057071,581.314448,581.575418,581.831582,582.108217,582.378133,582.655038,582.932002,583.213017,583.495658,583.789216,584.079041,584.376117,584.675487,584.969477,585.284352,585.594848,585.908819,586.227517,586.548749,586.875424,587.203248,587.533968,587.872216,588.214860,588.554969,588.903755,589.257643,589.612928,589.973447,590.337696,590.704686,591.074780,591.452186,591.831881,592.216565,592.600178,592.998178,593.392826,593.791472,594.195625,594.609591,595.017486,595.431614,595.855274,596.280050,596.708520,597.143344,597.582109,598.025288,598.473234,598.926757,599.381077,599.840466,600.304611,600.773220,601.247509,601.726363,602.208096,602.694874,603.186901,603.685191,604.185081,604.691476,605.201919,605.716999,606.236818,606.762616,607.292945,607.827094,608.366195,608.909917,609.458693,610.012652,610.571775,611.135948,611.705525,612.278803,612.857337,613.441962,614.031302,614.625853,615.225424,615.830452,616.440902,617.055899,617.676561,618.302505,618.933651,619.570434,620.212526,620.859926,621.512814,622.170867,622.834554,623.503607,624.178728,624.858846,625.545091,626.237015,626.934249,627.637188,628.345937,629.060868,629.781013,630.507127,631.239122,631.977422,632.721477,633.471468,634.227839,634.990115,635.757874,636.531866,637.312093,638.098674,638.891255,639.689951,640.494931,641.306003,642.123552,642.947469,643.777813,644.614438,645.457841,646.307370,647.163690,648.026273,648.895506,649.771394,650.654173,651.543400,652.439567,653.342349,654.252162,655.168658,656.091791,657.022115,657.959271,658.903597,659.854875,660.813210,661.778971,662.751675,663.731366,664.718440,665.712634,666.713988,667.722850,668.739012,669.762613,670.793676,671.832310,672.878134,673.931635,674.992747,676.061547,677.138102,678.222299,679.314381,680.414329,681.522105,682.637906,683.761382,684.892970,686.032357,687.179946,688.335639,689.499309,690.671430,691.851744,693.040258,694.237009,695.442264,696.656121,697.878318,699.109083,700.348309,701.596505,702.852985,704.118263,705.392217,706.675042,707.966609,709.266936,710.576389,711.894766,713.222322,714.558799,715.904289,717.258991,718.622922,719.996137,721.378734,722.770648,724.171960,725.582675,727.003112,728.432962,729.872482,731.321664,732.780616,734.249262,735.727826,737.216231,738.714578,740.223080,741.741468,743.270034,744.808677,746.357529,747.916556,749.486019,751.065809,752.656248,754.257041,755.868264,757.490087,759.122562,760.765885,762.419900,764.084776,765.760488,767.447042,769.144662,770.853467,772.573334,774.304505,776.046932,777.800450,779.565503,781.341857,783.129620,784.929081,786.740171,788.562809,790.397183,792.243361,794.101395,795.971561,797.853344,799.747327,801.653421,803.571688,805.502342,807.445137,809.400629,811.368203,813.348434,815.341314,817.346802,819.364726,821.395564,823.439229,825.496113,827.565647,829.648264,831.744125,833.853246,835.975391,838.110895,840.259771,842.422095,844.598207,846.787611,848.990839,851.207743,853.438530,855.683221,857.941885,860.214532,862.501260,864.802412,867.117905,869.447654,871.791753,874.150244,876.523464,878.911193,881.313807,883.731073,886.163189,888.610403,891.072413,893.549407,896.041898,898.549571,901.072706,903.611192,906.165177,908.734720,911.319972,913.921064,916.537958,919.170756,921.819578,924.484488,927.165592,929.863000,932.576742,935.306680,938.053336,940.816619,943.596520,946.393310,949.206728,952.037080,954.884447,957.749091,960.630925,963.529987,966.446376,969.380300,972.331661,975.300612,978.287671,981.292389,984.314871,987.355320,990.414041,993.490907,996.585952,999.699498,1002.831425,1005.981808,1009.150836,1012.338604,1015.545385,1018.771041,1022.015764,1025.279498,1028.562466,1031.864661,1035.186294,1038.527673,1041.888373,1045.268788,1048.669077,1052.089156,1055.529224,1058.989683,1062.470025,1065.970801,1069.491907,1073.033414,1076.595777,1080.178544,1083.782097,1087.406801,1091.052214,1094.719077,1098.406883,1102.115888,1105.846533,1109.598542,1113.372051,1117.167381,1120.984405,1124.823344,1128.684301,1132.567383,1136.472753,1140.400432,1144.350672,1148.323236,1152.318522,1156.336567,1160.377408,1164.441474,1168.528440,1172.638594,1176.772297,1180.929154,1185.109618,1189.313708,1193.541431,1197.793122,1202.068761,1206.368238,1210.691983,1215.040114,1219.412531,1223.809475,1228.231005,1232.677260,1237.148350,1241.644387,1246.165515,1250.711782,1255.283236,1259.880184,1264.503084,1269.151239,1273.825016,1278.524682,1283.250344,1288.002068,1292.779965,1297.584166,1302.414794,1307.272108,1312.155912,1317.066396,1322.003897
570.172354,570.188672,570.197735,570.210739,570.227035,570.245537,570.266155,570.285874,570.312686,570.339809,570.324576,570.397870,570.432686,570.471282,570.506071,570.557283,570.582090,570.675436,570.676892,570.713517,570.779405,570.835278,570.888248,570.949454,571.009973,571.069031,571.143107,571.195747,571.270266,571.338821,571.418516,571.485121,571.574200,571.656000,571.740380,571.834827,571.918555,572.008450,572.109680,572.186539,572.298651,572.399716,572.504069,572.612387,572.733721,572.832700,572.944073,573.060357,573.184860,573.316880,573.431602,573.559724,573.710025,573.835303,573.930492,574.097807,574.239194,574.383344,574.532791,574.680939,574.861236,574.985296,575.146906,575.308074,575.471161,575.638081,575.807055,575.979474,576.154184,576.332615,576.513794,576.698337,576.883907,577.074423,577.261244,577.455997,577.663040,577.865525,578.071092,578.279920,578.487172,578.704097,578.922282,579.143145,579.368143,579.598269,579.823455,580.058257,580.293677,580.534660,580.778098,581.025331,581.272877,581.525098,581.781366,582.041118,582.304092,582.562210,582.840976,583.112684,583.391436,583.670225,583.952823,584.239536,584.532083,584.821404,585.122433,585.423283,585.722937,586.036500,586.340598,586.661815,586.981617,587.304065,587.630341,587.960346,588.298363,588.631077,588.972308,589.315231,589.666174,590.019556,590.376436,590.736109,591.102770,591.468349,591.835036,592.215907,592.596733,592.979303,593.368098,593.761268,594.157372,594.558259,594.959269,595.372308,595.779075,596.193524,596.616714,597.041473,597.469731,597.903067,598.340667,598.782813,599.229162,599.684043,600.135254,600.594321,601.057108,601.524577,601.996718,602.474034,602.955962,603.440004,603.929558,604.424821,604.924709,605.428189,605.937504,606.450345,606.967957,607.490221,608.018226,608.551323,609.087230,609.628741,610.174589,610.725584,611.281796,611.842720,612.409003,612.980358,613.555285,614.135838,614.722034,615.313075,615.909172,616.510135,617.116614,617.728470,618.345079,618.966662,619.593864,620.226186,620.863973,621.507049,622.155373,622.809116,623.467948,624.132344,624.802069,625.477775,626.158518,626.845102,627.537409,628.234965,628.938070,629.646992,630.362058,631.082227,631.808207,632.540463,633.278268,634.022036,634.771650,635.527643,636.289464,637.056624,637.829989,638.609523,639.395460,640.187045,640.984688,641.788647,642.598606,643.414962,644.237669,645.066598,645.901755,646.743670,647.591626,648.446365,649.307087,650.174455,651.048413,651.929177,652.816413,653.710287,654.610771,655.518250,656.432311,657.353046,658.280599,659.214992,660.156498,661.105082,662.060475,663.023008,663.992558,664.968991,665.952722,666.943508,667.941299,668.946474,669.958972,670.978755,672.005810,673.040516,674.082311,675.131521,676.188455,677.252748,678.324862,679.404396,680.491688,681.586919,682.689789,683.800442,684.919052,686.045381,687.179386,688.321611,689.471715,690.629833,691.796126,692.970563,694.153144,695.343844,696.542897,697.750476,698.966275,700.190531,701.423309,702.664598,703.914148,705.172542,706.439425,707.715059,708.999318,710.292222,711.594133,712.904850,714.224628,715.553130,716.890679,718.237242,719.592913,720.957719,722.331775,723.715121,725.107671,726.509561,727.920904,729.341690,730.771928,732.211723,733.661159,735.120160,736.588949,738.067432,739.555757,741.054088,742.562172,744.080245,745.608370,747.146514,748.694697,750.253177,751.821791,753.401029,754.990389,756.590109,758.200253,759.820907,761.452266,763.094174,764.746800,766.410115,768.084128,769.769059,771.465028,773.171911,774.889948,776.619091,778.359176,780.110643,781.873259,783.647130,785.432598,787.229401,789.037717,790.857550,792.689086,794.532291,796.387433,798.254210,800.132777,802.023400,803.926034,805.840880,807.767723,809.707087,811.658420,813.622036,815.598275,817.587079,819.588154,821.601725,823.628091,825.667388,827.719360,829.784157,831.862013,833.952873,836.056737,838.173704,840.303865,842.447293,844.604328,846.774522,848.958205,851.155539,853.366517,855.591213,857.829644,860.081973,862.348156,864.628356,866.922841,869.231650,871.554427,873.891479,876.242992,878.608817,880.989152,883.384272,885.793922,888.218442,890.657657,893.111687,895.580577,898.064841,900.564216,903.078822,905.608705,908.153926,910.714649,913.291002,915.882960,918.490555,921.113983,923.753361,926.408587,929.079999,931.767446,934.471075,937.191005,939.927333,942.680254,945.449499,948.235590,951.038173,953.857552,956.693801,959.547190,962.417651,965.305108,968.209905,971.132031,974.071392,977.028420,980.003108,982.995446,986.005402,989.033180,992.079085,995.142964,998.225056,1001.325210,1004.443731,1007.580558,1010.735880,1013.909794,1017.102566,1020.314230,1023.544535,1026.793742,1030.062091,1033.349513,1036.656388,1039.982511,1043.327970,1046.693087,1050.077719,1053.482083,1056.906503,1060.350702,1063.814849,1067.299270,1070.803859,1074.328684,1077.874205,1081.439964,1085.026344,1088.633721,1092.261621,1095.910842,1099.580783,1103.271783,1106.984254,1110.717923,1114.472917,1118.249564,1122.047734,1125.867646,1129.709405,1133.573114,1137.458939,1141.366898,1145.297242,1149.249735,1153.224774,1157.222324,1161.242633,1165.285919,1169.351925,1173.440940,1177.553325,1181.688681,1185.847464,1190.029690,1194.235394,1198.464828,1202.717956,1206.994933,1211.295894,1215.621057,1219.970317,1224.343919,1228.741919,1233.164455,1237.611638,1242.083610,1246.580419,1251.102209,1255.648995,1260.221082,1264.818929,1269.441839,1274.090176,1278.764209,1283.464043,1288.189744,1292.941422,1297.719208,1302.523223,1307.353727,1312.210524,1317.093802,1322.003897
570.557271,570.581163,570.599641,570.623948,570.649509,570.677644,570.708263,570.740358,570.777992,570.811676,570.850621,570.891862,570.932215,570.973896,571.027294,571.074808,571.126220,571.184049,571.243044,571.299115,571.363399,571.432388,571.488675,571.556407,571.616499,571.699058,571.773960,571.851446,571.930543,572.015576,572.096610,572.183139,572.274092,572.366350,572.458441,572.554950,572.640987,572.755774,572.858357,572.961742,573.075057,573.198686,573.298956,573.412157,573.532042,573.654618,573.780666,573.906957,574.034810,574.188530,574.303238,574.440416,574.586289,574.722443,574.867646,575.018670,575.167469,575.321286,575.477251,575.635557,575.798775,575.962616,576.130174,576.302300,576.472882,576.642159,576.817713,577.032775,577.193573,577.381453,577.583053,577.764214,577.961633,578.163068,578.361775,578.568363,578.785123,578.988216,579.200142,579.412088,579.650094,579.856310,580.089997,580.332197,580.550652,580.789896,581.019403,581.266802,581.515054,581.764598,582.014314,582.278286,582.540343,582.789169,583.054424,583.323199,583.595125,583.868681,584.149109,584.429847,584.714341,585.002498,585.296728,585.587535,585.892965,586.192821,586.498790,586.808322,587.113785,587.436255,587.756758,588.080857,588.407533,588.737974,589.078359,589.411515,589.753825,590.106409,590.452865,590.805280,591.160721,591.520625,591.889952,592.253949,592.625737,593.001040,593.381599,593.764648,594.154602,594.542075,594.941361,595.340973,595.744623,596.153137,596.566695,596.981057,597.397928,597.824922,598.252572,598.683778,599.121342,599.562597,600.008177,600.458813,600.915965,601.370347,601.832045,602.298038,602.768039,603.244039,603.724947,604.207874,604.695617,605.188235,605.687844,606.188229,606.695053,607.206169,607.721780,608.241923,608.766808,609.297056,609.831861,610.370498,610.914122,611.461982,612.015276,612.573297,613.136266,613.704420,614.277565,614.854374,615.436273,616.024260,616.617009,617.214505,617.816927,618.424806,619.037957,619.655785,620.278844,620.906926,621.540439,622.179141,622.823188,623.472368,624.126904,624.786550,625.451549,626.121886,626.798213,627.479322,628.166315,628.858969,629.556854,630.260085,630.969101,631.684253,632.404343,633.130345,633.862605,634.599963,635.343666,636.092672,636.848201,637.609577,638.376054,639.148733,639.927733,640.712752,641.503224,642.299972,643.102832,643.911691,644.726787,645.548242,646.375795,647.209672,648.049877,648.896241,649.749145,650.608200,651.473706,652.345718,653.224554,654.109580,655.001235,655.899458,656.804543,657.716176,658.634378,659.559300,660.490979,661.429681,662.375428,663.327789,664.287251,665.253494,666.226822,667.207009,668.194549,669.188825,670.190379,671.199163,672.215139,673.238384,674.268998,675.306700,676.351719,677.404366,678.464274,679.531853,680.606856,681.689441,682.779979,683.877903,684.983585,686.097097,687.218238,688.346953,689.483784,690.628469,691.780904,692.941489,694.110111,695.286770,696.471552,697.664356,698.865689,700.075109,701.292924,702.519127,703.753729,704.996458,706.247963,707.507821,708.776316,710.053322,711.338856,712.633284,713.936522,715.248461,716.569127,717.898721,719.237210,720.584687,721.941178,723.306798,724.681585,726.065454,727.458521,728.860928,730.272685,731.693743,733.124232,734.564235,736.013675,737.472774,738.941438,740.419813,741.908064,743.405936,744.913665,746.431313,747.958845,749.496282,751.043881,752.601540,754.169407,755.747636,757.336026,758.934493,760.543438,762.162946,763.792861,765.433352,767.084390,768.745981,770.418391,772.101601,773.795661,775.500514,777.216645,778.943426,780.681440,782.430452,784.190642,785.962129,787.744872,789.538992,791.344477,793.161449,794.989973,796.830276,798.682104,800.545469,802.420776,804.307935,806.207142,808.118184,810.041593,811.976788,813.924112,815.883825,817.855918,819.840350,821.836958,823.846192,825.868131,827.902699,829.949801,832.009869,834.082578,836.168425,838.267053,840.378673,842.503420,844.641377,846.792730,848.957135,851.135070,853.326445,855.531331,857.749803,859.981989,862.227830,864.487501,866.761268,869.049070,871.350821,873.666614,875.996611,878.340800,880.699268,883.072326,885.459719,887.861645,890.278348,892.709528,895.155281,897.616380,900.092248,902.583252,905.089276,907.610468,910.146886,912.698679,915.265976,917.848738,920.447064,923.061074,925.690829,928.336435,930.997999,933.675504,936.369010,939.078711,941.804750,944.547054,947.305890,950.080997,952.872680,955.681017,958.506268,961.348346,964.207285,967.083185,969.976250,972.886381,975.813730,978.758633,981.721095,984.700932,987.698273,990.713505,993.746499,996.797219,999.866191,1002.953089,1006.058053,1009.181272,1012.322837,1015.482904,1018.661684,1021.859016,1025.074960,1028.309737,1031.563338,1034.835939,1038.127945,1041.438834,1044.769007,1048.118682,1051.487715,1054.876322,1058.284835,1061.712951,1065.160885,1068.628983,1072.116930,1075.625310,1079.153668,1082.702383,1086.271820,1089.861535,1093.472192,1097.103439,1100.755510,1104.428472,1108.122709,1111.838033,1115.574601,1119.332418,1123.111703,1126.912561,1130.735093,1134.579403,1138.445656,1142.333869,1146.244223,1150.176690,1154.131457,1158.108561,1162.108245,1166.130728,1170.175754,1174.243704,1178.334656,1182.448493,1186.585576,1190.745921,1194.929561,1199.136767,1203.367447,1207.621811,1211.899974,1216.202154,1220.528245,1224.878492,1229.252950,1233.651755,1238.075020,1242.522885,1246.995398,1251.492701,1256.014809,1260.562028,1265.134816,1269.732473,1274.355365,1279.003760,1283.677761,1288.377434,1293.102889,1297.854256,1302.631657,1307.435349,1312.265136,1317.121208,1322.003897
570.996904,571.028572,571.060252,571.094407,571.175300,571.171090,571.211418,571.250496,571.295069,571.338574,571.429625,571.440011,571.479639,571.545326,571.613275,571.668449,571.726818,571.794733,571.861051,571.935174,571.996200,572.062428,572.144412,572.222168,572.301932,572.383511,572.471255,572.554796,572.643807,572.736873,572.836053,572.926386,573.024960,573.113194,573.228080,573.334835,573.440212,573.557469,573.667258,573.783739,573.901542,574.015962,574.143899,574.271731,574.401063,574.529148,574.685064,574.800590,574.941576,575.086814,575.224461,575.370880,575.518457,575.674742,575.827816,575.987208,576.142294,576.307036,576.473614,576.641524,576.840316,576.985644,577.158418,577.341014,577.519978,577.708385,577.896314,578.086324,578.280237,578.469489,578.668041,578.883786,579.083604,579.292866,579.502895,579.726960,579.933580,580.154937,580.377361,580.603607,580.834175,581.064877,581.299869,581.540042,581.780720,582.023369,582.274402,582.523216,582.788648,583.044078,583.308296,583.559119,583.826470,584.097268,584.372434,584.647057,584.928632,585.211319,585.497510,585.787360,586.083425,586.375405,586.682538,586.983695,587.291146,587.601989,587.908671,588.232550,588.553638,588.879285,589.207397,589.538236,589.875103,590.214269,590.556769,590.912781,591.255884,591.607688,591.965283,592.325922,592.691477,593.061650,593.432842,593.809381,594.189450,594.573532,594.961970,595.349506,595.750957,596.152183,596.554480,596.959315,597.375176,597.787035,598.203649,598.629686,599.057418,599.488555,599.924282,600.364613,600.808993,601.258222,601.712722,602.169487,602.628535,603.094143,603.563110,604.036364,604.515153,604.998310,605.484448,605.974897,606.470710,606.972360,607.475768,607.985323,608.498544,609.016566,609.538872,610.066574,610.599035,611.135880,611.676536,612.222404,612.772385,613.327573,613.887579,614.452445,615.022676,615.597035,616.175923,616.759346,617.348853,617.942940,618.542035,619.145931,619.755194,620.369625,620.988574,621.612804,622.241977,622.876522,623.516197,624.161091,624.811074,625.466369,626.126729,626.792331,627.463312,628.140046,628.821586,629.508878,630.201827,630.899974,631.603328,632.312457,633.027599,633.747613,634.473569,635.205453,635.942720,636.686032,637.434688,638.189685,638.950480,639.716355,640.488408,641.266512,642.050558,642.840185,643.636010,644.437719,645.245412,646.059329,646.879402,647.705557,648.537978,649.376542,650.221386,651.072520,651.929778,652.793405,653.663650,654.540235,655.423152,656.312641,657.208534,658.111132,659.020782,659.936141,660.858348,661.787306,662.723287,663.666054,664.615514,665.571875,666.534992,667.505030,668.482048,669.465939,670.456692,671.454659,672.459709,673.471919,674.491315,675.517813,676.551587,677.592346,678.640699,679.696299,680.759351,681.829790,682.907713,683.993490,685.086553,686.187274,687.295726,688.411720,689.535157,690.666715,691.805873,692.952823,694.107612,695.270452,696.441225,697.620015,698.806720,700.001847,701.204820,702.416367,703.636008,704.863891,706.099978,707.344479,708.597478,709.858823,711.128626,712.406909,713.693591,714.989674,716.293882,717.606785,718.928493,720.258949,721.598297,722.946539,724.303773,725.670088,727.045467,728.429681,729.823231,731.226010,732.637965,734.059226,735.489875,736.929835,738.379365,739.838257,741.306812,742.784987,744.272778,745.770255,747.277518,748.794534,750.321410,751.858137,753.404879,754.961693,756.528733,758.105797,759.692846,761.290144,762.897847,764.515938,766.144417,767.783292,769.432687,771.092541,772.763106,774.444442,776.136453,777.839556,779.553214,781.277732,783.013393,784.759961,786.517544,788.286497,790.066541,791.857799,793.660389,795.474376,797.299934,799.136968,800.985328,802.845472,804.717309,806.600905,808.496456,810.403727,812.323269,814.254464,816.197884,818.153519,820.121326,822.101131,824.093351,826.098070,828.115505,830.145140,832.187409,834.242470,836.310334,838.390765,840.484095,842.590334,844.709608,846.842100,848.987517,851.146126,853.318099,855.503462,857.702171,859.914358,862.140146,864.379489,866.632549,868.899774,871.180730,873.475406,875.784076,878.106923,880.443773,882.794978,885.160370,887.540077,889.934367,892.343034,894.766196,897.203897,899.656650,902.124170,904.606648,907.104030,909.616434,912.144009,914.686882,917.244976,919.818471,922.407413,925.011966,927.632025,930.267861,932.919525,935.586957,938.270342,940.969778,943.685455,946.417104,949.165246,951.929525,954.710243,957.507472,960.321500,963.152199,965.999611,968.863876,971.745153,974.643317,977.558768,980.491506,983.441520,986.408777,989.393480,992.395930,995.415973,998.453743,1001.509400,1004.582934,1007.674386,1010.783945,1013.911706,1017.057931,1020.222654,1023.405561,1026.607097,1029.827314,1033.066202,1036.323971,1039.600924,1042.896638,1046.211583,1049.545672,1052.899063,1056.271870,1059.664496,1063.076427,1066.508214,1069.959750,1073.431102,1076.922727,1080.434166,1083.965800,1087.517993,1091.090300,1094.683507,1098.296962,1101.931062,1105.585954,1109.262089,1112.958873,1116.676867,1120.415941,1124.176314,1127.958088,1131.761366,1135.586250,1139.432937,1143.301345,1147.191754,1151.104101,1155.038574,1158.995206,1162.974344,1166.975903,1170.999927,1175.046697,1179.116290,1183.208589,1187.323986,1191.462399,1195.624059,1199.808907,1204.017137,1208.248872,1212.504329,1216.783405,1221.086341,1225.413192,1229.764096,1234.139160,1238.538495,1242.962243,1247.410449,1251.883258,1256.380680,1260.903465,1265.450852,1270.023142,1274.620583,1279.243333,1283.891496,1288.565137,1293.264366,1297.989312,1302.740095,1307.516974,1312.319750,1317.148614,1322.003897
571.546815,571.536194,571.582420,571.626031,571.680396,571.716380,571.810962,571.761370,571.871081,571.927327,571.982281,572.069332,572.112071,572.173283,572.250116,572.313275,572.380866,572.450193,572.523967,572.602485,572.688202,572.760681,572.854885,572.945141,573.030863,573.122449,573.217650,573.318944,573.411814,573.512792,573.616329,573.720606,573.830037,573.936551,574.063870,574.167798,574.286478,574.405772,574.525404,574.651745,574.781420,574.912366,575.043608,575.177632,575.316472,575.459020,575.605703,575.745141,575.892585,576.042689,576.198640,576.352405,576.511338,576.671981,576.836063,577.002700,577.171072,577.343050,577.517858,577.694442,577.867686,578.047001,578.286373,578.430704,578.622378,578.828183,579.012301,579.212240,579.418176,579.619476,579.827837,580.040028,580.270762,580.468033,580.681937,580.913310,581.138625,581.367411,581.605133,581.834070,582.071596,582.314392,582.549283,582.802535,583.055700,583.306860,583.574555,583.822287,584.085451,584.351365,584.621895,584.893645,585.167780,585.447149,585.730496,586.014967,586.302883,586.591958,586.892111,587.185515,587.494265,587.796848,588.105557,588.417959,588.725488,589.050711,589.373100,589.699870,590.034422,590.363282,590.698526,591.036517,591.381844,591.734162,592.078092,592.432936,592.793159,593.154300,593.520330,593.893002,594.262536,594.633893,595.019143,595.403479,595.790297,596.183526,596.578512,596.978141,597.384125,597.788001,598.200655,598.617426,599.034837,599.454907,599.884660,600.315488,600.749027,601.189069,601.632959,602.080504,602.534198,602.994294,603.450097,603.912965,604.380676,604.852209,605.329439,605.810753,606.296904,606.785121,607.278420,607.777370,608.281054,608.786797,609.299113,609.814680,610.335107,610.859832,611.389807,611.925453,612.463183,613.006281,613.553780,614.106160,614.662938,615.225001,615.791811,616.363435,616.939664,617.520143,618.105061,618.696111,619.291776,619.892094,620.497376,621.107816,621.723642,622.343637,622.968914,623.599198,624.234646,624.875210,625.520938,626.171689,626.827824,627.488680,628.154880,628.826292,629.503392,630.185412,630.873047,631.566268,632.264553,632.968037,633.677211,634.392295,635.112186,635.838210,636.569717,637.306600,638.049461,638.797814,639.552261,640.312415,641.077638,641.849044,642.626345,643.409437,644.198072,644.992844,645.793260,646.600155,647.412575,648.231303,649.056190,649.886995,650.723940,651.567131,652.416388,653.271970,654.133700,655.002044,655.876512,656.757273,657.644477,658.538126,659.438527,660.345501,661.258424,662.177881,663.104112,664.037422,664.977149,665.923646,666.876779,667.836865,668.803541,669.777320,670.757794,671.745028,672.739456,673.740837,674.749150,675.764662,676.787182,677.816884,678.853479,679.897572,680.948816,682.007418,683.073309,684.146588,685.227565,686.315847,687.411597,688.515044,689.625901,690.744182,691.870320,693.004038,694.145445,695.294590,696.451685,697.616602,698.789427,699.970077,701.159036,702.355924,703.560899,704.774050,705.995334,707.224714,708.462425,709.708469,710.962776,712.225428,713.496449,714.775755,716.064386,717.360949,718.666139,719.980024,721.302499,722.633798,723.973854,725.322785,726.680677,728.047514,729.423098,730.807832,732.201704,733.604656,735.016735,736.438114,737.868674,739.308678,740.757918,742.216731,743.684963,745.162719,746.650051,748.147001,749.653593,751.169914,752.695954,754.231875,755.777736,757.333649,758.899494,760.475218,762.061069,763.657091,765.263411,766.879980,768.506805,770.144009,771.791532,773.449599,775.118343,776.797594,778.487792,780.188400,781.899722,783.622039,785.355118,787.099061,788.854277,790.620331,792.397499,794.185819,795.985441,797.796327,799.618782,801.452392,803.297415,805.154082,807.022350,808.902414,810.794039,812.697783,814.613052,816.540189,818.479633,820.430983,822.394284,824.369645,826.357364,828.357678,830.370015,832.394802,834.432268,836.482254,838.544792,840.619978,842.707899,844.808681,846.922384,849.049074,851.188666,853.341439,855.507383,857.686549,859.879007,862.084885,864.304123,866.536894,868.783462,871.043841,873.317718,875.605407,877.907031,880.222469,882.551915,884.895641,887.253391,889.625500,892.011793,894.412386,896.827236,899.257112,901.701491,904.160575,906.634409,909.123087,911.626662,914.145285,916.679081,919.228009,921.792168,924.371731,926.966592,929.577021,932.203067,934.844713,937.502016,940.175169,942.864314,945.569374,948.290580,951.027780,953.781165,956.550848,959.337089,962.139799,964.959010,967.794819,970.647432,973.516744,976.402908,979.306257,982.226796,985.164337,988.119009,991.091197,994.080770,997.087691,1000.112440,1003.154820,1006.214838,1009.292727,1012.388575,1015.502477,1018.634695,1021.785263,1024.953926,1028.141026,1031.346553,1034.570681,1037.813708,1041.075427,1044.355921,1047.655512,1050.974053,1054.311759,1057.668952,1061.045354,1064.441129,1067.856602,1071.291664,1074.746383,1078.221213,1081.715696,1085.230213,1088.765137,1092.319991,1095.895571,1099.491275,1103.107438,1106.744470,1110.402095,1114.080442,1117.779832,1121.500133,1125.241564,1129.004226,1132.788222,1136.593780,1140.420715,1144.269479,1148.139765,1152.031968,1155.946121,1159.882260,1163.840809,1167.821442,1171.824443,1175.850111,1179.898228,1183.968969,1188.062629,1192.179125,1196.318687,1200.481256,1204.667025,1208.876115,1213.108746,1217.364810,1221.644550,1225.948021,1230.275357,1234.626669,1239.002064,1243.401684,1247.825575,1252.273781,1256.746607,1261.244508,1265.766821,1270.313845,1274.885829,1279.482929,1284.105250,1288.752855,1293.425853,1298.124375,1302.848538,1307.598601,1312.374365,1317.176020,1322.003897
572.071627,572.105262,572.156495,572.155658,572.264230,572.318396,572.380037,572.438260,572.512531,572.571172,572.638207,572.712659,572.793975,572.854574,572.929878,573.003306,573.089694,573.172861,573.258123,573.345011,573.438018,573.525580,573.619749,573.717228,573.820912,573.923837,574.019432,574.125158,574.229640,574.343686,574.454093,574.579951,574.687219,574.807929,574.926495,575.050272,575.177717,575.319813,575.442419,575.575729,575.710660,575.851622,575.993470,576.145747,576.284709,576.433508,576.586811,576.740037,576.896585,577.085194,577.221273,577.380332,577.550507,577.721581,577.893519,578.071435,578.246398,578.426902,578.609919,578.796581,578.985509,579.176622,579.371062,579.567891,579.760322,579.959039,580.185057,580.383979,580.595787,580.810204,581.033106,581.247019,581.468416,581.706572,581.916772,582.156256,582.403389,582.625983,582.868362,583.111443,583.357483,583.604093,583.859805,584.113185,584.372302,584.633050,584.898192,585.170106,585.438835,585.711703,585.988578,586.269786,586.553227,586.841133,587.130745,587.421392,587.723153,588.018105,588.328451,588.632458,588.942842,589.256077,589.564583,589.891512,590.214918,590.542555,590.878439,591.208137,591.544327,591.883356,592.229110,592.579490,592.927055,593.282486,593.643300,594.006411,594.371427,594.748305,595.114674,595.490935,595.870787,596.255707,596.642455,597.036323,597.427682,597.830847,598.235463,598.641163,599.051329,599.474809,599.885561,600.305070,600.734554,601.164645,601.598425,602.036661,602.479454,602.926267,603.377491,603.834765,604.293026,604.754967,605.221010,605.691931,606.166516,606.646325,607.131575,607.618612,608.110037,608.606243,609.109215,609.612861,610.122374,610.636634,611.154664,611.677349,612.204423,612.736951,613.274062,613.814190,614.359208,614.908720,615.463039,616.021628,616.585562,617.154133,617.727292,618.304962,618.886959,619.473542,620.066358,620.663042,621.264856,621.871311,622.483274,623.100056,623.721194,624.347489,624.978609,625.615007,626.256416,626.902888,627.554321,628.211197,628.872693,629.539318,630.211190,630.888695,631.571036,632.258981,632.952429,633.650767,634.354315,635.063482,635.778493,636.498289,637.224161,637.955133,638.691864,639.434219,640.182208,640.935901,641.695519,642.460145,643.230782,644.007132,644.789040,645.577014,646.370666,647.170059,647.975614,648.786740,649.604171,650.427538,651.256798,652.092179,652.933676,653.781182,654.634927,655.494813,656.361132,657.233481,658.112085,658.996981,659.888345,660.786383,661.690873,662.601154,663.518036,664.441727,665.372025,666.308838,667.252366,668.202423,669.159338,670.122812,671.093196,672.070241,673.053958,674.044780,675.042464,676.047102,677.058697,678.077175,679.102814,680.135254,681.175160,682.221989,683.276060,684.337546,685.406213,686.482395,687.565906,688.656725,689.755182,690.860898,691.973966,693.094792,694.223068,695.358991,696.502520,697.653897,698.813001,699.979894,701.154532,702.337344,703.527994,704.726800,705.933328,707.148042,708.370771,709.601627,710.840871,712.088129,713.343737,714.607545,715.879675,717.160723,718.449737,719.747264,721.053360,722.367956,723.691248,725.023181,726.363845,727.713405,729.071766,730.438747,731.814821,733.199768,734.593808,735.996809,737.408988,738.830224,740.260792,741.700450,743.149567,744.607976,746.075783,747.553037,749.039728,750.536040,752.041896,753.557343,755.082539,756.617543,758.162311,759.717187,761.281654,762.856112,764.440607,766.035262,767.640029,769.254915,770.880041,772.515346,774.161101,775.817300,777.483946,779.161182,780.849004,782.547254,784.256355,785.976070,787.706578,789.448064,791.200313,792.963544,794.737781,796.523108,798.319588,800.127447,801.946424,803.776537,805.618182,807.471273,809.336000,811.212133,813.100227,814.999686,816.910853,818.834052,820.769072,822.716068,824.674811,826.645746,828.628983,830.624348,832.631837,834.651852,836.684061,838.728961,840.786152,842.855965,844.938408,847.033607,849.141723,851.262518,853.396203,855.542964,857.702828,859.875749,862.061909,864.261249,866.473953,868.700246,870.940103,873.193423,875.460244,877.740758,880.035165,882.343232,884.665368,887.001382,889.351402,891.715694,894.094051,896.486593,898.893350,901.314901,903.750776,906.201372,908.666536,911.146397,913.641105,916.150784,918.675355,921.214998,923.769756,926.339791,928.924998,931.525645,934.141781,936.773497,939.420523,942.083407,944.762188,947.456594,950.167145,952.893483,955.635909,958.394492,961.169515,963.960863,966.768561,969.592751,972.433592,975.290995,978.165111,981.056549,983.964602,986.889559,989.831622,992.791060,995.767739,998.761693,1001.773237,1004.802249,1007.848798,1010.913071,1013.995160,1017.095326,1020.213436,1023.349675,1026.503983,1029.676578,1032.867450,1036.076806,1039.304948,1042.551450,1045.816681,1049.100854,1052.403824,1055.725803,1059.067122,1062.427475,1065.807076,1069.206267,1072.624722,1076.063051,1079.520767,1082.998258,1086.495886,1090.013229,1093.550877,1097.108545,1100.686444,1104.284637,1107.903535,1111.542861,1115.202738,1118.883494,1122.584993,1126.307453,1130.050976,1133.815662,1137.601672,1141.409024,1145.237964,1149.088255,1152.960289,1156.854100,1160.769722,1164.707579,1168.667345,1172.649302,1176.653750,1180.680468,1184.729727,1188.801538,1192.896099,1197.013546,1201.153921,1205.317111,1209.503542,1213.713330,1217.946369,1222.202900,1226.482977,1230.786735,1235.114282,1239.465726,1243.841208,1248.240774,1252.664467,1257.112590,1261.585599,1266.082831,1270.604583,1275.151103,1279.722548,1284.319021,1288.940586,1293.587351,1298.259444,1302.956985,1307.680231,1312.428982,1317.203426,1322.003897
572.665907,572.730101,572.787415,572.852310,572.913310,572.993945,573.052119,573.128612,573.199813,573.273301,573.347461,573.426391,573.501660,573.590891,573.665903,573.764560,573.854123,573.949830,574.040412,574.136329,574.236129,574.342505,574.440640,574.535544,574.653368,574.759998,574.876156,574.989603,575.108756,575.299591,575.348289,575.469241,575.589201,575.723698,575.866029,575.991342,576.127985,576.285231,576.405826,576.549538,576.703608,576.843776,576.993695,577.146548,577.302164,577.462898,577.650682,577.785247,577.950842,578.118594,578.290951,578.463688,578.640069,578.818977,578.995933,579.183463,579.366613,579.559690,579.752117,579.947200,580.143723,580.344441,580.547083,580.757736,580.961368,581.172450,581.387867,581.621966,581.820796,582.045147,582.272262,582.499611,582.730646,582.966272,583.201459,583.441393,583.683929,583.932868,584.178116,584.429552,584.689952,584.942612,585.214195,585.466427,585.734647,586.007922,586.269131,586.557050,586.832253,587.115416,587.400791,587.689686,587.984437,588.273697,588.577028,588.875564,589.181749,589.490793,589.802519,590.117015,590.426698,590.754789,591.079538,591.408188,591.745246,592.076309,592.412551,592.752529,593.099293,593.448299,593.798441,594.156347,594.518470,594.880021,595.244836,595.620352,595.989109,596.365766,596.746439,597.131284,597.518741,597.911908,598.305149,598.708064,599.112537,599.518560,599.925930,600.345709,600.757563,601.178257,601.604416,602.036546,602.470311,602.906517,603.349079,603.795238,604.245159,604.700374,605.162367,605.620576,606.084997,606.554402,607.028044,607.505954,607.988658,608.475259,608.964998,609.459975,609.958684,610.463668,610.969476,611.482288,611.998273,612.518478,613.043652,613.573107,614.107453,614.646717,615.188616,615.735682,616.286996,616.843102,617.403701,617.969340,618.539645,619.114194,619.693594,620.277074,620.865132,621.459396,622.057455,622.660279,623.268015,623.881338,624.499146,625.121352,625.748417,626.380656,627.017785,627.660006,628.307104,628.959671,629.616723,630.278699,630.945821,631.618184,632.295972,632.978595,633.666755,634.360348,635.058783,635.762311,636.471462,637.186286,637.906196,638.631710,639.362233,640.098712,640.840489,641.588049,642.341278,643.100000,643.864073,644.633732,645.409395,646.190173,646.977096,647.769766,648.567928,649.371995,650.181981,650.998010,651.819907,652.647618,653.481408,654.321171,655.166899,656.018787,656.876907,657.741047,658.611304,659.487735,660.370328,661.259552,662.155269,663.057028,663.964971,664.878953,665.799953,666.727371,667.661299,668.601852,669.548828,670.502531,671.462737,672.429792,673.403409,674.383610,675.370828,676.364819,677.365676,678.373397,679.387823,680.409498,681.437898,682.473461,683.516010,684.565607,685.622575,686.686630,687.758017,688.836921,689.922734,691.016056,692.116818,693.224686,694.340286,695.463122,696.593535,697.731583,698.877157,700.030501,701.191503,702.360146,703.536860,704.721309,705.913786,707.114062,708.322148,709.538230,710.762333,711.994762,713.235074,714.483569,715.740271,717.005247,718.278791,719.560308,720.850226,722.148601,723.455362,724.770725,726.094620,727.427060,728.768232,730.118274,731.476726,732.844134,734.220338,735.605488,736.999484,738.402536,739.814524,741.235720,742.665923,744.105385,745.554053,747.011993,748.479255,749.955826,751.441892,752.937374,754.442317,755.956880,757.481121,759.014996,760.558846,762.112262,763.675322,765.248391,766.831421,768.424558,770.027612,771.640769,773.263968,774.897478,776.541277,778.195413,779.859983,781.534998,783.220350,784.916305,786.622783,788.339908,790.067866,791.806405,793.555850,795.316117,797.087324,798.869535,800.662977,802.467381,804.282878,806.109539,807.947600,809.797012,811.657934,813.530216,815.414334,817.309688,819.216849,821.135803,823.066506,825.008781,826.963102,828.929465,830.907989,832.898346,834.901107,836.915873,838.943163,840.982574,843.034438,845.098762,847.175670,849.265220,851.367478,853.482355,855.610131,857.750834,859.904416,862.071009,864.250705,866.443534,868.649579,870.869311,873.102193,875.348488,877.608239,879.881676,882.168582,884.469372,886.783853,889.112150,891.454530,893.810783,896.181026,898.565213,900.964113,903.377201,905.804677,908.246584,910.703015,913.174021,915.659835,918.160330,920.675715,923.206002,925.751363,928.311692,930.887254,933.478100,936.084208,938.705637,941.342576,943.995041,946.663326,949.347143,952.046899,954.762347,957.493743,960.241347,963.005103,965.784933,968.581041,971.393595,974.222489,977.067874,979.930080,982.809112,985.704781,988.617213,991.546704,994.493264,997.456950,1000.438034,1003.436148,1006.451782,1009.484809,1012.535414,1015.603690,1018.689897,1021.794068,1024.915946,1028.055790,1031.213833,1034.390003,1037.584506,1040.797645,1044.028992,1047.279016,1050.547627,1053.834981,1057.141191,1060.466655,1063.810859,1067.174350,1070.557020,1073.958933,1077.380542,1080.821388,1084.281850,1087.762288,1091.262256,1094.782415,1098.322475,1101.882467,1105.462658,1109.063360,1112.684383,1116.325880,1119.987853,1123.670520,1127.373981,1131.098335,1134.843684,1138.610187,1142.397861,1146.206953,1150.037223,1153.889064,1157.762509,1161.657591,1165.574735,1169.513611,1173.474504,1177.457771,1181.463011,1185.490675,1189.540776,1193.613320,1197.708634,1201.826698,1205.967394,1210.131151,1214.318082,1218.528082,1222.761391,1227.018062,1231.298228,1235.601999,1239.929482,1244.280816,1248.656047,1253.055217,1257.478630,1261.926739,1266.398881,1270.895355,1275.416405,1279.962190,1284.532811,1289.128331,1293.748858,1298.394521,1303.065436,1307.761863,1312.483599,1317.230833,1322.003897
573.340133,573.412338,573.492015,573.559606,573.626107,573.702615,573.780178,573.859423,573.936268,574.025100,574.111979,574.200036,574.290781,574.382976,574.481253,574.574280,574.672888,574.775123,574.883159,574.983191,575.090838,575.200602,575.310043,575.426163,575.544013,575.678502,575.785776,575.908838,576.034173,576.156206,576.289942,576.434204,576.561115,576.699503,576.858501,576.980192,577.125005,577.281271,577.422321,577.574534,577.728329,577.884842,578.047301,578.236923,578.371728,578.538496,578.707132,578.879653,579.055153,579.262210,579.411468,579.589239,579.777364,579.964541,580.200884,580.347487,580.542963,580.755192,580.941339,581.144604,581.351092,581.563883,581.770918,581.984413,582.202801,582.430463,582.646322,582.868743,583.110714,583.322209,583.562292,583.805191,584.038018,584.280234,584.527216,584.766876,585.024353,585.280660,585.536670,585.807837,586.068929,586.337766,586.593968,586.864208,587.132695,587.420804,587.699640,587.984217,588.271476,588.568387,588.858441,589.149381,589.446696,589.757086,590.061761,590.372278,590.685288,591.001064,591.311791,591.641257,591.967042,592.296845,592.635382,592.966706,593.304055,593.644911,593.992430,594.342284,594.695262,595.055713,595.414401,595.776579,596.141727,596.512360,596.887527,597.264030,597.640080,598.029514,598.417738,598.808887,599.204835,599.604042,600.006696,600.414661,600.822956,601.238413,601.659966,602.078085,602.500476,602.932811,603.365155,603.801552,604.242342,604.687494,605.136388,605.589626,606.048942,606.509115,606.972396,607.440358,607.912900,608.388908,608.869796,609.355245,609.843988,610.336956,610.833819,611.335435,611.842537,612.351029,612.866003,613.384089,613.906675,614.433812,614.965567,615.501907,616.042618,616.586698,617.135867,617.688999,618.247031,618.809271,619.376562,619.948423,620.524749,621.105343,621.690305,622.279796,622.875507,623.474557,624.078717,624.687617,625.302139,625.920968,626.544078,627.172090,627.805135,628.443091,629.086031,629.733868,630.387032,631.044666,631.707043,632.374571,633.047204,633.725396,634.408397,635.096586,635.790219,636.488722,637.192273,637.901311,638.615907,639.335731,640.060878,640.790956,641.527174,642.268478,643.015370,643.767976,644.526078,645.289243,646.058332,646.832796,647.612704,648.398501,649.190118,649.987016,650.789806,651.598442,652.413218,653.233426,654.059585,654.891727,655.729766,656.573692,657.423779,658.279871,659.141969,660.010124,660.884352,661.764690,662.651564,663.544855,664.444086,665.349458,666.260908,667.179130,668.103591,669.034742,669.972273,670.916047,671.866537,672.823527,673.787238,674.757426,675.734111,676.717726,677.708081,678.705092,679.708959,680.719331,681.737054,682.761318,683.792653,684.830894,685.876066,686.928572,687.987986,689.054694,690.128746,691.209731,692.298076,693.393766,694.496526,695.606834,696.724272,697.849301,698.981709,700.121622,701.269222,702.424345,703.587260,704.757676,705.935958,707.122141,708.316066,709.517674,710.727200,711.944587,713.170105,714.403631,715.645116,716.894700,718.152449,719.418658,720.692730,721.975092,723.265735,724.564780,725.872250,727.188140,728.512460,729.845398,731.187091,732.537198,733.895904,735.263408,736.639741,738.024801,739.418798,740.821650,742.233511,743.654296,745.084219,746.523140,747.971336,749.428729,750.895266,752.371170,753.856364,755.350981,756.854926,758.368525,759.891558,761.424484,762.966798,764.518757,766.080444,767.652016,769.233552,770.824888,772.426183,774.037383,775.658758,777.290285,778.931969,780.584030,782.246354,783.918875,785.601858,787.295221,788.999088,790.713645,792.438689,794.174389,795.920818,797.678011,799.446117,801.225276,803.015250,804.816206,806.628089,808.451264,810.285639,812.131367,813.988302,815.856926,817.736663,819.627956,821.530936,823.445505,825.371606,827.309355,829.259012,831.220850,833.194295,835.179890,837.177420,839.187274,841.209078,843.243185,845.289545,847.348364,849.419637,851.503445,853.599718,855.708683,857.830360,859.964834,862.112119,864.272358,866.445490,868.631697,870.831385,873.044056,875.269929,877.509135,879.761691,882.027779,884.307285,886.600582,888.907409,891.228101,893.562479,895.910754,898.272821,900.649039,903.039486,905.444128,907.863006,910.296213,912.743798,915.205910,917.682673,920.173994,922.680081,925.201002,927.736764,930.287422,932.853253,935.434196,938.030281,940.641425,943.268088,945.910215,948.567814,951.241122,953.929871,956.634357,959.354747,962.091264,964.843461,967.611790,970.396419,973.197091,976.014092,978.847448,981.697765,984.564335,987.447444,990.347293,993.264151,996.197880,999.148445,1002.116364,1005.101308,1008.103414,1011.122866,1014.159752,1017.214164,1020.286486,1023.376377,1026.483951,1029.609425,1032.752787,1035.914207,1039.094088,1042.291902,1045.508048,1048.742739,1051.995827,1055.267523,1058.558148,1061.867419,1065.195524,1068.542717,1071.908952,1075.294274,1078.699135,1082.123074,1085.566469,1089.029692,1092.512263,1096.014996,1099.537225,1103.079345,1106.641500,1110.224139,1113.826662,1117.449630,1121.092908,1124.756714,1128.441146,1132.146304,1135.872287,1139.619290,1143.387227,1147.176376,1150.986669,1154.818293,1158.671279,1162.545868,1166.442276,1170.360241,1174.300142,1178.262054,1182.245856,1186.251905,1190.280215,1194.330814,1198.403953,1202.499688,1206.617875,1210.758942,1214.923003,1219.109949,1223.320022,1227.553274,1231.809838,1236.089821,1240.393331,1244.720507,1249.071393,1253.446031,1257.844725,1262.267927,1266.714973,1271.186120,1275.681736,1280.201887,1284.746619,1289.316090,1293.910376,1298.529605,1303.173893,1307.843497,1312.538217,1317.258240,1322.003897
574.074664,574.155140,574.229883,574.309179,574.392840,574.471862,574.564158,574.642193,574.743872,574.837316,574.932056,575.029496,575.128481,575.229405,575.335192,575.444827,575.546994,575.656787,575.769289,575.880282,576.000828,576.127274,576.240779,576.364601,576.489419,576.616786,576.746697,576.872479,577.011999,577.151240,577.291383,577.454044,577.584606,577.721381,577.878947,578.021463,578.175608,578.330883,578.490671,578.650135,578.843474,578.979087,579.149668,579.314316,579.489362,579.666565,579.874900,580.025068,580.207480,580.392193,580.569123,580.818360,580.964153,581.160043,581.358651,581.559621,581.756362,581.956378,582.190269,582.390650,582.604746,582.832967,583.041434,583.261485,583.483002,583.717130,583.948362,584.181564,584.419715,584.658262,584.898783,585.145643,585.385979,585.641466,585.893800,586.153195,586.410611,586.673062,586.937804,587.205352,587.476956,587.751019,588.029258,588.310282,588.590383,588.876634,589.165639,589.464704,589.756141,590.050910,590.347298,590.659284,590.965365,591.277127,591.590621,591.908601,592.220444,592.551011,592.878125,593.208950,593.548674,593.880897,594.218931,594.565658,594.909603,595.259717,595.618099,595.974596,596.333687,596.695029,597.062100,597.433033,597.808184,598.185473,598.561599,598.951074,599.339369,599.729983,600.127201,600.521746,600.928693,601.336458,601.745259,602.158509,602.580635,602.997994,603.419766,603.851122,604.283523,604.719521,605.158240,605.603374,606.051634,606.503277,606.960879,607.424509,607.884473,608.350427,608.821434,609.296544,609.775697,610.258952,610.747049,611.238220,611.733567,612.232833,612.738837,613.245131,613.757543,614.274198,614.794569,615.319332,615.848343,616.382381,616.921539,617.462843,618.009280,618.559854,619.114832,619.674497,620.238545,620.807650,621.380826,621.958408,622.540619,623.126930,623.717945,624.314716,624.915029,625.520294,626.130633,626.745859,627.365735,627.989526,628.618615,629.252496,629.891185,630.534694,631.183174,631.836931,632.495060,633.157837,633.825874,634.498842,635.177137,635.860344,636.548649,637.242327,637.940758,638.644293,639.353264,640.067836,640.787136,641.511990,642.241763,642.977386,643.718217,644.464444,645.216380,645.973940,646.736187,647.504309,648.277853,649.056714,649.841606,650.631875,651.427540,652.229032,653.036281,653.849623,654.668289,655.492882,656.323318,657.159608,658.001753,658.850068,659.704040,660.564090,661.430074,662.302125,663.180331,664.064636,664.955323,665.852112,666.755093,667.663770,668.579274,669.500827,670.428953,671.363579,672.304257,673.251561,674.205300,675.165666,676.132255,677.105662,678.085728,679.072268,680.065502,681.065504,682.071924,683.085516,684.105890,685.132853,686.166748,687.207554,688.255516,689.310513,690.372401,691.441706,692.517826,693.601212,694.691848,695.789572,696.894523,698.006726,699.126210,700.253081,701.387361,702.529227,703.678517,704.835499,705.999856,707.172204,708.351977,709.539563,710.734722,711.937710,713.148447,714.367211,715.593876,716.828395,718.070842,719.321589,720.580398,721.847072,723.121923,724.404955,725.696293,726.995906,728.303846,729.620140,730.944849,732.278271,733.619975,734.970162,736.329032,737.696613,739.072829,740.457811,741.851564,743.254201,744.665643,746.086097,747.515475,748.953925,750.401489,751.858071,753.323897,754.798889,756.283178,757.776668,759.279686,760.792010,762.314098,763.845445,765.386294,766.936767,768.496980,770.067025,771.646737,773.236275,774.835691,776.444931,778.064317,779.693679,781.333303,782.982909,784.642858,786.312986,787.993354,789.684084,791.385313,793.096986,794.819121,796.551858,798.295218,800.049282,801.814236,803.589971,805.376482,807.173772,808.982198,810.801681,812.632362,814.474097,816.327366,818.191595,820.067122,821.954385,823.852827,825.762943,827.684401,829.617605,831.562757,833.519501,835.488160,837.468591,839.460945,841.465557,843.482023,845.510672,847.551563,849.604661,851.670283,853.748132,855.838427,857.941342,860.056904,862.185066,864.326006,866.479663,868.646220,870.825897,873.018670,875.224478,877.443197,879.675225,881.920642,884.179237,886.451416,888.736986,891.036072,893.348938,895.675374,898.015494,900.369251,902.737468,905.119439,907.515582,909.925802,912.350245,914.788946,917.242137,919.709690,922.191811,924.688512,927.199963,929.726055,932.267053,934.823005,937.393952,939.979761,942.580808,945.197047,947.828767,950.475681,953.138193,955.816054,958.509520,961.218848,963.943981,966.684839,969.441516,972.214504,975.003370,977.808370,980.629836,983.467768,986.321976,989.192585,992.079890,994.983876,997.904664,1000.842461,1003.796915,1006.768519,1009.757141,1012.762966,1015.786084,1018.826755,1021.884910,1024.960588,1028.053748,1031.164723,1034.293436,1037.440095,1040.604998,1043.787716,1046.988718,1050.207912,1053.445451,1056.701447,1059.976227,1063.269482,1066.581425,1069.912394,1073.262072,1076.631037,1080.018829,1083.425824,1086.852115,1090.298076,1093.763224,1097.248355,1100.752860,1104.277074,1107.821404,1111.385571,1114.969697,1118.574105,1122.198658,1125.843573,1129.508948,1133.194881,1136.901598,1140.628914,1144.377274,1148.146370,1151.936593,1155.747976,1159.580548,1163.434552,1167.310201,1171.207234,1175.126028,1179.066659,1183.029003,1187.013419,1191.019918,1195.048529,1199.099519,1203.172792,1207.268553,1211.386915,1215.528090,1219.691970,1223.878794,1228.088613,1232.321562,1236.577747,1240.857273,1245.160280,1249.486812,1253.836910,1258.210876,1262.609163,1267.031106,1271.476961,1275.947095,1280.441575,1284.960445,1289.503863,1294.071904,1298.664695,1303.282353,1307.925134,1312.592837,1317.285648,1322.003897
574.860807,574.946260,575.027435,575.112178,575.215025,575.308415,575.404535,575.505561,575.602039,575.703191,575.806659,575.914699,576.027806,576.131531,576.242853,576.358307,576.471507,576.594127,576.713889,576.914604,576.963961,577.088088,577.219922,577.351992,577.484048,577.620830,577.762015,577.903856,578.045906,578.200627,578.338785,578.488982,578.641750,578.796763,578.953965,579.115418,579.273297,579.473729,579.606603,579.776311,579.947921,580.121007,580.299096,580.509347,580.659012,580.843392,581.021813,581.206224,581.408248,581.602406,581.798795,581.997453,582.200023,582.403571,582.610795,582.820474,583.036301,583.246608,583.463703,583.683934,583.908978,584.133205,584.358652,584.603931,584.816920,585.059378,585.305057,585.539454,585.783927,586.030837,586.283339,586.533168,586.788334,587.050557,587.309452,587.585131,587.840382,588.110459,588.387995,588.660089,588.939523,589.219482,589.505525,589.794434,590.084774,590.377948,590.674625,590.973998,591.275845,591.583121,591.893386,592.205898,592.515853,592.839980,593.152926,593.484739,593.812868,594.144696,594.485730,594.818657,595.157687,595.505417,595.849879,596.200679,596.562454,596.916796,597.273889,597.638557,598.005830,598.377397,598.755541,599.129952,599.506217,599.897659,600.284707,600.675722,601.073559,601.467123,601.875948,602.283728,602.692970,603.102977,603.525844,603.940024,604.366702,604.791500,605.225698,605.661300,606.099204,606.543502,606.990658,607.441506,607.896580,608.357488,608.819552,609.284746,609.754080,610.227988,610.705158,611.187603,611.673770,612.164329,612.656928,613.155577,613.657045,614.164621,614.673608,615.188556,615.707069,616.229294,616.756489,617.287675,617.823780,618.364198,618.907525,619.455753,620.007949,620.565115,621.125980,621.691714,622.262535,622.836997,623.415933,623.999506,624.587143,625.179712,625.777158,626.378943,626.985203,627.596677,628.213017,628.833564,629.458317,630.088170,630.722742,631.362031,632.006261,632.655486,633.309511,633.968107,634.631218,635.299448,635.972788,636.651378,637.334692,638.023038,638.716732,639.415134,640.118612,640.827457,641.541670,642.260800,642.985136,643.714540,644.449657,645.189813,645.935511,646.686660,647.443271,648.204833,648.972107,649.744618,650.522534,651.306180,652.095116,652.889662,653.689809,654.495824,655.307491,656.124625,656.947593,657.776329,658.610846,659.451118,660.297538,661.149566,662.007489,662.871323,663.741293,664.617051,665.499211,666.387204,667.281453,668.181872,669.087800,670.000572,670.919238,671.844413,672.776014,673.713587,674.657717,675.608082,676.565204,677.528359,678.498246,679.474787,680.457594,681.447017,682.443157,683.445628,684.455244,685.471432,686.494181,687.523773,688.560207,689.603700,690.654102,691.711420,692.775859,693.847129,694.925431,696.011171,697.103751,698.203492,699.310374,700.424423,701.545920,702.674509,703.810629,704.954114,706.105167,707.263545,708.429791,709.603359,710.784667,711.973393,713.169873,714.374050,715.586065,716.805861,718.033486,719.269024,720.512514,721.764081,723.023406,724.290787,725.566265,726.849940,728.141736,729.441801,730.750089,732.066653,733.391870,734.725230,736.066952,737.417306,738.776154,740.143567,741.519630,742.904348,744.297831,745.700001,747.111065,748.530932,749.959795,751.397562,752.844271,754.300046,755.764972,757.238988,758.722138,760.214662,761.716366,763.227552,764.748178,766.278025,767.817366,769.366317,770.924970,772.493158,774.071040,775.658668,777.255986,778.863316,780.480487,782.107820,783.744927,785.392275,787.049664,788.717154,790.394867,792.082947,793.781312,795.490007,797.209160,798.938792,800.678985,802.429799,804.191496,805.963695,807.746635,809.540349,811.345077,813.160722,814.987531,816.825593,818.674462,820.534475,822.405956,824.288689,826.182827,828.088149,830.005119,831.933705,833.873893,835.825596,837.789280,839.764541,841.751896,843.750941,845.762005,847.785146,849.820327,851.867745,853.927462,855.999353,858.083661,860.180462,862.289667,864.411461,866.545904,868.693006,870.852862,873.025942,875.211704,877.410466,879.622097,881.846872,884.084891,886.336189,888.600696,890.878535,893.169969,895.474787,897.793201,900.124870,902.470908,904.830524,907.204081,909.591565,911.993065,914.408632,916.838426,919.282523,921.740886,924.213677,926.700991,929.202822,931.719226,934.250476,936.796512,939.357361,941.932937,944.523701,947.129595,949.750625,952.387026,955.038531,957.705431,960.387894,963.086141,965.799721,968.529107,971.274406,974.035415,976.812403,979.605391,982.414985,985.240476,988.082147,990.940198,993.814895,996.706101,999.613777,1002.538441,1005.479761,1008.437872,1011.412957,1014.405104,1017.414400,1020.441106,1023.485251,1026.546574,1029.625333,1032.721760,1035.835779,1038.967595,1042.117507,1045.285085,1048.470798,1051.674551,1054.896498,1058.136977,1061.395704,1064.672841,1067.968709,1071.283193,1074.616359,1077.968656,1081.339623,1084.729635,1088.139052,1091.567425,1095.015411,1098.482653,1101.969381,1105.475655,1109.001884,1112.547788,1116.113487,1119.699304,1123.305103,1126.931097,1130.577385,1134.244066,1137.931296,1141.639091,1145.367695,1149.116866,1152.886994,1156.678111,1160.490247,1164.323823,1168.178510,1172.054589,1175.952256,1179.871585,1183.812452,1187.775248,1191.759885,1195.766590,1199.795297,1203.846209,1207.919429,1212.015071,1216.133346,1220.274144,1224.437705,1228.624081,1232.833403,1237.065776,1241.321309,1245.600137,1249.902305,1254.227853,1258.577083,1262.950448,1267.347245,1271.767836,1276.212483,1280.681286,1285.174288,1289.691649,1294.233442,1298.799793,1303.390818,1308.006774,1312.647458,1317.313055,1322.003897
575.703780,575.798352,575.894379,575.992979,576.096752,576.195706,576.299531,576.405651,576.522765,576.616016,576.737313,576.851827,576.968510,577.083785,577.218134,577.330563,577.458045,577.584815,577.713425,577.838416,577.978698,578.118606,578.250734,578.394081,578.537870,578.681584,578.826899,578.945252,579.129275,579.285808,579.440073,579.598310,579.759292,579.922486,580.123183,580.256341,580.427395,580.600000,580.774024,580.952153,581.166432,581.315046,581.500354,581.679760,581.876093,582.067950,582.262810,582.459603,582.659202,582.861671,583.065511,583.273537,583.483206,583.701095,583.910564,584.127606,584.348727,584.575871,584.796630,585.017236,585.254055,585.488146,585.723429,585.962141,586.204916,586.447144,586.696255,586.933896,587.198027,587.450134,587.707721,587.971810,588.245168,588.499804,588.782200,589.040036,589.314349,589.583553,589.877288,590.156951,590.444890,590.733263,591.027199,591.322249,591.620388,591.923982,592.226250,592.533320,592.845006,593.158765,593.467197,593.795439,594.109649,594.442471,594.771492,595.104599,595.446577,595.780877,596.120427,596.469225,596.814272,597.165652,597.528394,597.883209,598.240396,598.606020,598.973716,599.345668,599.722992,600.098732,600.481150,600.865218,601.254536,601.646230,602.042853,602.439637,602.844663,603.251020,603.662165,604.071023,604.489402,604.915405,605.333766,605.758180,606.192674,606.627033,607.065182,607.507398,607.953806,608.404023,608.857606,609.316763,609.783284,610.243865,610.711308,611.183755,611.660226,612.140145,612.624876,613.113817,613.605898,614.101780,614.601852,615.107672,615.615057,616.127281,616.644391,617.164505,617.689167,618.217842,618.751429,619.289355,619.831234,620.376659,620.926504,621.480403,622.039068,622.602036,623.169337,623.741210,624.317181,624.897677,625.482214,626.071273,626.664895,627.263353,627.866312,628.473804,629.085909,629.703491,630.324837,630.950322,631.580912,632.215966,632.856030,633.500964,634.151017,634.805053,635.463983,636.127440,636.795979,637.469524,638.148260,638.831623,639.520062,640.213670,640.911986,641.615390,642.323998,643.037821,643.756593,644.480560,645.209460,645.944035,646.683577,647.428638,648.179010,648.934668,649.695746,650.461985,651.233367,652.010136,652.792560,653.580279,654.373400,655.172297,655.976902,656.787032,657.602619,658.423900,659.250878,660.083700,660.922078,661.766530,662.616512,663.472365,664.334124,665.201695,666.075162,666.954926,667.840443,668.732224,669.629925,670.533185,671.443214,672.358911,673.281152,674.209721,675.144325,676.085138,677.032218,677.985947,678.945700,679.912064,680.885001,681.864130,682.849763,683.842018,684.840566,685.846203,686.858319,687.876744,688.902052,689.934101,690.973120,692.018958,693.071623,694.131317,695.197778,696.271124,697.351897,698.439326,699.533927,700.635427,701.744080,702.860087,703.983090,705.113531,706.251266,707.396409,708.549002,709.708984,710.876454,712.051415,713.233796,714.423760,715.621375,716.826629,718.039727,719.260409,720.489017,721.725446,722.969783,724.221804,725.481775,726.749734,728.025784,729.309893,730.602068,731.902403,733.210926,734.527948,735.853022,737.186377,738.528189,739.878414,741.237088,742.604298,743.980046,745.364445,746.757455,748.159194,749.569586,750.988892,752.416983,753.853894,755.299751,756.754637,758.218491,759.691356,761.173471,762.664642,764.165169,765.675010,767.194052,768.722248,770.260031,771.807323,773.364142,774.930476,776.506417,778.091917,779.687295,781.292382,782.907496,784.532249,786.167106,787.811801,789.466597,791.131409,792.806514,794.491636,796.187063,797.892704,799.608734,801.335154,803.072108,804.819737,806.577795,808.346456,810.125655,811.915767,813.716647,815.528541,817.351225,819.185200,821.029838,822.885734,824.752861,826.631172,828.520619,830.421277,832.333640,834.257296,836.192487,838.139353,840.097719,842.067985,844.049774,846.043389,848.048924,850.066435,852.095947,854.137592,856.191296,858.257090,860.335313,862.425830,864.528708,866.644063,868.771907,870.912343,873.065803,875.231782,877.410606,879.602032,881.806548,884.024074,886.254701,888.498334,890.755162,893.025381,895.308801,897.605633,899.915848,902.239541,904.577108,906.928244,909.293286,911.672078,914.064782,916.471434,918.892263,921.327139,923.776267,926.239713,928.717480,931.209622,933.716347,936.237703,938.773729,941.324289,943.889759,946.470089,949.065570,951.675909,954.301513,956.942128,959.598010,962.269414,964.956282,967.658444,970.376253,973.109940,975.859145,978.624158,981.405245,984.202500,987.015649,989.844842,992.690373,995.552225,998.430518,1001.325288,1004.236687,1007.164700,1010.109363,1013.070860,1016.049278,1019.044876,1022.057583,1025.087374,1028.134393,1031.198785,1034.280534,1037.379811,1040.497014,1043.631613,1046.784107,1049.954403,1053.142652,1056.348965,1059.573666,1062.816447,1066.077516,1069.357118,1072.655205,1075.971819,1079.307409,1082.661513,1086.034506,1089.426757,1092.837785,1096.268401,1099.717936,1103.186784,1106.675086,1110.183289,1113.710790,1117.258148,1120.825227,1124.412240,1128.019284,1131.646458,1135.293857,1138.961641,1142.649821,1146.358643,1150.087863,1153.837872,1157.608699,1161.400374,1165.213320,1169.047204,1172.902307,1176.778924,1180.676832,1184.596203,1188.537327,1192.500117,1196.484799,1200.491310,1204.519838,1208.570502,1212.643515,1216.738768,1220.856472,1224.996757,1229.159676,1233.345358,1237.553910,1241.785437,1246.040077,1250.317871,1254.618860,1258.943346,1263.291780,1267.663460,1272.058745,1276.477899,1280.921020,1285.388150,1289.879450,1294.394990,1298.934898,1303.499288,1308.088416,1312.702079,1317.340463,1322.003897
576.603046,576.710069,576.811125,576.917895,577.032534,577.145870,577.251240,577.364161,577.481692,577.598363,577.721445,577.845222,578.047740,578.098664,578.224548,578.357951,578.491149,578.632672,578.757972,578.902843,579.047910,579.217634,579.338955,579.485915,579.638344,579.800455,579.949727,580.105451,580.264730,580.427298,580.591682,580.761414,580.928250,581.100598,581.277002,581.446807,581.628552,581.844372,581.993073,582.179726,582.360006,582.557132,582.745711,582.945173,583.142845,583.342844,583.560402,583.750665,583.958298,584.168856,584.383031,584.601679,584.814710,585.046100,585.258477,585.478158,585.712385,585.940736,586.175756,586.404114,586.649299,586.908381,587.133489,587.379941,587.628972,587.883518,588.135309,588.391577,588.657746,588.915682,589.182146,589.449967,589.720192,589.995209,590.271789,590.552950,590.837257,591.118486,591.408581,591.698739,591.993916,592.293884,592.587759,592.895967,593.192177,593.511623,593.821119,594.136166,594.445332,594.773204,595.097564,595.424710,595.754840,596.088741,596.431952,596.767133,597.107546,597.457037,597.803043,598.154949,598.518533,598.872243,599.231887,599.597559,599.966054,600.338092,600.721710,601.092367,601.474749,601.859071,602.248512,602.640146,603.035709,603.435207,603.836925,604.242235,604.651568,605.064720,605.481321,605.910868,606.325653,606.749585,607.182970,607.617123,608.054844,608.495193,608.941531,609.390913,609.843530,610.300345,610.764395,611.226788,611.693487,612.164295,612.639341,613.117736,613.601221,614.088394,614.579887,615.073070,615.571699,616.074018,616.582101,617.091421,617.606458,618.125069,618.647276,619.173970,619.704687,620.239900,620.779934,621.323066,621.870466,622.421644,622.977269,623.537609,624.101892,624.670996,625.244223,625.821279,626.403324,626.988921,627.578973,628.173886,628.773484,629.377428,629.986012,630.598892,631.217290,631.839599,632.465692,633.096948,633.732625,634.373428,635.018858,635.669250,636.323648,636.982804,637.646638,638.315400,638.989134,639.667928,640.351350,641.039739,641.733261,642.431515,643.134837,643.842945,644.556537,645.274809,645.998409,646.726711,647.460787,648.199645,648.943956,649.693483,650.448341,651.208380,651.973877,652.744089,653.519657,654.300902,655.087360,655.879151,656.676800,657.479786,658.288377,659.102354,659.922007,660.747256,661.578150,662.414854,663.257140,664.105086,664.958813,665.818381,666.683696,667.554942,668.432158,669.315267,670.204447,671.099454,672.000093,672.907222,673.820025,674.739482,675.664911,676.596321,677.533789,678.477804,679.428099,680.384479,681.347484,682.316607,683.292009,684.273865,685.262289,686.257030,687.258467,688.266465,689.280687,690.301703,691.329374,692.363940,693.405321,694.453232,695.508156,696.569830,697.638261,698.714019,699.796361,700.885772,701.981989,703.085237,704.195803,705.313243,706.438023,707.569977,708.709295,709.855940,711.009900,712.171070,713.339922,714.515963,715.699486,716.890559,718.089171,719.295525,720.509362,721.731058,722.960405,724.197578,725.442340,726.694945,727.955434,729.223905,730.500329,731.784712,733.077146,734.377660,735.686506,737.003407,738.328422,739.661765,741.003374,742.353441,743.711861,745.078665,746.454085,747.837961,749.230450,750.631474,752.041295,753.459741,754.886991,756.322989,757.767913,759.221685,760.684479,762.156136,763.636856,765.126811,766.625955,768.134139,769.651479,771.178131,772.714213,774.259709,775.814585,777.378937,778.952719,780.536193,782.129353,783.732312,785.344860,786.967195,788.599516,790.241661,791.893686,793.555867,795.227928,796.910154,798.602456,800.305024,802.017845,803.740997,805.474721,807.218732,808.973201,810.738064,812.513684,814.299945,816.097062,817.904822,819.723725,821.553192,823.393663,825.245265,827.107748,828.981504,830.866192,832.762326,834.669787,836.588532,838.518757,840.460380,842.413484,844.378426,846.354797,848.342926,850.342869,852.354587,854.378398,856.413999,858.461609,860.521439,862.593395,864.677544,866.774013,868.882775,871.003971,873.138018,875.284412,877.443270,879.615002,881.799340,883.996490,886.206620,888.429739,890.665775,892.914851,895.177229,897.452695,899.741362,902.043182,904.358972,906.688026,909.030757,911.387072,913.757109,916.140904,918.538618,920.950324,923.376033,925.815842,928.269790,930.737917,933.220351,935.717311,938.228798,940.754638,943.294963,945.850139,948.420116,951.004899,953.604722,956.219315,958.848969,961.493849,964.154174,966.829494,969.520277,972.226629,974.948348,977.685699,980.438702,983.207962,985.992766,988.793398,991.610056,994.442916,997.292101,1000.157309,1003.039207,1005.937272,1008.851826,1011.782989,1014.730844,1017.695480,1020.677155,1023.675894,1026.691439,1029.724042,1032.773935,1035.841041,1038.925562,1042.027797,1045.147313,1048.284577,1051.439493,1054.612214,1057.802849,1061.011722,1064.238523,1067.483461,1070.746873,1074.028438,1077.328452,1080.647296,1083.984499,1087.340435,1090.715473,1094.109131,1097.522171,1100.954068,1104.405070,1107.875609,1111.365403,1114.874576,1118.403445,1121.951872,1125.520069,1129.108135,1132.716165,1136.344255,1139.992598,1143.661104,1147.350117,1151.059361,1154.789225,1158.539668,1162.310930,1166.103222,1169.916280,1173.750387,1177.605835,1181.482400,1185.380349,1189.299688,1193.240612,1197.203253,1201.187547,1205.193680,1209.221772,1213.272035,1217.344358,1221.438980,1225.555950,1229.695398,1233.857429,1238.042148,1242.249691,1246.480100,1250.733511,1255.009932,1259.309665,1263.633161,1267.979716,1272.349689,1276.743343,1281.160776,1285.602030,1290.067264,1294.556548,1299.070009,1303.607762,1308.170061,1312.756702,1317.367871,1322.003897
577.566543,577.666862,577.789739,577.896998,578.014693,578.133805,578.251573,578.388079,578.504162,578.629161,578.761635,578.892369,579.019069,579.159814,579.309887,579.430346,579.577256,579.724030,579.871610,580.030388,580.167096,580.328414,580.476393,580.635879,580.793283,580.954023,581.117711,581.283176,581.454411,581.622297,581.795961,581.973833,582.145121,582.326908,582.544925,582.693835,582.880823,583.062903,583.261066,583.450472,583.650131,583.848861,584.049486,584.267972,584.458779,584.666063,584.863108,585.097805,585.311959,585.524280,585.745020,585.989485,586.188880,586.422120,586.652875,586.898777,587.114821,587.359318,587.605652,587.845494,588.089671,588.338399,588.582844,588.845798,589.100162,589.358980,589.624905,589.900104,590.167059,590.440548,590.698768,590.975413,591.253427,591.536705,591.819662,592.106152,592.399118,592.689181,592.993218,593.287872,593.586098,593.884466,594.199962,594.511251,594.822078,595.139574,595.458487,595.777925,596.103450,596.431776,596.763110,597.097765,597.442015,597.778005,598.119391,598.464355,598.816474,599.169026,599.533442,599.887540,600.247761,600.613712,600.982802,601.355405,601.739550,602.110176,602.492924,602.878102,603.266944,603.658945,604.052842,604.453673,604.855728,605.260286,605.671375,606.082809,606.498398,606.923839,607.340388,607.768995,608.196103,608.632276,609.069294,609.508722,609.954292,610.402624,610.854446,611.309820,611.770787,612.237581,612.700165,613.169805,613.643401,614.120905,614.602407,615.087565,615.577779,616.070069,616.566647,617.067262,617.571914,618.081119,618.593846,619.110791,619.630678,620.154974,620.683876,621.216311,621.753918,622.295524,622.840067,623.388799,623.941548,624.498957,625.060347,625.626546,626.196868,626.771320,627.349625,627.932911,628.519780,629.111013,629.706974,630.307651,630.912648,631.521940,632.136035,632.754896,633.377927,634.004571,634.636526,635.272775,635.914100,636.559925,637.210760,637.865475,638.524891,639.188861,639.857925,640.531733,641.210584,641.893971,642.582254,643.275791,643.973775,644.676733,645.384581,646.097826,646.815648,647.538703,648.266443,648.999972,649.738013,650.481593,651.230328,651.984236,652.743492,653.507841,654.276932,655.051340,655.831231,656.616521,657.406910,658.203168,659.004654,659.811708,660.624012,661.442033,662.265389,663.094433,663.929328,664.769547,665.615416,666.467124,667.324358,668.187383,669.056376,669.931029,670.811700,671.698255,672.590655,673.488603,674.392785,675.302719,676.219121,677.141613,678.069845,679.004103,679.944779,680.891607,681.844763,682.804158,683.769700,684.741372,685.719427,686.704011,687.694806,688.692213,689.696095,690.706116,691.722847,692.746145,693.776480,694.813085,695.856361,696.906562,697.963422,699.027093,700.097717,701.175012,702.259215,703.350166,704.448056,705.553189,706.665152,707.784211,708.910432,710.043923,711.184763,712.332587,713.487668,714.650311,715.820011,716.997125,718.181690,719.373671,720.573339,721.780489,722.995153,724.217488,725.447693,726.685078,727.930373,729.183434,730.444388,731.713161,732.989801,734.274384,735.566940,736.867668,738.176446,739.493298,740.818124,742.151229,743.492679,744.842370,746.200328,747.566798,748.941606,750.324911,751.716637,753.117081,754.525959,755.943560,757.369791,758.804830,760.248597,761.701267,763.162678,764.633094,766.112497,767.601029,769.098501,770.604958,772.120625,773.645598,775.179857,776.723368,778.276229,779.838390,781.410115,782.991599,784.582344,786.182786,787.792810,789.412724,791.042327,792.681677,794.331047,795.990161,797.659268,799.338384,801.027593,802.726914,804.436428,806.156372,807.886465,809.626868,811.377525,813.138794,814.910561,816.693038,818.486011,820.289980,822.104365,823.929607,825.765829,827.612782,829.470855,831.339712,833.219919,835.111182,837.013633,838.927425,840.852426,842.788768,844.736790,846.696076,848.666972,850.649516,852.643674,854.649642,856.667478,858.697056,860.738655,862.792174,864.857811,866.935590,869.025470,871.127615,873.242077,875.369362,877.508737,879.660731,881.825107,884.002225,886.192093,888.394776,890.610175,892.838481,895.079888,897.334203,899.601636,901.882071,904.175937,906.483138,908.803762,911.137838,913.485437,915.846643,918.221507,920.610209,923.012665,925.429062,927.859466,930.303875,932.762344,935.235144,937.722211,940.223526,942.739135,945.269332,947.814064,950.373619,952.947705,955.536725,958.140425,960.759060,963.392882,966.041849,968.705736,971.385075,974.079698,976.789623,979.515047,982.256088,985.013062,987.785544,990.573717,993.377877,996.198002,999.034236,1001.886512,1004.755141,1007.639994,1010.541134,1013.458744,1016.392909,1019.343708,1022.311532,1025.296031,1028.297316,1031.315599,1034.350863,1037.403278,1040.473240,1043.560216,1046.664604,1049.786611,1052.926085,1056.083234,1059.258374,1062.451219,1065.661930,1068.890823,1072.137782,1075.402871,1078.686537,1081.988315,1085.308579,1088.647687,1092.005210,1095.381733,1098.776966,1102.191114,1105.624236,1109.076736,1112.548334,1116.039146,1119.549494,1123.079238,1126.628590,1130.197647,1133.786505,1137.395259,1141.024099,1144.673091,1148.342048,1152.031359,1155.741054,1159.471159,1163.221914,1166.993529,1170.785740,1174.598922,1178.433146,1182.288288,1186.164702,1190.062396,1193.981372,1197.921953,1201.884114,1205.867735,1209.873239,1213.900736,1217.950116,1222.021614,1226.115282,1230.231248,1234.369616,1238.530490,1242.714006,1246.920205,1251.149224,1255.401069,1259.676040,1263.974590,1268.296012,1272.640667,1277.008816,1281.400556,1285.815929,1290.255092,1294.718116,1299.205128,1303.716240,1308.251708,1312.811326,1317.395280,1322.003897
578.567196,578.687509,578.808891,578.928702,579.074670,579.184987,579.313065,579.446399,579.578348,579.714857,579.856946,579.987887,580.129483,580.274404,580.448225,580.572286,580.721048,580.837763,581.026971,581.183780,581.344782,581.503740,581.665965,581.831016,581.997994,582.170056,582.339197,582.516371,582.693511,582.865747,583.048636,583.233445,583.417588,583.605675,583.788288,583.987715,584.181995,584.378249,584.577797,584.779332,584.998814,585.189818,585.389641,585.594816,585.829321,586.040225,586.261469,586.478263,586.702093,586.932005,587.155296,587.387532,587.632659,587.856378,588.093470,588.334127,588.579578,588.823386,589.074443,589.322802,589.571080,589.832961,590.091381,590.355596,590.620465,590.884978,591.155936,591.426071,591.702192,591.979461,592.261315,592.547986,592.829459,593.119558,593.411294,593.705690,594.004040,594.303464,594.606211,594.906823,595.223482,595.533483,595.848318,596.166523,596.485198,596.807676,597.134468,597.463883,597.797182,598.131847,598.470443,598.813970,599.156224,599.502145,599.854768,600.208215,600.573072,600.927681,601.288675,601.654995,602.024642,602.397524,602.782394,603.152918,603.535657,603.922082,604.309947,604.702676,605.096349,605.496976,605.895073,606.304097,606.716980,607.128175,607.540458,607.960790,608.386163,608.809827,609.236399,609.672673,610.108710,610.548729,610.991540,611.439185,611.890359,612.344732,612.803945,613.270108,613.730907,614.199222,614.672801,615.148957,615.628344,616.112902,616.600634,617.093575,617.586323,618.086239,618.588734,619.096963,619.606589,620.121232,620.640339,621.162104,621.688413,622.218487,622.753275,623.292471,623.835357,624.381535,624.931850,625.486264,626.045347,626.608325,627.175815,627.747378,628.322891,628.902612,629.486413,630.074716,630.667432,631.264049,631.865800,632.471735,633.081878,633.696761,634.316441,634.939831,635.567537,636.199857,636.836596,637.478481,638.124596,638.775596,639.430676,640.090278,640.754398,641.423662,642.097531,642.776372,643.459642,644.147910,644.841189,645.539138,646.241500,646.948910,647.661911,648.379182,649.101755,649.828986,650.561708,651.299073,652.042079,652.789652,653.542605,654.301189,655.064153,655.832115,656.605337,657.383955,658.167895,658.957081,659.751729,660.551634,661.357109,662.167743,662.984001,663.805573,664.632935,665.465684,666.303881,667.147802,667.997202,668.852192,669.712913,670.579523,671.451878,672.329860,673.213863,674.103542,674.998733,675.900042,676.807092,677.720628,678.640041,679.565031,680.496092,681.433665,682.376896,683.326596,684.282451,685.244362,686.212346,687.186596,688.167400,689.154365,690.147563,691.147319,692.153154,693.165622,694.184629,695.210411,696.242477,697.281126,698.326523,699.378669,700.437449,701.503015,702.575319,703.654362,704.740064,705.832613,706.932370,708.038752,709.152162,710.272827,711.400566,712.535444,713.677163,714.826291,715.982590,717.146032,718.316766,719.494854,720.680260,721.873138,723.073630,724.281420,725.496781,726.719910,727.950117,729.188132,730.433805,731.687323,732.948458,734.217401,735.494182,736.778830,738.071543,739.372198,740.680820,741.997308,743.322008,744.654855,745.995901,747.345054,748.702624,750.068432,751.442623,752.825117,754.216215,755.615631,757.023654,758.440191,759.865365,761.299257,762.741879,764.193124,765.653294,767.122249,768.600103,770.087073,771.582757,773.087573,774.601479,776.124593,777.656833,779.198295,780.749039,782.309005,783.878682,785.457543,787.045946,788.643799,790.251411,791.868580,793.495363,795.132033,796.778321,798.434449,800.100511,801.776426,803.462368,805.158334,806.864651,808.580948,810.307412,812.044098,813.791039,815.548443,817.316283,819.094734,820.883592,822.683357,824.493396,826.314370,828.146051,829.988588,831.841878,833.706060,835.581350,837.467634,839.365213,841.273765,843.193504,845.124765,847.067135,849.020916,850.986250,852.963035,854.951450,856.951573,858.963324,860.986742,863.022154,865.069425,867.128621,869.199854,871.283134,873.378564,875.486571,877.606649,879.738913,881.883738,884.040993,886.210801,888.393248,890.588238,892.795958,895.016602,897.249976,899.496288,901.755510,904.027646,906.313348,908.612051,910.924175,913.249561,915.588369,917.940633,920.306578,922.686074,925.079334,927.486386,929.907265,932.342011,934.790832,937.253702,939.730863,942.222059,944.727471,947.247308,949.781676,952.330562,954.894087,957.472092,960.064828,962.672555,965.295202,967.932605,970.585136,973.252899,975.935688,978.633768,981.347158,984.076460,986.820877,989.580943,992.356601,995.148111,997.955473,1000.778743,1003.618229,1006.473523,1009.344948,1012.232620,1015.136623,1018.057043,1020.994135,1023.947925,1026.918150,1029.905064,1032.908896,1035.929566,1038.967275,1042.022321,1045.094269,1048.183584,1051.290170,1054.414176,1057.555709,1060.715094,1063.892018,1067.086687,1070.299344,1073.529939,1076.778511,1080.045508,1083.330463,1086.633751,1089.955739,1093.295941,1096.655168,1100.032681,1103.429074,1106.844282,1110.278846,1113.732076,1117.204497,1120.696293,1124.207324,1127.737802,1131.287821,1134.857478,1138.446927,1142.056179,1145.685476,1149.334573,1153.003857,1156.693357,1160.403101,1164.133325,1167.884241,1171.655582,1175.447724,1179.260738,1183.094497,1186.949355,1190.825321,1194.722421,1198.640899,1202.580809,1206.542002,1210.524902,1214.529619,1218.556040,1222.604402,1226.674754,1230.767225,1234.881918,1239.018936,1243.178414,1247.360394,1251.565010,1255.792269,1260.042471,1264.316067,1268.612350,1272.931680,1277.274317,1281.640358,1286.029845,1290.442933,1294.879695,1299.340254,1303.824723,1308.333357,1312.865951,1317.422688,1322.003897
579.629345,579.845535,579.889819,580.020069,580.158591,580.289568,580.427959,580.578748,580.705022,580.848444,580.995014,581.145309,581.308774,581.446855,581.606499,581.765637,581.914382,582.076951,582.237646,582.401224,582.567828,582.771813,582.909613,583.079802,583.255987,583.433050,583.613360,583.793800,583.979829,584.165148,584.354137,584.537770,584.726115,584.932849,585.130278,585.330667,585.532740,585.753266,585.944009,586.145018,586.350445,586.585722,586.795523,587.019303,587.235512,587.459262,587.696413,587.913617,588.137664,588.378381,588.612906,588.851947,589.092996,589.352899,589.583227,589.829524,590.080146,590.334656,590.591445,590.848005,591.111576,591.375769,591.639642,591.909432,592.195630,592.453683,592.736884,593.011868,593.295821,593.584138,593.866344,594.158364,594.450692,594.755238,595.050697,595.345638,595.655548,595.957274,596.270194,596.583736,596.900144,597.213422,597.541680,597.855681,598.191263,598.521247,598.855781,599.191425,599.530695,599.872002,600.218279,600.565205,600.918532,601.272654,601.635300,601.995055,602.354733,602.721624,603.091699,603.464593,603.850208,604.221057,604.603952,604.985005,605.378462,605.771481,606.164924,606.566048,606.963501,607.375159,607.785154,608.196929,608.607288,609.028073,609.454817,609.875965,610.301992,610.737387,611.173005,611.612630,612.053824,612.501054,612.951458,613.405004,613.862187,614.326282,614.790950,615.256640,615.727699,616.202571,616.680900,617.163277,617.649331,618.140315,618.633089,619.130041,619.631133,620.136191,620.646679,621.158083,621.674673,622.195244,622.718831,623.247204,623.779211,624.315621,624.857340,625.400672,625.948460,626.500133,627.055965,627.616782,628.181218,628.750111,629.322614,629.899142,630.479888,631.065044,631.654262,632.247753,632.845571,633.448470,634.054882,634.666026,635.281528,635.901999,636.525930,637.154121,637.786907,638.424136,639.066477,639.713290,640.364199,641.019382,641.679135,642.343503,643.012657,643.686777,644.365431,645.048620,645.736728,646.429932,647.127379,647.829380,648.536422,649.248887,649.965832,650.687679,651.414290,652.146197,652.882865,653.624975,654.371717,655.124014,655.881134,656.642893,657.409801,658.181780,658.959079,659.741557,660.529431,661.322580,662.120955,662.924763,663.733750,664.548185,665.367904,666.193336,667.024061,667.860440,668.702074,669.549310,670.402037,671.260666,672.124720,672.994510,673.869934,674.751371,675.638301,676.530802,677.429193,678.333466,679.243841,680.160177,681.082013,682.009843,682.944106,683.884141,684.830311,685.782528,686.740779,687.705057,688.675521,689.652459,690.635475,691.624640,692.620283,693.621920,694.630107,695.644859,696.666082,697.693613,698.727678,699.768358,700.815736,701.869582,702.930165,703.997425,705.071323,706.151789,707.239030,708.333377,709.434229,710.542042,711.657016,712.778973,713.907975,715.043751,716.186788,717.336929,718.494116,719.658492,720.830142,722.009003,723.195240,724.389029,725.589943,726.798300,728.014456,729.237525,730.468299,731.706630,732.952626,734.206323,735.467564,736.736608,738.013414,739.298118,740.590759,741.891203,743.199365,744.515680,745.840025,747.172459,748.512891,749.861672,751.218495,752.583631,753.957086,755.338776,756.728798,758.127313,759.534227,760.949661,762.373698,763.806347,765.247502,766.697463,768.156091,769.623497,771.099899,772.584987,774.078898,775.581871,777.093862,778.614977,780.145143,781.684455,783.232863,784.790857,786.357907,787.934369,789.520154,791.115566,792.720459,794.334814,795.958807,797.592433,799.235640,800.888709,802.551496,804.224192,805.906781,807.599520,809.302143,811.014792,812.737568,814.470373,816.213541,817.967004,819.730935,821.505130,823.290088,825.085174,826.891050,828.707486,830.534630,832.372380,834.220766,836.080321,837.950622,839.832051,841.724253,843.627600,845.542101,847.467872,849.404739,851.353005,853.312562,855.283593,857.266171,859.260218,861.265771,863.283156,865.312237,867.353057,869.405784,871.470394,873.546975,875.635966,877.736861,879.849773,881.975134,884.112605,886.262459,888.424994,890.599775,892.787089,894.987197,897.199837,899.425239,901.663470,903.914474,906.178495,908.455606,910.745886,913.049280,915.365914,917.695819,920.039152,922.395986,924.766269,927.150244,929.547807,931.959123,934.384187,936.823271,939.276373,941.743325,944.224228,946.719445,949.228878,951.752813,954.290956,956.843709,959.410809,961.992602,964.589100,967.200480,969.826458,972.467610,975.123588,977.794591,980.480754,983.182194,985.899258,988.631418,991.378958,994.142137,996.920933,999.715487,1002.525663,1005.351974,1008.194086,1011.052127,1013.926279,1016.816626,1019.723246,1022.646526,1025.586116,1028.542124,1031.514680,1034.504012,1037.510039,1040.533069,1043.573079,1046.629953,1049.704048,1052.795268,1055.903762,1059.029863,1062.173215,1065.334183,1068.512748,1071.709244,1074.923350,1078.155356,1081.405645,1084.673740,1087.960013,1091.264833,1094.587713,1097.929415,1101.289411,1104.667945,1108.065423,1111.481637,1114.916632,1118.370747,1121.843842,1125.336130,1128.847703,1132.378655,1135.929083,1139.499139,1143.088835,1146.698411,1150.327622,1153.976854,1157.646135,1161.335493,1165.045345,1168.775357,1172.525807,1176.296888,1180.088669,1183.901025,1187.734309,1191.588528,1195.463707,1199.360109,1203.277732,1207.216482,1211.176762,1215.158683,1219.162132,1223.187343,1227.234366,1231.303329,1235.394335,1239.507485,1243.642915,1247.800665,1251.980869,1256.183534,1260.408958,1264.657592,1268.928729,1273.222727,1277.539846,1281.880183,1286.243779,1290.630789,1295.041283,1299.475386,1303.933211,1308.415010,1312.920577,1317.450097,1322.003897
580.754421,580.882970,581.024742,581.165196,581.305624,581.445875,581.591220,581.765916,581.891686,582.044592,582.161713,582.350463,582.509030,582.668931,582.833083,582.995134,583.160219,583.328343,583.498265,583.673037,583.844445,584.021861,584.199786,584.381618,584.563097,584.753335,584.936155,585.122504,585.318775,585.499838,585.707885,585.906021,586.107449,586.310161,586.531860,586.722982,586.924606,587.129845,587.366498,587.576406,587.800514,588.016825,588.240863,588.475122,588.696696,588.920401,589.161083,589.395079,589.628216,589.875945,590.124125,590.365988,590.611963,590.862510,591.108394,591.375988,591.629418,591.889468,592.152400,592.435446,592.699883,592.959340,593.231631,593.508452,593.786980,594.070049,594.358414,594.640505,594.929278,595.224877,595.516888,595.816267,596.115649,596.419148,596.719175,597.032997,597.349125,597.660058,597.978180,598.289503,598.619503,598.937008,599.273589,599.604606,599.939823,600.276710,600.616706,600.958954,601.306182,601.653747,602.007898,602.362603,602.720688,603.086365,603.446448,603.813870,604.184253,604.557828,604.943497,605.314798,605.697848,606.078862,606.472730,606.865635,607.259227,607.660104,608.056612,608.469657,608.877015,609.290616,609.700484,610.119773,610.552047,610.967666,611.392873,611.825539,612.262726,612.702070,613.142670,613.588926,614.038259,614.491017,614.947005,615.408526,615.877280,616.339142,616.807837,617.281794,617.758837,618.239224,618.724333,619.212754,619.706175,620.199858,620.699907,621.202727,621.711464,622.221274,622.735300,623.254143,623.775742,624.301746,624.831415,625.365473,625.903742,626.446138,626.991213,627.540583,628.093678,628.651120,629.212968,629.779013,630.348719,630.922707,631.500160,632.082364,632.668293,633.258458,633.852958,634.451648,635.055273,635.662689,636.274509,636.890931,637.511834,638.136000,638.764667,639.397988,640.035760,640.678376,641.325482,641.976530,642.631884,643.291640,643.956293,644.625512,645.299418,645.978014,646.661047,647.348957,648.041738,648.738755,649.440468,650.147089,650.859029,651.575520,652.296544,653.022472,653.753685,654.489593,655.230667,655.976690,656.727811,657.483898,658.244430,659.010122,659.780675,660.556794,661.338047,662.124281,662.915899,663.712675,664.514874,665.322074,666.134709,666.952760,667.776066,668.604777,669.439082,670.278590,671.123560,671.974035,672.830395,673.691991,674.559225,675.432139,676.310876,677.195081,678.084853,678.980308,679.881649,680.789058,681.702256,682.620925,683.545511,684.476534,685.413094,686.355787,687.304484,688.259069,689.219634,690.186369,691.159373,692.138437,693.123569,694.115096,695.112536,696.116457,697.126952,698.143609,699.166609,700.196059,701.232038,702.274577,703.323595,704.379228,705.441442,706.510206,707.585449,708.667379,709.756326,710.851689,711.953920,713.063399,714.179418,715.302566,716.432394,717.569422,718.713398,719.864357,721.022463,722.187661,723.359989,724.539679,725.726696,726.920804,728.122332,729.331402,730.547395,731.770951,733.001980,734.240608,735.486765,736.740398,738.001733,739.270725,740.547493,741.832129,743.124446,744.424373,745.732349,747.048246,748.372124,749.703892,751.043900,752.391840,753.747984,755.112372,756.484808,757.865502,759.254575,760.651934,762.057699,763.471952,764.894702,766.325841,767.765670,769.214047,770.671084,772.136998,773.611444,775.094663,776.586787,778.087807,779.597829,781.116779,782.644751,784.181695,785.728099,787.283433,788.848053,790.421868,792.005041,793.597849,795.199848,796.811354,798.432362,800.062819,801.703006,803.352778,805.012325,806.681629,808.360767,810.050015,811.748971,813.457916,815.176751,816.905810,818.645024,820.394565,822.154227,823.924510,825.704830,827.495626,829.297021,831.108761,832.931250,834.764103,836.608023,838.462422,840.327857,842.203932,844.090967,845.989020,847.898191,849.818298,851.749660,853.692153,855.645883,857.611042,859.587634,861.575600,863.575061,865.586069,867.608768,869.643156,871.689263,873.747176,875.817349,877.899151,879.992980,882.099114,884.216927,886.347162,888.489698,890.644596,892.811756,894.991365,897.183616,899.388312,901.605662,903.835603,906.078309,908.334092,910.602778,912.884400,915.179078,917.486882,919.807860,922.142190,924.489785,926.850897,929.225387,931.613453,934.015080,936.430537,938.859688,941.302717,943.759550,946.230285,948.715129,951.214185,953.727440,956.255013,958.796743,961.352879,963.923681,966.509077,969.108898,971.723643,974.353035,976.997245,979.656411,982.330550,985.020263,987.724749,990.444542,993.179675,995.930132,998.696186,1001.477799,1004.275277,1007.088113,1009.916924,1012.761528,1015.622106,1018.498742,1021.391690,1024.300876,1027.226331,1030.168011,1033.126242,1036.100942,1039.092279,1042.100647,1045.125510,1048.167365,1051.226114,1054.301904,1057.394842,1060.505241,1063.632813,1066.777714,1069.940260,1073.120334,1076.317995,1079.533687,1082.766946,1086.018142,1089.287630,1092.574980,1095.880773,1099.204718,1102.547017,1105.907727,1109.287250,1112.685302,1116.101999,1119.537659,1122.992141,1126.465654,1129.958292,1133.470149,1137.001319,1140.551988,1144.122067,1147.711896,1151.321194,1154.950349,1158.599387,1162.268335,1165.957610,1169.666877,1173.396414,1177.146510,1180.916941,1184.707874,1188.519596,1192.352016,1196.205356,1200.079546,1203.974786,1207.891173,1211.828819,1215.787928,1219.768390,1223.770437,1227.794118,1231.839561,1235.906867,1239.996138,1244.107510,1248.241019,1252.396704,1256.574863,1260.775942,1264.999165,1269.245148,1273.513808,1277.805403,1282.120031,1286.457731,1290.818658,1295.202882,1299.610526,1304.041703,1308.496664,1312.975205,1317.477507,1322.003897
581.925599,582.069129,582.207625,582.358947,582.510940,582.662386,582.817100,582.976664,583.127505,583.286247,583.450483,583.610808,583.777023,583.943725,584.113049,584.284250,584.460697,584.635745,584.811963,584.991209,585.174019,585.394951,585.544878,585.731867,585.923073,586.116402,586.310978,586.562592,586.706366,586.908245,587.112043,587.334692,587.526348,587.737056,587.934206,588.171814,588.381218,588.607175,588.827331,589.046943,589.281381,589.504455,589.726239,589.970078,590.203095,590.436389,590.682943,590.932237,591.171643,591.421420,591.672634,591.922461,592.180692,592.437698,592.695365,592.961193,593.226867,593.492320,593.764360,594.035816,594.310178,594.589890,594.870248,595.154067,595.440900,595.727199,596.019828,596.313736,596.609921,596.910389,597.211584,597.516516,597.828539,598.136293,598.446643,598.763481,599.083269,599.402462,599.725737,600.051911,600.381986,600.714204,601.049460,601.395401,601.728965,602.072874,602.425548,602.770370,603.123209,603.478618,603.834781,604.203564,604.567218,604.931891,605.302780,605.676842,606.062943,606.433977,606.817263,607.198537,607.592646,607.985572,608.379181,608.780023,609.176652,609.589012,609.996962,610.407277,610.820448,611.238425,611.664891,612.081994,612.509883,612.941898,613.379200,613.817412,614.258581,614.702546,615.150936,615.602726,616.057808,616.517480,616.984551,617.446098,617.914671,618.386971,618.862744,619.341574,619.825203,620.312299,620.803559,621.297022,621.794272,622.295445,622.800702,623.311558,623.822551,624.339123,624.859382,625.382945,625.910638,626.441881,626.977348,627.517228,628.060819,628.607531,629.158300,629.712655,630.271710,630.834551,631.402020,631.972741,632.547796,633.126356,633.709400,634.296331,634.887807,635.482923,636.082567,636.686653,637.294688,637.907171,638.524506,639.145737,639.770118,640.399509,641.033066,641.671554,642.314216,642.961526,643.612806,644.268125,644.928022,645.592740,646.261908,646.935767,647.614205,648.296994,648.984850,649.677032,650.373655,651.075021,651.781028,652.492643,653.208247,653.928749,654.653905,655.384188,656.119226,656.859498,657.604536,658.354679,659.109453,659.868793,660.633222,661.402486,662.177407,662.957050,663.741809,664.531848,665.327059,666.127481,666.932917,667.743741,668.559875,669.381214,670.208037,671.040070,671.877532,672.720168,673.568565,674.422362,675.281451,676.146210,677.016493,677.892556,678.774041,679.660976,680.553505,681.452100,682.356406,683.266412,684.181911,685.103229,686.030944,686.964072,687.903313,688.848401,689.799358,690.756245,691.719142,692.688377,693.663376,694.644483,695.631882,696.625158,697.624910,698.630899,699.643111,700.661583,701.686422,702.717760,703.755465,704.799680,705.850337,706.907478,707.971119,709.041169,710.117891,711.201345,712.291233,713.387900,714.491727,715.602118,716.719340,717.843217,718.974227,720.112093,721.256848,722.408657,723.567450,724.733305,725.906453,727.086755,728.274167,729.468747,730.670849,731.879777,733.096168,734.319980,735.551197,736.789890,738.035958,739.289625,740.550849,741.819745,743.096406,744.380643,745.672387,746.972074,748.279549,749.594952,750.918112,752.249404,753.588519,754.935729,756.291074,757.654357,759.025786,760.405442,761.793355,763.189518,764.594102,766.006978,767.428174,768.857944,770.296146,771.742891,773.198396,774.662314,776.134943,777.616245,779.106379,780.605394,782.113215,783.629936,785.155506,786.690413,788.234172,789.786998,791.348976,792.920113,794.500793,796.090538,797.689661,799.298156,800.915970,802.543383,804.180249,805.826758,807.482891,809.148724,810.824532,812.509916,814.205147,815.910241,817.625207,819.350297,821.085574,822.830833,824.586570,826.352214,828.128173,829.914596,831.711221,833.518449,835.335897,837.164173,839.002965,840.852484,842.712632,844.583522,846.465201,848.358003,850.261511,852.176080,854.101691,856.038379,857.986322,859.945542,861.915976,863.897699,865.890917,867.895611,869.911806,871.939614,873.979038,876.030365,878.093545,880.168393,882.255065,884.353914,886.464636,888.587399,890.722603,892.869775,895.029226,897.201146,899.385339,901.582012,903.791230,906.012937,908.247373,910.494612,912.754728,915.027669,917.313555,919.612418,921.924414,924.249614,926.587963,928.939736,931.304731,933.683207,936.075127,938.480760,940.900102,943.332984,945.779506,948.240029,950.714454,953.203065,955.705566,958.222356,960.753174,963.298363,965.858138,968.432093,971.020455,973.623696,976.241434,978.873863,981.521120,984.183318,986.860803,989.553046,992.260328,994.982908,997.720761,1000.474027,1003.242568,1006.026897,1008.826675,1011.642032,1014.473146,1017.320100,1020.182970,1023.062018,1025.957265,1028.868444,1031.795807,1034.739581,1037.699685,1040.676317,1043.669771,1046.679612,1049.706300,1052.749739,1055.810075,1058.887413,1061.982075,1065.093746,1068.222630,1071.368967,1074.532704,1077.713880,1080.912937,1084.129410,1087.363669,1090.616078,1093.886152,1097.174575,1100.480972,1103.805567,1107.148418,1110.510063,1113.889808,1117.288176,1120.705350,1124.141187,1127.595896,1131.069570,1134.562301,1138.074185,1141.605406,1145.156027,1148.725860,1152.315290,1155.924342,1159.553043,1163.201627,1166.870301,1170.558801,1174.267402,1177.996395,1181.745552,1185.515041,1189.305150,1193.115785,1196.947168,1200.799234,1204.672166,1208.566077,1212.481071,1216.417355,1220.374815,1224.353684,1228.354010,1232.375919,1236.419514,1240.484895,1244.572197,1248.681456,1252.812710,1256.966256,1261.142541,1265.340786,1269.561608,1273.804923,1278.070989,1282.359902,1286.671701,1291.006541,1295.364491,1299.745673,1304.150199,1308.578322,1313.029833,1317.504916,1322.003897
583.150864,583.317389,583.459494,583.612820,583.778403,583.928046,584.088357,584.254067,584.415894,584.583754,584.751817,584.922676,585.095273,585.273058,585.447093,585.626930,585.811580,585.987752,586.175180,586.364515,586.552537,586.736763,586.938952,587.130284,587.331920,587.531721,587.734014,587.938574,588.145595,588.354635,588.566217,588.763673,589.002124,589.211894,589.433582,589.658905,589.879109,590.112944,590.336799,590.558841,590.802300,591.037682,591.267983,591.516645,591.759304,592.004951,592.254712,592.505646,592.755346,593.002469,593.270006,593.527970,593.793168,594.054279,594.339177,594.605049,594.882631,595.139034,595.421874,595.697720,595.979831,596.265109,596.552770,596.842540,597.136558,597.431061,597.738312,598.035157,598.331406,598.643202,598.941296,599.264744,599.575474,599.892763,600.207458,600.536086,600.858023,601.186011,601.516986,601.850713,602.186335,602.533280,602.870237,603.212502,603.566463,603.911189,604.264694,604.623991,604.977883,605.344235,605.711322,606.076175,606.447556,606.821945,607.208494,607.579626,607.962942,608.344085,608.738704,609.131708,609.525034,609.925736,610.325733,610.734871,611.139955,611.552625,611.965688,612.383139,612.809243,613.227176,613.656419,614.084555,614.521889,614.959110,615.399360,615.842365,616.289781,616.740640,617.194762,617.652502,618.116586,618.582139,619.047590,619.518330,619.993249,620.471073,620.952100,621.437831,621.926828,622.419810,622.914999,623.414724,623.918274,624.426902,624.936735,625.450632,625.968738,626.490442,627.015955,627.544747,628.078122,628.615290,629.157223,629.701114,630.249466,630.801505,631.357121,631.917668,632.482183,633.050165,633.622283,634.197786,634.777796,635.361615,635.949342,636.541524,637.137782,637.738107,638.343033,638.951700,639.564807,640.182486,640.804146,641.429083,642.058847,642.692771,643.331569,643.974583,644.621778,645.272955,645.928482,646.588437,647.253133,647.922268,648.595869,649.274129,649.956854,650.644144,651.335834,652.032122,652.732867,653.438741,654.149614,654.864194,655.583980,656.308490,657.037965,657.772472,658.511441,659.255403,660.004503,660.758026,661.516127,662.279291,663.047207,663.820619,664.598890,665.382112,666.170630,666.964071,667.762786,668.566425,669.375596,670.189593,671.009082,671.833696,672.663457,673.498766,674.339231,675.185436,676.036682,676.893292,677.755534,678.623293,679.496556,680.375329,681.259379,682.149016,683.044685,683.945896,684.852779,685.765083,686.683211,687.607502,688.537336,689.472989,690.414468,691.361838,692.314935,693.274027,694.239380,695.210418,696.187388,697.170762,698.159915,699.155311,700.156938,701.164707,702.178653,703.198911,704.225506,705.258461,706.297805,707.343532,708.395645,709.454189,710.519023,711.590459,712.668540,713.752968,714.844386,715.942279,717.046941,718.158347,719.276349,720.401331,721.533109,722.671683,723.817220,724.969647,726.129166,727.295585,728.469292,729.649969,730.837693,732.032870,733.234767,734.444029,735.660613,736.884505,738.115773,739.354316,740.600358,741.853938,743.114955,744.383656,745.659861,746.943470,748.234898,749.534048,750.841002,752.155606,753.478229,754.808585,756.146963,757.493280,758.847470,760.209734,761.580039,762.958529,764.345158,765.740123,767.143210,768.554684,769.974317,771.402417,772.838945,774.283962,775.737586,777.199647,778.670264,780.149595,781.637686,783.134463,784.640020,786.154305,787.677805,789.210033,790.751163,792.301404,793.860638,795.429289,797.006879,798.593719,800.189753,801.795087,803.409823,805.033942,806.667471,808.310543,809.963154,811.625628,813.297590,814.979227,816.670635,818.371693,820.082780,821.803919,823.534899,825.276219,827.027306,828.788568,830.560153,832.341796,834.133901,835.936200,837.748875,839.572179,841.406002,843.250292,845.105127,846.970715,848.847221,850.734283,852.632201,854.541116,856.460902,858.391789,860.333679,862.286868,864.251088,866.226610,868.213469,870.211647,872.221311,874.242435,876.275286,878.319843,880.375878,882.443586,884.523307,886.614648,888.718039,890.833616,892.960993,895.100457,897.252265,899.416154,901.592351,903.780920,905.981800,908.195159,910.421312,912.660080,914.911496,917.175679,919.452696,921.742595,924.045552,926.361478,928.690624,931.032849,933.388350,935.757110,938.139396,940.535136,942.944320,945.367063,947.803399,950.253532,952.717565,955.195482,957.687402,960.193161,962.713008,965.247200,967.795663,970.358228,972.935392,975.526766,978.132847,980.753446,983.388780,986.039198,988.704083,991.383972,994.078862,996.788736,999.513866,1002.254211,1005.010077,1007.780954,1010.567457,1013.369405,1016.186975,1019.020250,1021.869422,1024.734596,1027.615621,1030.512511,1033.425590,1036.354777,1039.300235,1042.262187,1045.240609,1048.235481,1051.246857,1054.274940,1057.319777,1060.381699,1063.460346,1066.556081,1069.668883,1072.799086,1075.946363,1079.111285,1082.293387,1085.493035,1088.710318,1091.945602,1095.198397,1098.469463,1101.758269,1105.065059,1108.390234,1111.733586,1115.095156,1118.475280,1121.873819,1125.290979,1128.726854,1132.181534,1135.655112,1139.147740,1142.659427,1146.190410,1149.740442,1153.309908,1156.898833,1160.507241,1164.135367,1167.783418,1171.451127,1175.138865,1178.846699,1182.574501,1186.322623,1190.091068,1193.879834,1197.689243,1201.519162,1205.369774,1209.241193,1213.133627,1217.046963,1220.981407,1224.937084,1228.914041,1232.912405,1236.932276,1240.973756,1245.036976,1249.121975,1253.228789,1257.357713,1261.509195,1265.682563,1269.878109,1274.096073,1278.336603,1282.599796,1286.885689,1291.194438,1295.526110,1299.880827,1304.258700,1308.659981,1313.084463,1317.532326,1322.003897
584.435569,584.592060,584.753879,584.916013,585.083104,585.246510,585.415663,585.624628,585.759805,585.931549,586.113457,586.286024,586.467046,586.653176,586.830553,587.022610,587.209416,587.394970,587.591905,587.774376,587.983304,588.181553,588.382250,588.585401,588.791134,588.998530,589.208334,589.420487,589.633513,589.850215,590.068169,590.290303,590.516843,590.736464,590.970615,591.194642,591.417013,591.660957,591.896369,592.126184,592.375614,592.618078,592.863786,593.113714,593.363662,593.614027,593.869889,594.128142,594.387526,594.646938,594.911096,595.196105,595.461659,595.721265,595.994797,596.270267,596.549681,596.821549,597.122312,597.405199,597.692378,597.985384,598.280276,598.576343,598.877509,599.178612,599.483736,599.785393,600.103850,600.414299,600.730248,601.048902,601.366575,601.692193,602.009821,602.346772,602.678595,603.013708,603.350586,603.690677,604.033130,604.378501,604.731436,605.078653,605.432924,605.796113,606.147367,606.510346,606.881818,607.247265,607.618898,607.993549,608.380478,608.751748,609.135415,609.516575,609.911322,610.304312,610.697501,611.098391,611.498253,611.906874,612.312124,612.722711,613.137890,613.554244,613.981398,614.397363,614.826111,615.253908,615.690429,616.126891,616.566474,617.008011,617.455172,617.905146,618.358357,618.814849,619.277006,619.744726,620.207889,620.675948,621.149722,621.626448,622.106037,622.590487,623.077786,623.569505,624.063505,624.561242,625.062092,625.567675,626.077222,626.589198,627.105355,627.625134,628.148686,628.675618,629.205946,629.740599,630.279408,630.822147,631.368009,631.917292,632.470393,633.027770,633.589141,634.154836,634.723840,635.297016,635.873397,636.454280,637.038736,637.627638,638.220576,638.817665,639.418708,640.024075,640.633518,641.247091,641.865222,642.487208,643.112592,643.742541,644.376882,645.015861,645.659010,646.306406,646.957426,647.613140,648.272985,648.937666,649.606552,650.279965,650.958163,651.640378,652.327224,653.018491,653.714394,654.414688,655.119879,655.829989,656.543969,657.262974,657.986632,658.715290,659.448720,660.186782,660.929711,661.677343,662.429653,663.186615,663.948210,664.715166,665.486956,666.263717,667.045481,667.832224,668.623988,669.420937,670.223010,671.030049,671.842207,672.659523,673.482133,674.309664,675.142756,675.981282,676.824742,677.673550,678.527734,679.387435,680.252462,681.123032,681.999064,682.880305,683.767049,684.659720,685.557850,686.461493,687.370689,688.285605,689.206362,690.132763,691.064894,692.002802,692.946491,693.895874,694.851185,695.812617,696.779687,697.752612,698.731875,699.716812,700.708044,701.705189,702.708514,703.717885,704.733643,705.755496,706.783672,707.818172,708.858962,709.906054,710.959555,712.019138,713.085320,714.158018,715.236998,716.322883,717.415153,718.514131,719.619713,720.731979,721.850832,722.976542,724.108958,725.248246,726.394332,727.547455,728.707310,729.874397,731.048303,732.229245,733.417550,734.612446,735.814661,737.024007,738.240609,739.464489,740.695547,741.934004,743.179900,744.433133,745.694019,746.962166,748.237807,749.520923,750.811778,752.110333,753.416501,754.730450,756.052147,757.381650,758.719041,760.064196,761.417318,762.778372,764.147501,765.524659,766.909988,768.303438,769.705107,771.114823,772.532893,773.959300,775.394035,776.837284,778.288850,779.748867,781.217473,782.694658,784.180531,785.675017,787.178103,788.690268,790.211069,791.740636,793.279191,794.826615,796.383332,797.948916,799.523520,801.107244,802.700141,804.302312,805.913738,807.534443,809.164581,810.804131,812.453351,814.111966,815.780124,817.457920,819.145230,820.842436,822.549425,824.266382,825.993096,827.730066,829.476759,831.233635,833.000430,834.777541,836.564711,838.362111,840.170000,841.988257,843.816838,845.655835,847.505406,849.365605,851.236528,853.117994,855.010326,856.913357,858.827347,860.752185,862.688170,864.635083,866.592985,868.562172,870.542581,872.534262,874.537243,876.551610,878.577814,880.615302,882.664227,884.725047,886.797208,888.881349,890.977486,893.085258,895.204949,897.336817,899.480597,901.636515,903.804635,905.984894,908.177461,910.382647,912.600199,914.830376,917.073067,919.328417,921.596470,923.877402,926.171123,928.477826,930.797544,933.130297,935.476125,937.835215,940.207735,942.593431,944.992500,947.404922,949.831027,952.270725,954.724297,957.191448,959.672574,962.167411,964.676399,967.199462,969.736480,972.287730,974.853243,977.433073,980.027269,982.635963,985.259268,987.897530,990.550215,993.217606,995.899957,998.597178,1001.309604,1004.036897,1006.779699,1009.537478,1012.310554,1015.099039,1017.903014,1020.722555,1023.557920,1026.409130,1029.275916,1032.158529,1035.057193,1037.971826,1040.902624,1043.849880,1046.813156,1049.792913,1052.789051,1055.801715,1058.831008,1061.877252,1064.940127,1068.019838,1071.116623,1074.230428,1077.361288,1080.509646,1083.675033,1086.857818,1090.058365,1093.276208,1096.511960,1099.765316,1103.036475,1106.325492,1109.632766,1112.958013,1116.301344,1119.663076,1123.043064,1126.441518,1129.858527,1133.294184,1136.748579,1140.221898,1143.714048,1147.225366,1150.755572,1154.305048,1157.873820,1161.461911,1165.069737,1168.696961,1172.343857,1176.010615,1179.697302,1183.403790,1187.130428,1190.877221,1194.644191,1198.431580,1202.239437,1206.067610,1209.916520,1213.786272,1217.676752,1221.588165,1225.520636,1229.474211,1233.449017,1237.445153,1241.462720,1245.501849,1249.562578,1253.644941,1257.749235,1261.875905,1266.024280,1270.194651,1274.387256,1278.602245,1282.839713,1287.099696,1291.382348,1295.687739,1300.015987,1304.367206,1308.741644,1313.139094,1317.559736,1322.003897
585.769380,585.938030,586.102901,586.273567,586.444500,586.620382,586.791498,586.974021,587.150780,587.333168,587.520323,587.698880,587.888634,588.080241,588.270247,588.464955,588.660843,588.916505,589.057281,589.258684,589.462592,589.687136,589.877336,590.078802,590.300802,590.514297,590.731512,590.950238,591.172084,591.400137,591.619723,591.858598,592.078677,592.301102,592.545621,592.782505,593.011099,593.261306,593.503234,593.748669,593.996612,594.248841,594.499099,594.755693,595.010529,595.272023,595.531381,595.795079,596.064483,596.333853,596.603463,596.876947,597.151738,597.430703,597.712604,597.995608,598.287867,598.570852,598.860485,599.155573,599.450768,599.749905,600.051786,600.354579,600.663992,600.961978,601.285377,601.595392,601.913417,602.234124,602.553931,602.877988,603.204227,603.535210,603.867411,604.202864,604.541212,604.882267,605.224887,605.571689,605.919379,606.273241,606.627373,606.994806,607.346029,607.707269,608.079221,608.447179,608.817401,609.192113,609.572761,609.950760,610.334466,610.721581,611.110492,611.503876,611.896831,612.297716,612.697367,613.105854,613.510723,613.921423,614.336533,614.752235,615.178891,615.599243,616.022535,616.449102,616.885194,617.320408,617.760370,618.200972,618.647296,619.096370,619.548795,620.004025,620.465068,620.931400,621.392033,621.859891,622.333210,622.808578,623.286693,623.769589,624.255265,624.745959,625.238203,625.734153,626.233540,626.737176,627.245731,627.754895,628.268905,628.786572,629.308008,629.832704,630.361380,630.893285,631.429510,631.970711,632.513443,633.060551,633.610815,634.165200,634.723955,635.286810,635.853270,636.423345,636.997203,637.574408,638.156203,638.741499,639.331472,639.925117,640.522309,641.124523,641.730376,642.340192,642.954364,643.572557,644.195167,644.820753,645.451257,646.085710,646.724989,647.368090,648.015160,648.666408,649.321988,649.982060,650.646441,651.315126,651.988510,652.666086,653.347895,654.034127,654.725124,655.420606,656.120153,656.824768,657.534113,658.247428,658.965474,659.688446,660.415968,661.148556,661.885632,662.627216,663.373920,664.124794,664.880398,665.640527,666.406059,667.176463,667.951821,668.731789,669.516904,670.306932,671.102089,671.902318,672.707509,673.517569,674.332858,675.153314,675.978764,676.809769,677.645697,678.486762,679.333187,680.184800,681.041987,681.904269,682.772167,683.645395,684.523640,685.407543,686.297209,687.192200,688.092768,688.998658,689.910346,690.827784,691.750679,692.679220,693.613596,694.553551,695.499188,696.450727,697.408212,698.371296,699.340195,700.315359,701.296080,702.282992,703.275772,704.274653,705.279554,706.290653,707.307820,708.331291,709.360917,710.396598,711.439009,712.487220,713.541703,714.602538,715.669885,716.743606,717.823793,718.910455,720.003773,721.103569,722.209935,723.322828,724.442490,725.568768,726.701828,727.841719,728.988254,730.141641,731.302158,732.469368,733.643540,734.824972,736.012900,737.208054,738.410240,739.619588,740.836131,742.059726,743.290661,744.528890,745.774379,747.027422,748.287626,749.555216,750.830194,752.112802,753.403007,754.700722,756.006098,757.319151,758.639889,759.968408,761.304587,762.648624,764.000486,765.360316,766.728066,768.103877,769.487699,770.879632,772.279498,773.687608,775.103941,776.528489,777.961484,779.402589,780.852076,782.310037,783.776459,785.251453,786.734942,788.226913,789.727844,791.237290,792.755382,794.282341,795.818047,797.362782,798.916544,800.479061,802.050572,803.631131,805.220838,806.819673,808.427660,810.044951,811.671526,813.307641,814.953020,816.607813,818.272117,819.945787,821.629227,823.322318,825.025240,826.737785,828.460449,830.192655,831.934993,833.687067,835.449168,837.221489,839.003749,840.796355,842.599187,844.412119,846.235484,848.069197,849.913392,851.768165,853.633333,855.509219,857.395655,859.292900,861.200843,863.119742,865.049492,866.990046,868.941726,870.904474,872.878339,874.863335,876.859584,878.867305,880.886459,882.916857,884.958764,887.012201,889.077190,891.153789,893.242395,895.342532,897.454627,899.578512,901.714345,903.862212,906.022232,908.194173,910.378445,912.575096,914.784128,917.005537,919.239428,921.485884,923.744902,926.016704,928.301240,930.598594,932.908787,935.231962,937.568098,939.917527,942.279982,944.655642,947.044560,949.446766,951.862462,954.291751,956.734616,959.191172,961.661248,964.145185,966.642999,969.154839,971.680464,974.220367,976.774158,979.342334,981.924701,984.521478,987.133011,989.758680,992.399022,995.054033,997.723693,1000.408272,1003.107729,1005.822367,1008.551676,1011.296267,1014.055959,1016.830928,1019.621253,1022.427126,1025.248651,1028.085674,1030.938208,1033.806576,1036.690693,1039.590723,1042.506886,1045.439155,1048.387512,1051.352006,1054.332841,1057.330060,1060.343993,1063.374279,1066.421279,1069.484971,1072.565591,1075.663095,1078.777487,1081.909240,1085.057875,1088.223758,1091.407254,1094.607873,1097.826298,1101.062151,1104.315655,1107.586864,1110.876314,1114.183309,1117.508371,1120.851678,1124.213086,1127.592802,1130.990916,1134.407519,1137.842703,1141.296651,1144.769269,1148.260896,1151.771248,1155.300710,1158.849304,1162.417054,1166.004374,1169.610928,1173.236989,1176.882746,1180.548265,1184.233418,1187.938552,1191.663673,1195.408802,1199.174197,1202.959854,1206.765674,1210.592059,1214.439113,1218.306722,1222.195116,1226.104341,1230.034521,1233.985757,1237.958146,1241.951788,1245.966815,1250.003263,1254.061166,1258.140820,1262.242671,1266.366046,1270.511234,1274.678475,1278.867916,1283.079652,1287.313738,1291.570273,1295.849378,1300.151155,1304.475715,1308.823308,1313.193725,1317.587147,1322.003897
587.157211,587.330289,587.505283,587.684906,587.860744,588.041652,588.225397,588.410953,588.596835,588.784954,588.973224,589.159936,589.363813,589.557101,589.759119,589.959469,590.161313,590.366688,590.591851,590.782509,590.984348,591.207429,591.421545,591.639378,591.858625,592.081106,592.323271,592.553498,592.761844,592.989348,593.212345,593.454871,593.693997,593.922263,594.173205,594.414935,594.660479,594.907846,595.160547,595.410836,595.667594,595.921851,596.183339,596.442270,596.705329,596.971312,597.243465,597.512708,597.803525,598.059817,598.342414,598.619387,598.901820,599.191159,599.475979,599.764072,600.060200,600.352928,600.658050,600.956088,601.250178,601.558134,601.871210,602.178815,602.488706,602.804920,603.123334,603.435915,603.768300,604.083447,604.419003,604.750593,605.084450,605.420025,605.767062,606.103823,606.445545,606.799169,607.142721,607.494917,607.849973,608.214525,608.572623,608.933561,609.300596,609.672285,610.042666,610.417259,610.800352,611.176269,611.560612,611.945869,612.337054,612.730184,613.123270,613.524027,613.923485,614.331716,614.736370,615.147167,615.561604,615.977188,616.397970,616.823422,617.246096,617.671827,618.107173,618.542050,618.981114,619.420951,619.866320,620.314660,620.766101,621.220450,621.678354,622.144493,622.607197,623.073522,623.543839,624.017927,624.495221,624.975629,625.460494,625.948372,626.440085,626.933942,627.432511,627.933258,628.440305,628.948031,629.459739,629.975454,630.494676,631.017834,631.544062,632.073449,632.607256,633.145069,633.686944,634.231369,634.779227,635.330775,635.886420,636.446359,637.010455,637.577472,638.148524,638.723024,639.301618,639.883845,640.469813,641.060612,641.654845,642.252745,642.855470,643.461832,644.071958,644.686750,645.305247,645.927706,646.554017,647.184479,647.819284,648.458580,649.101740,649.748833,650.400057,651.055508,651.715323,652.379586,653.047981,653.721034,654.398217,655.079514,655.765386,656.456042,657.150578,657.849727,658.553566,659.262125,659.974770,660.691961,661.413753,662.140398,662.871905,663.607732,664.348158,665.093772,665.843361,666.597486,667.356523,668.120416,668.889376,669.663045,670.441393,671.224846,672.013058,672.806576,673.604852,674.407936,675.215971,676.029119,676.847439,677.670789,678.499532,679.333023,680.171704,681.015604,681.864653,682.719241,683.578807,684.443961,685.314307,686.189718,687.070819,687.957381,688.849183,689.746591,690.649223,691.557595,692.471644,693.391084,694.316148,695.246852,696.183125,697.125005,698.072713,699.026292,699.985394,700.950347,701.921264,702.897893,703.880395,704.868807,705.863242,706.863646,707.870113,708.882595,709.901289,710.926082,711.956836,712.994238,714.037358,715.086667,716.142372,717.204397,718.272546,719.347224,720.428435,721.515955,722.609956,723.710467,724.817418,725.931125,727.051352,728.178085,729.311697,730.451806,731.598717,732.752665,733.913290,735.080636,736.255240,737.436214,738.624335,739.819396,741.021518,742.230749,743.446932,744.670338,745.901012,747.138766,748.384007,749.636310,750.895900,752.162768,753.437184,754.719129,756.008395,757.305267,758.609755,759.921735,761.241437,762.568731,763.903703,765.246432,766.597020,767.955468,769.321779,770.696037,772.078296,773.468380,774.866596,776.272925,777.687357,779.110123,780.540959,781.979919,783.427309,784.883047,786.347241,787.819813,789.301013,790.790530,792.288707,793.795457,795.310862,796.834939,798.367924,799.909815,801.460338,803.019732,804.588113,806.165392,807.751737,809.347108,810.951656,812.565360,814.188476,815.820728,817.462264,819.113180,820.773482,822.443122,824.122430,825.811436,827.509931,829.218409,830.936295,832.664063,834.401658,836.149027,837.906479,839.673729,841.451186,843.238728,845.036228,846.844019,848.661992,850.490348,852.329114,854.178131,856.037670,857.907709,859.788281,861.679561,863.581568,865.494235,867.417653,869.351970,871.297219,873.253356,875.220621,877.198907,879.188510,881.189400,883.201352,885.224578,887.259456,889.305340,891.362952,893.432321,895.513058,897.605448,899.709747,901.825687,903.953494,906.093286,908.244831,910.408464,912.584440,914.772579,916.972910,919.185550,921.410565,923.648000,925.898027,928.160613,930.435828,932.723724,935.024413,937.337884,939.664322,942.003893,944.356342,946.721865,949.100491,951.492422,953.897759,956.316484,958.748530,961.194279,963.653429,966.126417,968.613167,971.113557,973.627862,976.156112,978.698358,981.254649,983.825211,986.409867,989.009250,991.622729,994.250674,996.893067,999.550088,1002.221978,1004.908401,1007.609995,1010.326227,1013.057414,1015.803669,1018.565070,1021.341690,1024.133787,1026.941380,1029.764199,1032.602493,1035.456483,1038.326087,1041.211498,1044.113009,1047.030180,1049.963470,1052.912757,1055.878243,1058.859972,1061.858282,1064.872855,1067.903868,1070.951626,1074.016006,1077.097064,1080.195241,1083.310067,1086.441910,1089.590853,1092.757260,1095.940641,1099.141752,1102.360060,1105.595807,1108.849391,1112.120601,1115.409477,1118.716236,1122.041086,1125.383881,1128.744829,1132.124018,1135.521539,1138.937619,1142.372030,1145.825243,1149.296930,1152.787471,1156.296892,1159.825213,1163.372667,1166.939459,1170.525319,1174.130522,1177.755355,1181.399586,1185.063383,1188.747027,1192.450424,1196.173693,1199.917058,1203.680516,1207.463966,1211.267809,1215.092150,1218.936872,1222.802207,1226.688198,1230.594971,1234.522623,1238.471252,1242.440991,1246.431873,1250.444030,1254.477464,1258.532470,1262.609493,1266.707859,1270.827858,1274.969727,1279.133615,1283.319614,1287.527780,1291.758211,1296.011027,1300.286330,1304.584230,1308.904976,1313.248358,1317.614557,1322.003897
588.599963,588.776935,588.960101,589.143707,589.331210,589.517361,589.707517,589.900867,590.092960,590.289470,590.521700,590.686914,590.888471,591.091264,591.297282,591.505157,591.714354,591.926006,592.124515,592.363778,592.574138,592.793706,593.016802,593.259794,593.490430,593.699067,593.925920,594.150088,594.392775,594.631245,594.860724,595.110252,595.353863,595.599193,595.846940,596.098921,596.349579,596.606522,596.860360,597.121537,597.380613,597.643199,597.908490,598.180455,598.448065,598.740153,598.996664,599.277077,599.552871,599.823852,600.124920,600.408627,600.695997,600.987114,601.282784,601.578224,601.878058,602.180418,602.483518,602.784058,603.095305,603.414748,603.724328,604.041460,604.361950,604.682473,605.005922,605.331623,605.661625,605.993640,606.329028,606.665215,607.005677,607.347685,607.692704,608.047414,608.391686,608.744421,609.103492,609.456652,609.825657,610.185148,610.552646,610.923104,611.295382,611.670420,612.050579,612.429523,612.814535,613.200852,613.591684,613.983721,614.377045,614.777735,615.173669,615.585081,615.989585,616.400228,616.814335,617.229257,617.649868,618.074767,618.496973,618.921620,619.356747,619.790374,620.229061,620.668597,621.112752,621.560155,622.010769,622.464079,622.921039,623.384308,623.849017,624.312856,624.781566,625.254388,625.730307,626.209202,626.692791,627.179172,627.669589,628.162386,628.658375,629.157698,629.661018,630.169178,630.678100,631.192006,631.709142,632.230115,632.754081,633.281813,633.812751,634.347996,634.888004,635.429464,635.975253,636.524239,637.077016,637.634230,638.195137,638.759854,639.327846,639.899761,640.474934,641.054319,641.637101,642.223922,642.815300,643.410447,644.008672,644.611922,645.218394,645.829291,646.444397,647.063412,647.685549,648.312279,648.942885,649.577810,650.217144,650.860207,651.507152,652.158326,652.813616,653.473313,654.137294,654.805569,655.478094,656.154770,656.835447,657.521149,658.210994,658.904841,659.603386,660.306452,661.014386,661.726092,662.442141,663.163045,663.889134,664.619191,665.353910,666.092975,666.837297,667.585486,668.338477,669.095777,669.858363,670.625714,671.397635,672.174386,672.956101,673.742700,674.534320,675.330513,676.131581,676.937531,677.748647,678.564824,679.386216,680.212242,681.043414,681.879622,682.720993,683.567531,684.419389,685.276226,686.138680,687.006129,687.878798,688.756744,689.640356,690.529017,691.423136,692.322592,693.227651,694.138272,695.054229,695.975680,696.902741,697.835341,698.773562,699.717320,700.666972,701.622132,702.583003,703.549791,704.522168,705.500376,706.484416,707.474457,708.470317,709.472140,710.479931,711.493959,712.513818,713.539665,714.572045,715.610079,716.654242,717.704675,718.761393,719.824226,720.893279,721.968907,723.050755,724.139143,725.233678,726.334703,727.442396,728.556524,729.677192,730.804405,731.938149,733.078606,734.225962,735.380000,736.540620,737.708407,738.882519,740.063591,741.251592,742.446489,743.648436,744.857254,746.073192,747.296280,748.526367,749.763819,751.008288,752.259920,753.518730,754.785037,756.058678,757.339682,758.628001,759.923929,761.227246,762.538183,763.856608,765.182607,766.516258,767.857664,769.206823,770.563738,771.928546,773.301142,774.681507,776.069895,777.466287,778.870671,780.283278,781.703844,783.132421,784.569316,786.014445,787.467915,788.929649,790.399896,791.878358,793.365307,794.860779,796.364761,797.877333,799.398622,800.928801,802.467353,804.014723,805.570959,807.135969,808.709921,810.292826,811.884680,813.485616,815.095810,816.715069,818.343459,819.981093,821.627987,823.284089,824.949728,826.624935,828.309496,830.003909,831.707595,833.421028,835.144154,836.876917,838.619626,840.372115,842.134364,843.906878,845.689029,847.481374,849.283749,851.096322,852.919302,854.752310,856.595690,858.449435,860.313562,862.188250,864.073395,865.969294,867.875726,869.792749,871.720656,873.659358,875.608978,877.569467,879.541117,881.523901,883.517588,885.522395,887.538488,889.565874,891.604557,893.654870,895.716390,897.789400,899.874156,901.970390,904.078326,906.198082,908.329523,910.472921,912.628126,914.795497,916.975012,919.166605,921.370401,923.586444,925.814907,928.055696,930.309003,932.574859,934.853280,937.144305,939.448118,941.764884,944.094348,946.436668,948.792015,951.160350,953.541876,955.936691,958.344778,960.766250,963.200936,965.649174,968.111185,970.586533,973.075615,975.578442,978.094967,980.625558,983.170021,985.728574,988.301558,990.888440,993.489498,996.104982,998.734787,1001.379180,1004.038117,1006.711902,1009.400022,1012.103088,1014.820914,1017.553677,1020.301455,1023.064319,1025.842723,1028.636162,1031.444763,1034.268765,1037.108329,1039.963370,1042.834189,1045.720757,1048.623054,1051.541128,1054.475180,1057.425254,1060.391449,1063.374084,1066.372839,1069.387914,1072.419546,1075.467678,1078.532343,1081.613982,1084.712125,1087.827136,1090.959377,1094.108382,1097.274760,1100.458203,1103.658909,1106.876930,1110.112637,1113.365821,1116.636513,1119.925055,1123.231299,1126.555450,1129.897599,1133.257833,1136.636241,1140.032975,1143.448037,1146.881663,1150.333604,1153.804240,1157.293594,1160.801687,1164.328752,1167.874991,1171.440135,1175.024458,1178.628245,1182.251266,1185.893686,1189.555787,1193.237473,1196.938963,1200.660181,1204.401324,1208.162485,1211.943770,1215.745382,1219.567203,1223.409464,1227.272208,1231.155560,1235.059616,1238.984474,1242.930265,1246.897024,1250.884880,1254.893835,1258.924184,1262.976370,1267.049720,1271.144522,1275.261013,1279.399342,1283.559600,1287.741840,1291.946163,1296.172686,1300.421512,1304.692748,1308.986645,1313.302992,1317.641968,1322.003897
590.138508,590.278650,590.465959,590.653250,590.851736,591.031746,591.238942,591.441742,591.641478,591.844498,592.048063,592.274319,592.463543,592.664251,592.885916,593.100939,593.316377,593.535654,593.756234,593.979933,594.209628,594.430084,594.654117,594.890806,595.124003,595.358231,595.596761,595.826217,596.076312,596.327293,596.565511,596.813169,597.065482,597.315194,597.572901,597.826406,598.087728,598.348336,598.609150,598.873350,599.144692,599.415102,599.703435,599.960044,600.235426,600.513600,600.785538,601.080631,601.367416,601.656245,601.945300,602.239923,602.535884,602.833188,603.139595,603.434036,603.746017,604.051638,604.360511,604.673235,604.988342,605.307418,605.619666,605.952307,606.266492,606.601177,606.932686,607.265734,607.600501,607.947005,608.279787,608.621810,608.968374,609.314907,609.668375,610.022034,610.391713,610.735076,611.099453,611.468137,611.832638,612.202960,612.575867,612.958362,613.331577,613.710806,614.095802,614.482295,614.873055,615.265203,615.658491,616.059099,616.454804,616.866050,617.269874,617.680489,618.094639,618.509091,618.929135,619.353338,619.775296,620.199345,620.633860,621.066749,621.504806,621.944357,622.386632,622.833208,623.282927,623.735274,624.190985,624.652165,625.118840,625.580534,626.046628,626.518788,626.993332,627.470392,627.952712,628.437157,628.926470,629.417625,629.911876,630.410420,630.910779,631.417414,631.924328,632.436091,632.951421,633.469924,633.992108,634.517825,635.046382,635.579123,636.115730,636.656341,637.199364,637.745902,638.295968,638.849935,639.408331,639.970266,640.535558,641.104529,641.676803,642.252759,642.832757,643.416219,644.004482,644.595977,645.191439,645.790215,646.394038,647.000985,647.611939,648.227507,648.846611,649.468998,650.095780,650.726397,651.361782,652.000771,652.643758,653.290416,653.941470,654.596492,655.256037,655.919721,656.587482,657.259642,657.935726,658.616220,659.301272,659.990309,660.683454,661.381361,662.083892,662.790508,663.501216,664.216504,664.936713,665.661317,666.390526,667.123785,667.861716,668.604645,669.351643,670.103021,670.858926,671.619899,672.385662,673.155893,673.930929,674.710852,675.495754,676.285377,677.079515,677.878586,678.682444,679.491475,680.305423,681.124411,681.948214,682.776949,683.610656,684.449607,685.293412,686.142630,686.996710,687.856448,688.720940,689.590650,690.465730,691.346234,692.231669,693.122601,694.018927,694.920460,695.827647,696.740124,697.658011,698.581402,699.510328,700.444802,701.384674,702.330414,703.281672,704.238356,705.200961,706.169148,707.143055,708.122880,709.108335,710.099638,711.096853,712.100020,713.109260,714.124257,715.145165,716.172544,717.205496,718.244496,719.289862,720.341078,721.398504,722.462094,723.532154,724.608313,725.690960,726.779668,727.874782,728.976478,730.084500,731.199061,732.319978,733.447377,734.581400,735.722244,736.869662,738.023581,739.184577,740.351807,741.525905,742.706840,743.894578,745.089274,746.290747,747.499362,748.714800,749.937259,751.166876,752.403633,753.647346,754.898140,756.156334,757.421720,758.694454,759.974361,761.261777,762.556481,763.858703,765.168310,766.485390,767.810017,769.142296,770.482223,771.829801,773.185166,774.548214,775.918922,777.297569,778.684065,780.078467,781.480997,782.891349,784.309614,785.736086,787.170678,788.613500,790.064472,791.523843,792.991315,794.467158,795.951408,797.444052,798.945168,800.454969,801.973369,803.500108,805.035546,806.579728,808.132572,809.694219,811.264704,812.844015,814.432284,816.029724,817.636027,819.251372,820.875834,822.509429,824.152103,825.804184,827.465704,829.136447,830.816910,832.506514,834.205733,835.914511,837.632791,839.360869,841.098618,842.845885,844.603462,846.370459,848.147406,849.934417,851.731404,853.538499,855.355796,857.183165,859.020762,860.868564,862.726825,864.595379,866.474539,868.364082,870.264074,872.174798,874.096167,876.028303,877.971143,879.925017,881.889858,883.865450,885.852005,887.849691,889.858513,891.878423,893.909784,895.952389,898.006200,900.071574,902.148308,904.236560,906.336468,908.447982,910.571035,912.705893,914.852859,917.011676,919.182422,921.365201,923.560092,925.767091,927.986418,930.218021,932.461978,934.718312,936.987161,939.268503,941.562666,943.869382,946.188828,948.521052,950.866084,953.224123,955.595268,957.979501,960.376751,962.787395,965.211148,967.648425,970.099156,972.563217,975.040968,977.532117,980.037154,982.555859,985.088518,987.635013,990.195791,992.770404,995.359158,997.962035,1000.579211,1003.210929,1005.856848,1008.517606,1011.192668,1013.882350,1016.586762,1019.305982,1022.040081,1024.789315,1027.553701,1030.332968,1033.127362,1035.937105,1038.762111,1041.602540,1044.458611,1047.330294,1050.217569,1053.120483,1056.039236,1058.973871,1061.924715,1064.891404,1067.874297,1070.873369,1073.888856,1076.920708,1079.968930,1083.033992,1086.115410,1089.213551,1092.328776,1095.460593,1098.609684,1101.775666,1104.958762,1108.159022,1111.376981,1114.611941,1117.864418,1121.134592,1124.422315,1127.727792,1131.051111,1134.392359,1137.751627,1141.129095,1144.524668,1147.938682,1151.370850,1154.821554,1158.290816,1161.778656,1165.285387,1168.810969,1172.355374,1175.918888,1179.501575,1183.103304,1186.724421,1190.364930,1194.024821,1197.704413,1201.403571,1205.122474,1208.861231,1212.619942,1216.398810,1220.197715,1224.016887,1227.856371,1231.716287,1235.596735,1239.497811,1243.419643,1247.362267,1251.325812,1255.310279,1259.315962,1263.343304,1267.391594,1271.461186,1275.552334,1279.665097,1283.799608,1287.955919,1292.134129,1296.334355,1300.556700,1304.801272,1309.068318,1313.357627,1317.669380,1322.003897
591.627289,591.828809,592.025188,592.286712,592.422823,592.623880,592.827675,593.032556,593.240557,593.449970,593.660742,593.857025,594.098110,594.305390,594.525040,594.746239,594.970428,595.201018,595.429361,595.651051,595.882877,596.116796,596.368887,596.590239,596.828765,597.071076,597.321456,597.559603,597.807376,598.063047,598.311515,598.579802,598.820350,599.078906,599.342270,599.602238,599.867051,600.136339,600.421872,600.676711,600.951761,601.226381,601.503150,601.775028,602.069822,602.360886,602.645224,602.933199,603.224985,603.521401,603.826050,604.123293,604.420294,604.723642,605.024139,605.342480,605.655614,605.964781,606.281796,606.595808,606.922031,607.245413,607.570842,607.899689,608.231813,608.566024,608.901396,609.240688,609.585075,609.925859,610.279280,610.621913,610.973477,611.327437,611.691056,612.044191,612.404753,612.775965,613.142592,613.511308,613.884954,614.271442,614.639761,615.020073,615.398586,615.791892,616.182570,616.574758,616.967835,617.367392,617.763962,618.175901,618.577510,618.988829,619.402837,619.816812,620.236314,620.660262,621.081325,621.504928,621.935847,622.371721,622.808195,623.247120,623.688639,624.134199,624.582808,625.034485,625.489074,625.949031,626.415197,626.873412,627.339531,627.811126,628.284319,628.760328,629.240524,629.723826,630.210456,630.701025,631.193161,631.689966,632.189138,632.694145,633.198629,633.708431,634.221565,634.738267,635.258378,635.781855,636.308155,636.838540,637.372377,637.911261,638.451421,638.995754,639.543094,640.094515,640.649942,641.208913,641.771656,642.337451,642.907359,643.480293,644.057088,644.637616,645.222073,645.810532,646.402880,646.998090,647.597725,648.201763,648.808826,649.420482,650.036058,650.655334,651.277931,651.904666,652.535313,653.170531,653.809489,654.452220,655.098831,655.749607,656.404662,657.064001,657.726947,658.394281,659.066027,659.741398,660.421472,661.105857,661.794012,662.486666,663.183900,663.885411,664.591117,665.300779,666.015307,666.734281,667.457901,668.185808,668.917751,669.654555,670.395965,671.141398,671.891544,672.645815,673.405227,674.169327,674.937883,675.711149,676.489603,677.272300,678.059956,678.852083,679.649072,680.450885,681.257749,682.069612,682.886133,683.707502,684.533771,685.365001,686.201357,687.042531,687.889023,688.740372,689.597347,690.458925,691.325785,692.197845,693.075087,693.957369,694.845131,695.738222,696.636317,697.540059,698.448962,699.363247,700.283010,701.208323,702.138895,703.074906,704.016817,704.963974,705.916553,706.875120,707.838954,708.808609,709.783998,710.764994,711.751764,712.744362,713.742838,714.747325,715.757480,716.773467,717.795847,718.823742,719.857739,720.897690,721.943711,722.995640,724.053839,725.118241,726.188807,727.265646,728.348541,729.437756,730.533525,731.635570,732.743834,733.858461,734.979585,736.107251,737.241539,738.382368,739.529609,740.683887,741.844212,743.011363,744.185260,745.365869,746.553344,747.747523,748.948712,750.156651,751.371587,752.593444,753.822386,755.058251,756.301069,757.551233,758.808406,760.072863,761.344456,762.623362,763.909500,765.203056,766.503896,767.812107,769.127764,770.450972,771.781719,773.120016,774.465996,775.819554,777.180666,778.549612,779.926298,781.310830,782.703115,784.103507,785.511584,786.927647,788.351776,789.783957,791.224298,792.672878,794.129436,795.594252,797.067360,798.548747,800.038489,801.536802,803.043594,804.558608,806.082203,807.614422,809.155184,810.704627,812.262788,813.829652,815.405369,816.990099,818.583585,820.185988,821.797382,823.417784,825.047137,826.685771,828.333583,829.990751,831.657064,833.333017,835.018081,836.712686,838.416605,840.130186,841.853305,843.585807,845.328484,847.080444,848.842217,850.613915,852.395450,854.186954,855.988520,857.800015,859.621549,861.453243,863.295203,865.147312,867.009883,868.882689,870.765816,872.659493,874.563683,876.478469,878.403855,880.340101,882.287163,884.244754,886.213292,888.192740,890.183273,892.184528,894.197183,896.220924,898.255714,900.301907,902.359301,904.428051,906.508297,908.599985,910.703050,912.817755,914.944404,917.082737,919.232832,921.394793,923.568682,925.754541,927.952541,930.162647,932.384874,934.619425,936.866257,939.125408,941.397123,943.681377,945.978100,948.287425,950.609325,952.944128,955.291739,957.652436,960.025918,962.412579,964.812151,967.225068,969.651260,972.090578,974.543320,977.009503,979.489069,981.982388,984.489360,987.009914,989.544678,992.093021,994.655310,997.231523,999.821818,1002.426378,1005.045155,1007.678452,1010.325753,1012.987668,1015.664010,1018.354952,1021.060573,1023.780942,1026.516511,1029.266773,1032.031854,1034.811990,1037.607343,1040.417823,1043.243731,1046.085038,1048.941720,1051.813825,1054.701551,1057.604940,1060.524091,1063.459321,1066.410308,1069.377250,1072.360382,1075.359647,1078.375075,1081.407105,1084.455266,1087.519921,1090.601165,1093.699325,1096.814213,1099.945756,1103.094236,1106.259618,1109.442300,1112.642097,1115.858960,1119.093190,1122.344964,1125.614134,1128.900905,1132.205363,1135.527597,1138.867693,1142.225835,1145.602078,1148.996297,1152.408666,1155.839412,1159.288556,1162.756119,1166.242511,1169.747393,1173.271036,1176.813624,1180.375223,1183.955700,1187.555399,1191.174325,1194.812493,1198.470143,1202.147319,1205.843868,1209.560205,1213.296432,1217.052432,1220.828406,1224.624477,1228.440685,1232.277154,1236.133981,1240.011262,1243.909125,1247.827603,1251.766827,1255.726796,1259.707804,1263.710292,1267.733551,1271.777932,1275.843689,1279.930881,1284.039638,1288.170015,1292.322108,1296.496035,1300.691896,1304.909799,1309.149992,1313.412264,1317.696791,1322.003897
593.232669,593.432396,593.634346,593.839366,594.044636,594.253958,594.454347,594.675841,594.889502,595.105642,595.322605,595.542757,595.764371,596.004638,596.245945,596.446417,596.671406,596.895395,597.137875,597.372662,597.611833,597.850645,598.092863,598.358250,598.582102,598.829866,599.085571,599.334055,599.588416,599.842335,600.101072,600.364438,600.624414,600.888745,601.155600,601.442933,601.697147,601.971800,602.247289,602.522183,602.804688,603.087697,603.377461,603.661346,603.950135,604.242601,604.535472,604.839339,605.129580,605.431589,605.733637,606.032975,606.343719,606.662598,606.970595,607.285615,607.605904,607.921652,608.245953,608.562014,608.896651,609.227543,609.560152,609.893928,610.239442,610.571444,610.912311,611.257452,611.602745,611.955140,612.307110,612.665304,613.017086,613.385164,613.742782,614.108796,614.479103,614.848418,615.221907,615.601530,615.977206,616.357811,616.737060,617.130091,617.519655,617.912082,618.306980,618.704736,619.101351,619.512963,619.918526,620.327310,620.739031,621.152707,621.571873,621.995385,622.415818,622.838590,623.269170,623.704105,624.139867,624.577775,625.018647,625.463168,625.910969,626.361713,626.815283,627.273885,627.738393,628.195969,628.662877,629.131325,629.603135,630.077994,630.555844,631.038330,631.523692,632.012687,632.503839,632.998069,633.495463,633.996679,634.502758,635.008305,635.520353,636.034742,636.552410,637.074102,637.599038,638.126500,638.657936,639.193488,639.732591,640.274094,640.819184,641.367787,641.919989,642.476560,643.036099,643.599670,644.166300,644.736605,645.310195,645.887793,646.469145,647.053863,647.642638,648.235348,648.831061,649.431360,650.035228,650.642751,651.254729,651.870249,652.489549,653.112206,653.738883,654.370032,655.004840,655.643558,656.286102,656.932498,657.583129,658.237915,658.896610,659.559241,660.226201,660.897240,661.572050,662.251610,662.935148,663.622678,664.314703,665.011090,665.711456,666.416018,667.124995,667.838229,668.556411,669.278588,670.005204,670.735932,671.471443,672.211584,672.955443,673.703766,674.456780,675.214533,675.976931,676.743740,677.515594,678.291825,679.072552,679.858222,680.648317,681.443268,682.242998,683.047762,683.857158,684.671313,685.490247,686.314073,687.142864,687.976477,688.815063,689.658783,690.507356,691.361464,692.220341,693.084078,693.953009,694.827130,695.706301,696.590736,697.480474,698.375267,699.275499,700.180875,701.091564,702.007793,702.929238,703.856002,704.788466,705.726097,706.669232,707.617751,708.572116,709.531710,710.497050,711.468050,712.444584,713.426815,714.414861,715.408623,716.408324,717.413619,718.424686,719.442067,720.464886,721.493728,722.528445,723.569152,724.615687,725.668445,726.727258,727.792323,728.863306,729.940510,731.023743,732.113652,733.209500,734.311648,735.420052,736.534868,737.656220,738.784023,739.918209,741.058812,742.206330,743.359823,744.520051,745.686938,746.860446,748.040728,749.227681,750.421439,751.621910,752.829285,754.043489,755.264684,756.492705,757.727586,758.969717,760.218761,761.474993,762.738262,764.008740,765.286450,766.571301,767.863423,769.162814,770.469588,771.783739,773.105362,774.434497,775.771085,777.115210,778.466786,779.826089,781.193027,782.567706,783.950030,785.340353,786.738255,788.144032,789.557766,790.979443,792.409327,793.847023,795.292744,796.746609,798.208653,799.678862,801.157312,802.644218,804.139346,805.642914,807.154700,808.675045,810.203813,811.741145,813.287074,814.841586,816.404829,817.976964,819.557731,821.147293,822.745725,824.353033,825.969279,827.594464,829.228807,830.872380,832.524969,834.187068,835.858201,837.538642,839.228317,840.927370,842.636132,844.353992,846.081893,847.819000,849.565668,851.322183,853.088376,854.864444,856.650413,858.446173,860.251824,862.067506,863.893308,865.729115,867.575080,869.431458,871.297903,873.174594,875.061756,876.959425,878.867490,880.786265,882.715513,884.655528,886.606145,888.567430,890.539618,892.522695,894.516817,896.521743,898.537810,900.564999,902.603230,904.652660,906.713424,908.785472,910.868832,912.963720,915.069982,917.188051,919.317674,921.459012,923.612112,925.777050,927.953890,930.142701,932.343464,934.556391,936.781405,939.018575,941.268137,943.530062,945.804214,948.090891,950.390056,952.701738,955.026134,957.363343,959.713343,962.076063,964.451878,966.840575,969.242555,971.657380,974.085493,976.526756,978.981265,981.449339,983.930769,986.425840,988.934433,991.456993,993.993070,996.542970,999.106671,1001.684350,1004.276246,1006.882062,1009.502304,1012.136563,1014.785113,1017.448060,1020.125483,1022.817448,1025.524213,1028.245792,1030.981911,1033.732816,1036.498727,1039.279556,1042.075462,1044.886662,1047.713125,1050.554828,1053.411817,1056.284290,1059.172289,1062.076139,1064.995475,1067.930654,1070.881649,1073.848694,1076.831739,1079.830785,1082.846302,1085.877804,1088.925657,1091.990219,1095.071021,1098.168670,1101.282828,1104.413774,1107.561475,1110.726328,1113.908119,1117.106878,1120.322945,1123.556169,1126.806755,1130.074788,1133.360356,1136.663544,1139.984568,1143.323228,1146.679959,1150.054441,1153.447052,1156.857814,1160.286746,1163.734075,1167.200005,1170.684263,1174.187120,1177.708762,1181.249250,1184.808453,1188.386714,1191.984036,1195.600436,1199.236169,1202.891226,1206.565506,1210.259405,1213.973026,1217.706251,1221.459278,1225.232232,1229.025152,1232.838160,1236.671354,1240.524827,1244.398709,1248.293032,1252.207925,1256.143386,1260.099709,1264.077337,1268.075556,1272.094719,1276.135078,1280.196692,1284.279692,1288.384129,1292.510101,1296.657724,1300.827099,1305.018332,1309.231670,1313.466901,1317.724203,1322.003897
594.899564,595.086423,595.295540,595.506688,595.702433,595.943311,596.150437,596.368454,596.589110,596.811250,597.037310,597.274718,597.484888,597.720089,597.953646,598.187546,598.422613,598.654453,598.899114,599.142534,599.409027,599.633103,599.881006,600.133489,600.385276,600.628904,600.893061,601.152100,601.415324,601.675225,601.939199,602.205559,602.478436,602.746523,603.021210,603.295901,603.571165,603.852231,604.134951,604.422486,604.707423,604.995193,605.286585,605.578346,605.873883,606.170805,606.472419,606.774221,607.081632,607.382237,607.694016,608.005634,608.319603,608.636445,608.946558,609.278807,609.598891,609.923908,610.252286,610.584007,610.917280,611.251907,611.590289,611.933800,612.273384,612.626005,612.966677,613.317149,613.669941,614.035513,614.381342,614.741576,615.111344,615.473788,615.842819,616.213945,616.587291,616.965848,617.342729,617.724089,618.109891,618.496183,618.886319,619.278323,619.673194,620.071333,620.468579,620.878813,621.283671,621.694265,622.102996,622.517027,622.942038,623.358770,623.778569,624.200893,624.630572,625.064919,625.499902,625.937066,626.377033,626.820573,627.267445,627.717356,628.169860,628.627671,629.091034,629.548469,630.012670,630.479807,630.950518,631.424022,631.900369,632.381155,632.865279,633.352317,633.841939,634.334496,634.830982,635.329508,635.834087,636.337816,636.847050,637.359968,637.875913,638.395072,638.917751,639.443028,639.972420,640.504783,641.042242,641.580877,642.123685,642.669679,643.219343,643.773018,644.329861,644.890329,645.454439,646.021887,646.592393,647.166823,647.744861,648.326348,648.912038,649.501135,650.094117,650.690342,651.291055,651.894921,652.502739,653.114898,653.730368,654.349818,654.972353,655.598946,656.230190,656.864759,657.503326,658.145384,658.791678,659.441981,660.096143,660.754422,661.416787,662.083115,662.753396,663.427699,664.106514,664.789181,665.476415,666.167366,666.862713,667.562178,668.265787,668.973622,669.685889,670.403004,671.124073,671.849065,672.578512,673.312769,674.051219,674.793653,675.540403,676.291823,677.047877,677.808583,678.573757,679.343652,680.117959,680.896893,681.680342,682.468492,683.261244,684.058688,684.861326,685.668318,686.480121,687.296662,688.118043,688.944161,689.775156,690.611024,691.452019,692.297850,693.149054,694.004964,694.865785,695.731680,696.602500,697.478487,698.359930,699.246157,700.137406,701.034161,701.935970,702.843067,703.755724,704.673307,705.596368,706.524823,707.458537,708.397485,709.342126,710.292194,711.247593,712.208555,713.175188,714.147262,715.124911,716.108387,717.097514,718.092340,719.092790,720.099111,721.111319,722.129240,723.152751,724.182237,725.217663,726.258815,727.306071,728.359335,729.418771,730.484043,731.555455,732.632814,733.716767,734.806577,735.902602,737.004790,738.113313,739.228307,740.349641,741.477278,742.611295,743.752043,744.898727,746.052095,747.211959,748.378392,749.551510,750.731227,751.917622,753.110657,754.310504,755.517087,756.730563,757.950784,759.177807,760.411899,761.652828,762.900884,764.155944,765.417989,766.687223,767.963501,769.246950,770.537570,771.835474,773.140654,774.453206,775.773169,777.100464,778.435231,779.777388,781.127046,782.484296,783.849182,785.221608,786.601926,787.989716,789.385275,790.788682,792.199924,793.619263,795.046305,796.481261,797.924250,799.375307,800.834462,802.301653,803.777232,805.260918,806.752930,808.253045,809.761601,811.278465,812.803773,814.337561,815.879864,817.430676,818.990310,820.558457,822.135275,823.720841,825.315161,826.918338,828.530242,830.151223,831.781309,833.420282,835.068639,836.725901,838.392343,840.067889,841.752683,843.447056,845.150394,846.863641,848.585960,850.317714,852.059166,853.810184,855.570908,857.341412,859.121569,860.911480,862.711290,864.521064,866.340710,868.170372,870.010306,871.860159,873.720122,875.590431,877.471001,879.361950,881.263398,883.175195,885.097597,887.030453,888.973826,890.927951,892.892813,894.868515,896.854972,898.852362,900.860577,902.879941,904.910249,906.951712,909.004299,911.068124,913.143063,915.229380,917.327356,919.436789,921.557697,923.690201,925.834379,927.990223,930.158009,932.337511,934.528915,936.732365,938.947818,941.175372,943.415080,945.667108,947.931320,950.207847,952.496713,954.798088,957.112032,959.438806,961.777998,964.130103,966.494835,968.872609,971.263355,973.666927,976.083619,978.513447,980.956352,983.412702,985.882396,988.365394,990.862223,993.372350,995.896108,998.433472,1000.984620,1003.549670,1006.128661,1008.721800,1011.328642,1013.949771,1016.584999,1019.234497,1021.898342,1024.576603,1027.269728,1029.977210,1032.699172,1035.435851,1038.187404,1040.953742,1043.735165,1046.531638,1049.343140,1052.169715,1055.011542,1057.868717,1060.741280,1063.629566,1066.533251,1069.452532,1072.387643,1075.338519,1078.305204,1081.288120,1084.286799,1087.301603,1090.332614,1093.380191,1096.443838,1099.524358,1102.621000,1105.734349,1108.864332,1112.011482,1115.175098,1118.355694,1121.553447,1124.768206,1128.000176,1131.249441,1134.516087,1137.800200,1141.101961,1144.421271,1147.758463,1151.113249,1154.486008,1157.876760,1161.285522,1164.712525,1168.157967,1171.621578,1175.103627,1178.604398,1182.123655,1185.661563,1189.218399,1192.794065,1196.388677,1200.002456,1203.635394,1207.287387,1210.958832,1214.649831,1218.360264,1222.090330,1225.840152,1229.609770,1233.399305,1237.208852,1241.038507,1244.888397,1248.758553,1252.649007,1256.560049,1260.491679,1264.444437,1268.417609,1272.411547,1276.426502,1280.462565,1284.519769,1288.598262,1292.698108,1296.819424,1300.962309,1305.126868,1309.313349,1313.521539,1317.751615,1322.003897
596.560677,596.791824,597.008045,597.224048,597.443612,597.664521,597.902404,598.146244,598.348871,598.567081,598.788553,599.031768,599.284097,599.501777,599.742109,599.979691,600.229138,600.467482,600.712771,600.961429,601.213882,601.451474,601.721419,601.973389,602.231610,602.495447,602.755035,603.018775,603.285069,603.557757,603.845416,604.098330,604.374174,604.648762,604.928230,605.211259,605.498356,605.780973,606.070089,606.360955,606.650183,606.946175,607.241993,607.541702,607.840875,608.150175,608.453492,608.763520,609.070554,609.383440,609.699151,610.011571,610.336993,610.658050,610.981827,611.307610,611.637928,611.971103,612.303181,612.648019,612.978467,613.318657,613.663048,614.006878,614.357487,614.708598,615.061626,615.417816,615.781898,616.137517,616.501546,616.869985,617.237032,617.609063,617.989968,618.361478,618.737850,619.119576,619.504386,619.892238,620.282243,620.672184,621.069120,621.466569,621.866701,622.270155,622.680402,623.089361,623.495424,623.910100,624.334981,624.750896,625.170080,625.591754,626.024050,626.454588,626.888872,627.325102,627.763981,628.206731,628.652625,629.101696,629.553072,630.008946,630.470612,630.929465,631.391254,631.856939,632.326598,632.798722,633.273443,633.752832,634.234776,634.721179,635.208998,635.699416,636.194079,636.691421,637.194728,637.696365,638.202817,638.713790,639.227600,639.744693,640.265281,640.789227,641.315545,641.845607,642.379651,642.917122,643.457287,644.000885,644.547712,645.098238,645.652832,646.210283,646.771609,647.335947,647.904062,648.475192,649.050154,649.628705,650.210756,650.796471,651.386368,651.979097,652.575895,653.176884,653.780703,654.388962,655.001150,655.616750,656.235588,656.858412,657.485235,658.115810,658.750253,659.388375,660.030319,660.676468,661.326309,661.980136,662.637780,663.299418,663.965212,664.634874,665.308624,665.986661,666.668868,667.354759,668.045086,668.739150,669.437918,670.140078,670.846884,671.558094,672.274132,672.993630,673.717474,674.445858,675.178436,675.915156,676.656066,677.401268,678.151184,678.905607,679.664516,680.427980,681.195805,681.968182,682.745143,683.526656,684.312573,685.103121,685.898660,686.698812,687.503374,688.312740,689.126814,689.945636,690.769165,691.597468,692.430655,693.268800,694.111829,694.960235,695.813268,696.670967,697.533674,698.401414,699.274214,700.152333,701.035086,701.922908,702.816155,703.714422,704.617887,705.526845,706.440708,707.359884,708.284433,709.214171,710.149107,711.089563,712.035622,712.986615,713.943245,714.905474,715.873072,716.846225,717.825076,718.809453,719.799506,720.795108,721.796507,722.803916,723.816562,724.835050,725.859332,726.889298,727.925184,728.966965,730.014579,731.068394,732.127963,733.193592,734.265265,735.343157,736.426879,737.516738,738.612790,739.715033,740.823671,741.938560,743.059718,744.187392,745.321119,746.461015,747.607509,748.760412,749.919795,751.085808,752.258348,753.437343,754.622971,755.815322,757.014316,758.220113,759.432561,760.651768,761.877853,763.110731,764.350685,765.597483,766.851167,768.111969,769.379716,770.654539,771.936435,773.225561,774.521774,775.825305,777.136147,778.454226,779.779664,781.112484,782.452527,783.800194,785.155295,786.517888,787.888263,789.265971,790.651410,792.044557,793.445430,794.854294,796.270751,797.695014,799.127200,800.567343,802.015474,803.471528,804.935966,806.408185,807.888721,809.377246,810.874099,812.379143,813.892515,815.414250,816.944383,818.482906,820.030134,821.585725,823.149925,824.722723,826.304153,827.894318,829.493087,831.100810,832.717512,834.342977,835.977700,837.621201,839.273756,840.935286,842.605936,844.286035,845.974970,847.673556,849.381336,851.098291,852.824730,854.560729,856.306288,858.061298,859.826143,861.600446,863.384510,865.178301,866.982023,868.795523,870.619153,872.452561,874.295954,876.149517,878.013213,879.887120,881.771243,883.665839,885.570861,887.486125,889.411732,891.347957,893.294870,895.252104,897.220335,899.199248,901.188802,903.189351,905.200688,907.223024,909.256328,911.300713,913.356152,915.422845,917.500689,919.590038,921.690690,923.802790,925.926400,928.061513,930.208402,932.366840,934.537014,936.719077,938.912951,941.118704,943.336570,945.566518,947.808411,950.062536,952.328883,954.607452,956.898447,959.201964,961.517982,963.846428,966.187675,968.541606,970.908329,973.287695,975.680069,978.085252,980.503398,982.934804,985.379355,987.837082,990.308051,992.792709,995.290663,997.801944,1000.326802,1002.865320,1005.417737,1007.983753,1010.563873,1013.157689,1015.765469,1018.387320,1021.023318,1023.673529,1026.338209,1029.017270,1031.710736,1034.418552,1037.141036,1039.878098,1042.629897,1045.396647,1048.178315,1050.974878,1053.786379,1056.613016,1059.454827,1062.312137,1065.184578,1068.072508,1070.975895,1073.894974,1076.829682,1079.780049,1082.746511,1085.728595,1088.726662,1091.741068,1094.771345,1097.818096,1100.880982,1103.960281,1107.055957,1110.168406,1113.297439,1116.443006,1119.605405,1122.784812,1125.981075,1129.194396,1132.424861,1135.672556,1138.937565,1142.220068,1145.519965,1148.837589,1152.172652,1155.525532,1158.896247,1162.284816,1165.691547,1169.116398,1172.559338,1176.020649,1179.500334,1182.998438,1186.515030,1190.050452,1193.604410,1197.177315,1200.769022,1204.379823,1208.009511,1211.658486,1215.326846,1219.014472,1222.721589,1226.448239,1230.194541,1233.960589,1237.746478,1241.552302,1245.378188,1249.224167,1253.090269,1256.976785,1260.883713,1264.811593,1268.759710,1272.728415,1276.717959,1280.728433,1284.759868,1288.812412,1292.886129,1296.981134,1301.097525,1305.235409,1309.395032,1313.576179,1317.779027,1322.003897
598.327425,598.547805,598.785209,598.993740,599.232791,599.445140,599.673990,599.905195,600.139383,600.373309,600.604092,600.850984,601.087751,601.355636,601.576241,601.822346,602.074426,602.323946,602.578788,602.831353,603.083150,603.341504,603.609110,603.864535,604.128041,604.393618,604.667800,604.954133,605.206450,605.481866,605.755960,606.022427,606.317373,606.604074,606.886016,607.175274,607.464950,607.752866,608.048333,608.343180,608.646738,608.940407,609.248514,609.556026,609.859833,610.170778,610.477694,610.791279,611.109700,611.426321,611.747188,612.061257,612.394240,612.721898,613.053031,613.384901,613.719669,614.057194,614.396794,614.738037,615.090091,615.428886,615.778406,616.129483,616.497781,616.837625,617.198903,617.564309,617.924890,618.293517,618.661189,619.032627,619.410763,619.783980,620.162171,620.537988,620.931236,621.316697,621.706320,622.096768,622.493504,622.889065,623.290489,623.692790,624.103805,624.512286,624.917940,625.332738,625.755570,626.166937,626.590597,627.011626,627.443567,627.872543,628.306903,628.742146,629.180100,629.621696,630.066922,630.514844,630.965235,631.420155,631.880703,632.338249,632.799161,633.262867,633.731748,634.202486,634.675654,635.153633,635.633918,636.119480,636.605070,637.093963,637.587095,638.082047,638.581500,639.084709,639.587891,640.096586,640.608977,641.123374,641.641522,642.163661,642.687784,643.215676,643.747091,644.282584,644.820139,645.361108,645.905297,646.453094,647.005023,647.559574,648.118246,648.679804,649.245069,649.813252,650.384897,650.960341,651.539322,652.121870,652.707838,653.298019,653.891085,654.487827,655.088794,655.693029,656.301474,656.913595,657.529181,658.147673,658.770254,659.396982,660.027521,660.661624,661.299562,661.941245,662.586691,663.236119,663.889463,664.546412,665.207674,665.872709,666.541626,667.214925,667.892348,668.573251,669.258467,669.947614,670.640838,671.338493,672.039492,672.745273,673.455645,674.170042,674.888024,675.610848,676.337525,677.068652,677.803812,678.543158,679.286686,680.034918,680.787773,681.544922,682.306328,683.072221,683.842623,684.617673,685.396965,686.180733,686.969435,687.762424,688.560182,689.362409,690.169291,690.980894,691.797108,692.618010,693.443626,694.274101,695.109466,695.949835,696.795105,697.645185,698.499807,699.359285,700.223836,701.093435,701.968186,702.847552,703.731923,704.621654,705.516338,706.416263,707.321409,708.231577,709.146796,710.067446,710.993206,711.924168,712.860525,713.802232,714.748954,715.701271,716.659059,717.622171,718.590757,719.564989,720.544662,721.529938,722.520690,723.517163,724.519572,725.527082,726.540507,727.559558,728.584230,729.614700,730.650938,731.693232,732.741297,733.795171,734.855025,735.920884,736.992892,738.070508,739.154269,740.244132,741.340232,742.442493,743.550878,744.665541,745.786602,746.913647,748.046777,749.186418,750.332382,751.484740,752.643622,753.808980,754.980652,756.159008,757.343818,758.535255,759.733403,760.938156,762.149487,763.367612,764.592609,765.824359,767.062954,768.308342,769.560752,770.820013,772.086252,773.359468,774.639818,775.927157,777.221807,778.523485,779.832394,781.148562,782.472011,783.802582,785.140675,786.486099,787.838914,789.199406,790.567127,791.942475,793.325425,794.715996,796.114451,797.520392,798.934031,800.355484,801.784786,803.221966,804.667049,806.120226,807.581161,809.050301,810.527318,812.012548,813.505856,815.007378,816.517146,818.035197,819.561521,821.096432,822.639628,824.191235,825.751339,827.319998,828.897248,830.482983,832.077548,833.680970,835.293032,836.914226,838.544075,840.182860,841.830476,843.487198,845.153034,846.827798,848.511849,850.205081,851.907358,853.618988,855.340045,857.070529,858.810331,860.559833,862.318659,864.087060,865.865150,867.652984,869.450458,871.257924,873.075028,874.901975,876.738952,878.585863,880.442957,882.310065,884.187502,886.075243,887.973034,889.881045,891.799526,893.728340,895.667771,897.617778,899.578224,901.549408,903.531310,905.523848,907.527231,909.541426,911.566547,913.602565,915.649681,917.707788,919.777242,921.857838,923.949723,926.052955,928.167563,930.293712,932.431283,934.580424,936.741288,938.913796,941.098016,943.294180,945.502257,947.722109,949.954030,952.197983,954.453993,956.722257,959.002744,961.295803,963.600990,965.918801,968.249019,970.592045,972.947409,975.315636,977.696430,980.090187,982.496719,984.916394,987.349109,989.794822,992.254058,994.726283,997.211828,999.710668,1002.222978,1004.748874,1007.288371,1009.841745,1012.408478,1014.989176,1017.583650,1020.192070,1022.814511,1025.451038,1028.102102,1030.767190,1033.446427,1036.140045,1038.848202,1041.570806,1044.308155,1047.060044,1049.826960,1052.608435,1055.404815,1058.216197,1061.042618,1063.884411,1066.741182,1069.613333,1072.500762,1075.403765,1078.322268,1081.256271,1084.206240,1087.171688,1090.152977,1093.150464,1096.163678,1099.193223,1102.238787,1105.300562,1108.378597,1111.473395,1114.584331,1117.711843,1120.856129,1124.017038,1127.194772,1130.389414,1133.601049,1136.829762,1140.075636,1143.338852,1146.619461,1149.917338,1153.232650,1156.565624,1159.916277,1163.284626,1166.671081,1170.075296,1173.497542,1176.937999,1180.396730,1183.873598,1187.368947,1190.882775,1194.415071,1197.966150,1201.535872,1205.124413,1208.731879,1212.358365,1216.004071,1219.668874,1223.353001,1227.056491,1230.779463,1234.522011,1238.284229,1242.066210,1245.868081,1249.689873,1253.531613,1257.393593,1261.276252,1265.178804,1269.101859,1273.045324,1277.009451,1280.994329,1284.999990,1289.026581,1293.074163,1297.142854,1301.232749,1305.344114,1309.476717,1313.630820,1317.806440,1322.003897
600.130302,600.355403,600.581564,600.801308,601.042916,601.296603,601.511256,601.750147,601.988032,602.233264,602.472576,602.715695,602.961841,603.210202,603.463502,603.717750,603.967532,604.222952,604.481202,604.748392,605.003985,605.284586,605.532707,605.806679,606.092815,606.344674,606.626072,606.893281,607.159071,607.453963,607.741552,608.021243,608.309591,608.598990,608.886006,609.180645,609.475473,609.777299,610.070410,610.377445,610.670699,610.986593,611.297711,611.602319,611.914875,612.232235,612.545650,612.869954,613.188281,613.512153,613.837406,614.167371,614.498663,614.830919,615.175071,615.507594,615.844241,616.187026,616.529566,616.879280,617.228870,617.584725,617.934800,618.295378,618.651430,619.013644,619.377937,619.745315,620.114851,620.494346,620.862852,621.237400,621.616211,622.000002,622.383718,622.770713,623.160021,623.551968,623.946558,624.339234,624.747185,625.145874,625.553212,625.962871,626.369833,626.783895,627.206356,627.617393,628.040744,628.465019,628.892042,629.320432,629.753995,630.188302,630.625452,631.066300,631.510322,631.957234,632.406853,632.859590,633.317422,633.776575,634.237008,634.698542,635.165914,635.635615,636.107119,636.583543,637.062421,637.544586,638.030429,638.517413,639.008898,639.502254,639.999949,640.501703,641.002790,641.508633,642.018907,642.531963,643.048022,643.567708,644.089482,644.615321,645.144006,645.676870,646.212616,646.750921,647.292435,647.837641,648.386392,648.938866,649.494363,650.053145,650.615286,651.180908,651.749613,652.322076,652.897434,653.476783,654.059539,654.646535,655.236074,655.829700,656.426899,657.027594,657.631969,658.240670,658.852548,659.467771,660.086274,660.708697,661.335148,661.965311,662.599123,663.236662,663.877864,664.522987,665.171692,665.824536,666.480951,667.141418,667.805785,668.474238,669.146616,669.822933,670.503070,671.187168,671.875372,672.567645,673.264141,673.964098,674.668876,675.377818,676.090765,676.807793,677.528905,678.253870,678.983749,679.717086,680.454799,681.196925,681.943399,682.694538,683.449636,684.209098,684.973122,685.741476,686.514430,687.291495,688.073450,688.859568,689.650311,690.445698,691.245391,692.050031,692.858973,693.672590,694.490807,695.313686,696.141427,696.974153,697.811618,698.653892,699.500786,700.352213,701.208729,702.070104,702.936555,703.807704,704.683674,705.564552,706.450782,707.341957,708.238118,709.139629,710.045881,710.957230,711.873967,712.795697,713.722641,714.654799,715.592294,716.534733,717.482698,718.436062,719.394736,720.358755,721.328296,722.303261,723.283754,724.269650,725.261396,726.258602,727.261034,728.269433,729.283166,730.302619,731.327615,732.358373,733.395212,734.437587,735.485772,736.540037,737.599871,738.665954,739.737564,740.815229,741.898934,742.988794,744.084717,745.186738,746.294825,747.409339,748.529721,749.656140,750.788913,751.927960,753.073347,754.225132,755.383289,756.547699,757.718703,758.896074,760.079983,761.270513,762.467558,763.671092,764.881309,766.098381,767.322022,768.552452,769.789581,771.033640,772.284454,773.542152,774.806778,776.078350,777.356860,778.642586,779.935231,781.235029,782.542000,783.856106,785.177259,786.505827,787.841592,789.184729,790.535397,791.893191,793.258508,794.631324,796.011814,797.399767,798.795313,800.198341,801.609131,803.027662,804.453962,805.888057,807.330137,808.779864,810.237686,811.703273,813.176961,814.658615,816.148376,817.646255,819.152308,820.666521,822.189222,823.720060,825.259211,826.806726,828.362686,829.927119,831.499916,833.081423,834.671666,836.270425,837.878195,839.494496,841.119624,842.753430,844.396229,846.048017,847.708606,849.378354,851.057155,852.744931,854.441812,856.148048,857.863558,859.588298,861.322584,863.066060,864.818971,866.581447,868.353526,870.135109,871.926425,873.727483,875.538176,877.358602,879.188982,881.029350,882.879590,884.740004,886.610604,888.491015,890.381664,892.282556,894.193634,896.115182,898.047107,899.989425,901.942279,903.905701,905.879584,907.864206,909.859464,911.865493,913.882266,915.909976,917.948445,919.998194,922.058994,924.130847,926.213872,928.308144,930.413712,932.530676,934.658979,936.798749,938.950127,941.113067,943.287731,945.474060,947.672157,949.882073,952.103852,954.337603,956.583232,958.841058,961.111122,963.393401,965.687852,967.994752,970.314076,972.645901,974.990203,977.346928,979.716363,982.098427,984.493452,986.901321,989.322063,991.755924,994.202806,996.662859,999.135932,1001.622264,1004.121950,1006.635220,1009.161774,1011.702116,1014.255834,1016.823198,1019.404311,1021.999248,1024.608074,1027.231043,1029.868064,1032.519162,1035.184278,1037.863730,1040.557427,1043.265523,1045.988234,1048.725524,1051.477368,1054.243808,1057.025040,1059.821101,1062.632314,1065.458310,1068.299442,1071.155682,1074.027258,1076.914109,1079.816262,1082.734152,1085.667303,1088.616075,1091.580557,1094.561076,1097.557437,1100.569613,1103.597667,1106.641910,1109.702268,1112.779269,1115.872211,1118.981606,1122.107628,1125.250126,1128.409298,1131.585230,1134.778003,1137.987703,1141.214507,1144.458314,1147.719454,1150.997638,1154.293242,1157.606283,1160.936778,1164.284953,1167.651005,1171.034662,1174.436189,1177.855770,1181.293464,1184.749136,1188.223126,1191.715435,1195.226075,1198.755282,1202.303097,1205.869362,1209.454490,1213.058471,1216.681506,1220.323471,1223.984592,1227.664908,1231.364537,1235.083572,1238.822107,1242.580266,1246.358078,1250.155671,1253.973040,1257.810474,1261.668414,1265.546071,1269.444055,1273.362273,1277.300977,1281.260254,1285.240135,1289.240767,1293.262212,1297.304583,1301.367980,1305.452664,1309.558404,1313.685462,1317.833853,1322.003897
601.978398,602.211662,602.444601,602.671697,602.918868,603.156972,603.419135,603.641936,603.885449,604.131843,604.380126,604.625210,604.886822,605.137667,605.393276,605.651445,605.914450,606.173556,606.436718,606.718683,606.974742,607.241291,607.512935,607.794458,608.062123,608.326329,608.620829,608.908108,609.187102,609.474537,609.764931,610.049857,610.343429,610.637813,610.939004,611.231200,611.534189,611.829551,612.145104,612.453935,612.757778,613.069663,613.385886,613.692263,614.022017,614.338225,614.660288,614.984377,615.312455,615.644087,615.973391,616.316148,616.643996,616.982020,617.322934,617.674245,618.011219,618.359626,618.709399,619.072664,619.414350,619.771676,620.137870,620.496559,620.863154,621.228864,621.599118,621.981583,622.345448,622.721212,623.100126,623.482686,623.868352,624.255438,624.644104,625.035781,625.430034,625.822653,626.231119,626.631651,627.033141,627.443044,627.852140,628.266483,628.693036,629.095427,629.520253,629.940242,630.370151,630.797917,631.230662,631.664418,632.100433,632.540337,632.983222,633.429263,633.877720,634.329457,634.785985,635.245642,635.703512,636.163615,636.629507,637.098009,637.568831,638.042939,638.520412,639.000955,639.485256,639.971345,640.460080,640.951901,641.447731,641.947732,642.447003,642.950643,643.458323,643.969720,644.483456,645.000885,645.521607,646.044295,646.570924,647.101087,647.634993,648.170563,648.709678,649.252014,649.797970,650.347871,650.900373,651.456602,652.015691,652.578524,653.144279,653.713374,654.286167,654.862120,655.441631,656.024502,656.611568,657.201463,657.795091,658.392311,658.992864,659.597818,660.206284,660.817412,661.432748,662.051286,662.673368,663.299514,663.929317,664.562916,665.199798,665.840512,666.485048,667.133387,667.785346,668.441242,669.101015,669.764881,670.432271,671.103897,671.779180,672.458451,673.141610,673.828584,674.519719,675.214651,675.913899,676.617711,677.325204,678.036561,678.752282,679.471785,680.195395,680.923531,681.655412,682.391450,683.131729,683.876662,684.625773,685.378953,686.136469,686.898617,687.664847,688.435598,689.210601,689.990276,690.774099,691.562523,692.355530,693.152733,693.954862,694.761232,695.572191,696.387745,697.207874,698.033058,698.862668,699.697325,700.536579,701.380173,702.228768,703.082039,703.940208,704.803307,705.671016,706.543584,707.420967,708.303566,709.191205,710.083910,710.981444,711.883851,712.791335,713.704131,714.621982,715.544626,716.472661,717.405841,718.344103,719.287782,720.236645,721.190783,722.150273,723.115208,724.085365,725.061071,726.042461,727.028919,728.021119,729.018499,730.021752,731.030223,732.044373,733.063990,734.089431,735.120603,736.157371,737.199996,738.248415,739.302528,740.362536,741.428093,742.499744,743.577286,744.660911,745.750565,746.846139,747.947745,749.055697,750.169433,751.289123,752.415083,753.547266,754.685639,755.830376,756.981363,758.138534,759.302199,760.472171,761.648574,762.831565,764.020888,765.216656,766.419016,767.628171,768.843801,770.066047,771.295041,772.530699,773.773107,775.022305,776.278373,777.541219,778.811009,780.087791,781.371460,782.662185,783.959985,785.264823,786.576655,787.895710,789.221909,790.555379,791.896298,793.244204,794.599550,795.962292,797.332606,798.710277,800.095439,801.487975,802.888169,804.295998,805.711489,807.134667,808.565723,810.004316,811.450752,812.905178,814.367352,815.837430,817.315505,818.801584,820.295725,821.797910,823.308470,824.827052,826.353830,827.888857,829.432213,830.983920,832.544026,834.112421,835.689583,837.275141,838.869587,840.472444,842.084004,843.704120,845.333105,846.970953,848.617478,850.273036,851.937519,853.610850,855.293165,856.984692,858.685307,860.395148,862.114341,863.842592,865.580146,867.327138,869.083585,870.849408,872.624829,874.409855,876.204377,878.008499,879.822434,881.646218,883.479710,885.323282,887.176680,889.040137,890.913506,892.796860,894.690445,896.594336,898.508317,900.432614,902.367300,904.312404,906.267821,908.233825,910.210315,912.197424,914.195208,916.203626,918.222927,920.252906,922.294028,924.346016,926.409034,928.483139,930.568381,932.664859,934.772514,936.891475,939.021892,941.163684,943.317047,945.481826,947.658373,949.846421,952.046254,954.257860,956.481235,958.716584,960.963998,963.223455,965.494879,967.778640,970.074619,972.382923,974.703533,977.036410,979.381668,981.739644,984.110193,986.493465,988.889428,991.298144,993.720060,996.154780,998.602331,1001.062961,1003.536753,1006.023820,1008.524177,1011.038098,1013.565063,1016.105676,1018.659747,1021.227448,1023.808842,1026.404003,1029.013376,1031.636448,1034.273340,1036.924285,1039.589438,1042.268707,1044.962386,1047.670269,1050.392843,1053.129636,1055.880994,1058.647012,1061.427726,1064.223467,1067.033837,1069.859219,1072.699572,1075.555125,1078.425825,1081.311670,1084.213123,1087.129698,1090.061754,1093.009646,1095.972902,1098.952124,1101.946970,1104.957716,1107.984323,1111.027185,1114.086112,1117.161050,1120.252295,1123.360020,1126.484073,1129.624652,1132.781841,1135.955722,1139.146380,1142.353990,1145.578451,1148.820094,1152.078627,1155.354427,1158.647509,1161.957890,1165.285794,1168.631421,1171.994494,1175.375280,1178.774060,1182.190597,1185.625049,1189.077661,1192.548429,1196.037368,1199.544728,1203.070498,1206.614571,1210.177343,1213.758910,1217.359151,1220.978263,1224.616364,1228.273491,1231.949763,1235.645272,1239.360111,1243.094403,1246.848178,1250.621562,1254.414549,1258.227428,1262.060639,1265.913502,1269.786299,1273.679264,1277.592537,1281.526207,1285.480303,1289.454971,1293.450274,1297.466323,1301.503218,1305.561219,1309.640094,1313.740104,1317.861266,1322.003897
603.878694,604.119558,604.364272,604.595945,604.841696,605.085741,605.332554,605.581098,605.836777,606.083537,606.338414,606.594209,606.856709,607.115490,607.374071,607.637152,607.902775,608.174830,608.441103,608.712503,608.987317,609.260827,609.537799,609.825344,610.099631,610.382954,610.670963,610.960912,611.244510,611.537617,611.831189,612.126202,612.423034,612.725498,613.019451,613.333624,613.642160,613.944956,614.255630,614.567967,614.874928,615.203398,615.519507,615.840234,616.162755,616.488978,616.818970,617.147413,617.479884,617.814477,618.152172,618.490603,618.840651,619.175888,619.522016,619.870349,620.229106,620.570816,620.935684,621.286654,621.647163,622.012090,622.374635,622.742557,623.120449,623.486633,623.858719,624.235157,624.609619,624.997177,625.382368,625.769332,626.156789,626.550370,626.944173,627.341132,627.740689,628.147231,628.550176,628.954443,629.363728,629.777225,630.197421,630.609224,631.029815,631.449102,631.878816,632.305240,632.737193,633.170028,633.605318,634.044180,634.486061,634.930927,635.378624,635.829976,636.284549,636.742966,637.199741,637.658453,638.123005,638.589816,639.059638,639.531692,640.008042,640.487150,640.969498,641.454273,641.941340,642.431550,642.925033,643.423761,643.920899,644.422395,644.928133,645.437283,645.948919,646.464055,646.982665,647.503294,648.027529,648.554988,649.086731,649.620036,650.156678,650.696079,651.239648,651.786635,652.336711,652.889726,653.446145,654.006013,654.568962,655.135286,655.704592,656.277390,656.853846,657.433434,658.017029,658.603925,659.193814,659.787424,660.384657,660.985696,661.590218,662.198202,662.809654,663.424099,664.042444,664.664450,665.290419,665.919882,666.552800,667.189156,667.829281,668.473255,669.121025,669.772241,670.427589,671.086758,671.749537,672.416240,673.086631,673.761163,674.439364,675.121366,675.807266,676.497412,677.191050,677.889362,678.591561,679.297808,680.007828,680.721754,681.439712,682.162027,682.888315,683.618699,684.352938,685.091660,685.834466,686.581728,687.333117,688.088779,688.848648,689.612776,690.381476,691.154465,691.931700,692.713144,693.499167,694.289790,695.084566,695.884045,696.687781,697.496103,698.308883,699.126415,699.948647,700.775269,701.607036,702.443390,703.283965,704.129243,704.979460,705.834423,706.693980,707.558298,708.427398,709.301277,710.180439,711.064366,711.953277,712.847047,713.745613,714.649352,715.558160,716.471831,717.390369,718.314234,719.243203,720.177128,721.116431,722.060923,723.010512,723.965380,724.925662,725.891094,726.862183,727.838552,728.820190,729.807266,730.799790,731.797633,732.800993,733.809745,734.823960,735.843948,736.869592,737.900881,738.937742,739.980380,741.028644,742.082682,743.142301,744.207893,745.279369,746.356831,747.440038,748.529243,749.624365,750.725770,751.832876,752.945855,754.065020,755.190326,756.321737,757.459513,758.603286,759.753242,760.909607,762.072191,763.241174,764.416551,765.598274,766.786257,767.980933,769.182033,770.389659,771.603810,772.824619,774.052000,775.286039,776.526821,777.774290,779.028489,780.289537,781.557483,782.832203,784.113943,785.402596,786.698213,788.000729,789.310369,790.627054,791.950911,793.282117,794.620210,795.965643,797.318529,798.678567,800.045953,801.420849,802.802968,804.192631,805.589824,806.994620,808.406975,809.827006,811.254537,812.689803,814.132951,815.583737,817.042318,818.508784,819.983144,821.465453,822.955695,824.454199,825.960610,827.475104,828.997730,830.528571,832.067646,833.615003,835.170532,836.734709,838.307164,839.888071,841.477898,843.075994,844.682522,846.297798,847.921814,849.554383,851.195860,852.846138,854.505137,856.172993,857.849853,859.535835,861.230834,862.935055,864.648203,866.370523,868.102150,869.843082,871.593292,873.352949,875.122076,876.900563,878.688532,880.486143,882.293424,884.110390,885.937239,887.773775,889.620228,891.476452,893.342519,895.218674,897.104930,899.001311,900.907686,902.824361,904.751309,906.688421,908.635971,910.593858,912.562214,914.541094,916.530456,918.530535,920.541185,922.562771,924.595088,926.638278,928.692399,930.757477,932.833676,934.920872,937.019213,939.128839,941.249699,943.381892,945.525466,947.680580,949.847029,952.025106,954.214771,956.416047,958.629097,960.853979,963.090950,965.339593,967.600401,969.873255,972.158258,974.455267,976.764600,979.086065,981.420021,983.766278,986.125295,988.496668,990.880714,993.277579,995.687250,998.109617,1000.544788,1002.992933,1005.454082,1007.928528,1010.415979,1012.916845,1015.430805,1017.958095,1020.498819,1023.053049,1025.620849,1028.202479,1030.797822,1033.406925,1036.029722,1038.666527,1041.317247,1043.982037,1046.661110,1049.354427,1052.061964,1054.783759,1057.520008,1060.270746,1063.036294,1065.816281,1068.611061,1071.420600,1074.245128,1077.084576,1079.938984,1082.808771,1085.693464,1088.593422,1091.508733,1094.439720,1097.385939,1100.347985,1103.325540,1106.318796,1109.327798,1112.353049,1115.393921,1118.450847,1121.524025,1124.613303,1127.718878,1130.840832,1133.979247,1137.134206,1140.305790,1143.494178,1146.699418,1149.921381,1153.160236,1156.416204,1159.689301,1162.979541,1166.287232,1169.612327,1172.954792,1176.314907,1179.692671,1183.088127,1186.501340,1189.932584,1193.381759,1196.849076,1200.334452,1203.838176,1207.360040,1210.900438,1214.459468,1218.037006,1221.633249,1225.248314,1228.882239,1232.535140,1236.207110,1239.898240,1243.608655,1247.338381,1251.087544,1254.856140,1258.644455,1262.452929,1266.280879,1270.128591,1273.996295,1277.884131,1281.792187,1285.720493,1289.669194,1293.638349,1297.628073,1301.638462,1305.669778,1309.721786,1313.794749,1317.888680,1322.003897
605.830108,606.072396,606.321378,606.564288,606.804852,607.070474,607.315722,607.570585,607.826316,608.087584,608.347369,608.624541,608.868876,609.135924,609.428059,609.672165,609.943329,610.217166,610.491026,610.767427,611.053338,611.328539,611.611152,611.898660,612.188181,612.470918,612.763684,613.056531,613.350368,613.645096,613.952278,614.240922,614.554686,614.861837,615.163745,615.472975,615.784441,616.087004,616.417726,616.732606,617.051905,617.374110,617.697437,618.026453,618.353990,618.684651,619.017652,619.356655,619.691133,620.030521,620.369853,620.716926,621.063636,621.412009,621.762631,622.116432,622.469857,622.834329,623.191123,623.553990,623.919808,624.287870,624.668671,625.029811,625.403446,625.779988,626.160182,626.542597,626.926682,627.312984,627.702658,628.093795,628.483112,628.888283,629.283141,629.686741,630.094365,630.495569,630.905413,631.325483,631.736370,632.149552,632.564902,632.988014,633.417054,633.843302,634.273640,634.704779,635.140281,635.578093,636.019065,636.462981,636.909481,637.359876,637.813258,638.268736,638.725912,639.183345,639.646628,640.112107,640.580316,641.050814,641.525784,642.003384,642.484098,642.967034,643.452667,643.941008,644.432795,644.927244,645.426533,645.924450,646.428207,646.934946,647.444730,647.957717,648.473811,648.992301,649.514886,650.039627,650.568269,651.099706,651.633847,652.170877,652.711261,653.255727,653.803182,654.353503,654.906959,655.463782,656.024069,656.587436,657.153586,657.723652,658.296790,658.872855,659.452968,660.036546,660.623296,661.213536,661.806870,662.404447,663.005181,663.609586,664.217199,664.828512,665.442642,666.060621,666.682397,667.308005,667.936843,668.568910,669.204906,669.844613,670.487938,671.134851,671.785471,672.440001,673.098353,673.760061,674.426046,675.095456,675.768893,676.446166,677.126858,677.811633,678.500783,679.193147,679.890487,680.590855,681.295644,682.004122,682.716775,683.433060,684.153634,684.878584,685.607075,686.339501,687.076479,687.817386,688.562795,689.312183,690.065728,690.823559,691.585765,692.352298,693.122784,693.897609,694.676820,695.460603,696.248674,697.040989,697.837726,698.638812,699.444383,700.254592,701.069249,701.888553,702.712309,703.541291,704.374351,705.211921,706.054082,706.900946,707.752523,708.608750,709.469609,710.335274,711.205627,712.081291,712.961432,713.846616,714.736589,715.631319,716.531171,717.435988,718.345547,719.259963,720.179641,721.104356,722.033959,722.968873,723.908899,724.853973,725.804306,726.759866,727.720768,728.686851,729.658347,730.635070,731.617102,732.604574,733.597248,734.595351,735.598827,736.607771,737.622167,738.642287,739.668015,740.699241,741.735956,742.778481,743.826477,744.880251,745.939783,747.005128,748.076420,749.153283,750.236114,751.325104,752.419653,753.520182,754.626428,755.738849,756.857262,757.981774,759.112482,760.249146,761.391982,762.540996,763.696218,764.857854,766.025596,767.199698,768.379980,769.566847,770.760070,771.959724,773.165813,774.378472,775.597612,776.823318,778.055677,779.294631,780.540286,781.792600,783.051723,784.317616,785.590313,786.869928,788.156381,789.449576,790.749855,792.057077,793.371373,794.692920,796.021255,797.356831,798.699759,800.049738,801.406965,802.771598,804.143353,805.522549,806.909171,808.303292,809.704868,811.114013,812.530552,813.954720,815.386662,816.826135,818.273294,819.728229,821.190947,822.661505,824.139936,825.626414,827.120738,828.623034,830.133347,831.651761,833.178293,834.712992,836.255747,837.806901,839.366479,840.934260,842.510842,844.095572,845.688624,847.290285,848.900421,850.519292,852.146797,853.782977,855.427755,857.081266,858.743654,860.415037,862.095309,863.784677,865.482843,867.190052,868.906389,870.631997,872.366703,874.110723,875.864081,877.626665,879.398649,881.180035,882.970954,884.771528,886.581794,888.401609,890.231202,892.070426,893.919353,895.778226,897.646912,899.525848,901.414486,903.313234,905.222306,907.141271,909.070507,911.009976,912.959743,914.919885,916.890371,918.871394,920.862773,922.865103,924.877923,926.901463,928.935779,930.980896,933.036978,935.103899,937.181806,939.270790,941.370893,943.482227,945.604727,947.738522,949.883652,952.040095,954.208099,956.387565,958.578466,960.781118,962.995559,965.221765,967.459651,969.709680,971.971491,974.245417,976.531339,978.829289,981.139394,983.461694,985.796482,988.143640,990.503194,992.875206,995.260120,997.657539,1000.067488,1002.490215,1004.925799,1007.374354,1009.835935,1012.310685,1014.798311,1017.299077,1019.813087,1022.340411,1024.881113,1027.435265,1030.003309,1032.584731,1035.179652,1037.788301,1040.410832,1043.047152,1045.697554,1048.361830,1051.040464,1053.732985,1056.439736,1059.160809,1061.896239,1064.646358,1067.410764,1070.189838,1072.983539,1075.792093,1078.615446,1081.453595,1084.307000,1087.175174,1090.058475,1092.957256,1095.871042,1098.800435,1101.745140,1104.705217,1107.680974,1110.672553,1113.679829,1116.702746,1119.741600,1122.796561,1125.867475,1128.954540,1132.057837,1135.177447,1138.313452,1141.466037,1144.635069,1147.820906,1151.023315,1154.242463,1157.478573,1160.731657,1164.001732,1167.289203,1170.593722,1173.915556,1177.254883,1180.611762,1183.986055,1187.378006,1190.787895,1194.215423,1197.660999,1201.124472,1204.606132,1208.105769,1211.623776,1215.160252,1218.715071,1222.288429,1225.880444,1229.491151,1233.120669,1236.769087,1240.436496,1244.123020,1247.828687,1251.553619,1255.297813,1259.061554,1262.845282,1266.648313,1270.470931,1274.313367,1278.175760,1282.058197,1285.960706,1289.883434,1293.826439,1297.789834,1301.773721,1305.778342,1309.803481,1313.849394,1317.916093,1322.003897
607.827709,608.070577,608.329808,608.579847,608.834152,609.094703,609.351347,609.611086,609.869587,610.149683,610.397718,610.669584,610.934949,611.212516,611.479316,611.739204,612.028867,612.313942,612.589022,612.872330,613.158038,613.443641,613.729195,614.031419,614.313363,614.606380,614.900328,615.206796,615.508491,615.807375,616.113447,616.414014,616.722638,617.033129,617.334201,617.665024,617.977766,618.287344,618.616694,618.938839,619.264734,619.592615,619.921734,620.253310,620.590859,620.922993,621.261199,621.599129,621.944032,622.289268,622.636068,622.997077,623.334260,623.692781,624.046501,624.405303,624.768314,625.128984,625.495623,625.871412,626.234154,626.604604,626.978645,627.349953,627.736043,628.118795,628.502778,628.887025,629.278748,629.668961,630.059677,630.463686,630.860859,631.258119,631.664764,632.068472,632.478050,632.895988,633.301544,633.720343,634.135078,634.557472,634.984756,635.411244,635.840494,636.270867,636.705605,637.142593,637.582529,638.025311,638.470645,638.921225,639.374889,639.826475,640.282403,640.738487,641.200626,641.664589,642.131296,642.600238,643.073812,643.549755,644.029008,644.509848,644.993562,645.481187,645.970636,646.463817,646.960625,647.456893,647.957776,648.463013,648.970627,649.481377,649.995198,650.511753,651.031585,651.554411,652.080445,652.610157,653.141557,653.676061,654.213793,654.755338,655.300213,655.847658,656.398501,656.952396,657.509491,658.070197,658.633443,659.200046,659.769845,660.343398,660.919727,661.500113,662.083657,662.670248,663.260406,663.853856,664.451188,665.051818,665.655938,666.263253,666.873851,667.487876,668.105555,668.727359,669.352072,669.980198,670.611841,671.247205,671.886287,672.529000,673.175022,673.825063,674.478642,675.136012,675.797052,676.461567,677.130426,677.802679,678.478546,679.158247,679.841959,680.529483,681.221009,681.916636,682.616114,683.319069,684.026060,684.737038,685.451836,686.170871,686.893884,687.620423,688.351420,689.086429,689.825781,690.568930,691.316209,692.067702,692.823504,693.583700,694.347732,695.115993,695.888429,696.665275,697.446711,698.232146,699.021900,699.815996,700.614383,701.417333,702.224731,703.036617,703.852905,704.673824,705.499878,706.329890,707.164170,708.003099,708.846811,709.694869,710.547755,711.405166,712.267245,713.134572,714.006155,714.882727,715.764206,716.650220,717.541083,718.437109,719.337767,720.243222,721.153532,722.069035,722.989452,723.914736,724.845333,725.780776,726.721324,727.667144,728.618117,729.574099,730.535571,731.502015,732.473758,733.450930,734.433150,735.420697,736.413552,737.411696,738.415260,739.424281,740.438921,741.458924,742.484477,743.515443,744.552226,745.594240,746.642038,747.695598,748.754891,749.819820,750.890415,751.966865,753.049414,754.137442,755.231370,756.330935,757.436595,758.548165,759.665754,760.789456,761.919030,763.054694,764.196453,765.344331,766.498547,767.658781,768.825289,769.997890,771.176982,772.362360,773.554073,774.752219,775.956673,777.167605,778.385060,779.608987,780.839463,782.076549,783.320202,784.570572,785.827645,787.091379,788.361962,789.639288,790.923261,792.214222,793.512030,794.816816,796.128756,797.447386,798.773158,800.106184,801.446161,802.793285,804.147731,805.509168,806.877958,808.254072,809.637627,811.028491,812.426771,813.832387,815.245526,816.666334,818.094565,819.530376,820.973854,822.425008,823.883893,825.350540,826.825125,828.307454,829.797574,831.295709,832.801781,834.315860,835.837990,837.368061,838.906416,840.453079,842.007828,843.571260,845.142774,846.722390,848.310546,849.907055,851.512180,853.125818,854.748008,856.378673,858.017947,859.665974,861.322837,862.988511,864.663005,866.346465,868.038682,869.739892,871.450256,873.169582,874.898052,876.635687,878.382618,880.138695,881.903986,883.678785,885.463049,887.256870,889.060090,890.872976,892.695343,894.527286,896.369010,898.220420,900.082044,901.953017,903.834063,905.725289,907.626265,909.537366,911.458554,913.389894,915.331462,917.283225,919.245475,921.217967,923.200891,925.194403,927.198451,929.213138,931.238472,933.274547,935.321444,937.379102,939.447648,941.527229,943.617827,945.719443,947.832194,949.956118,952.091193,954.237620,956.395383,958.564477,960.745103,962.937229,965.141197,967.356555,969.583813,971.822831,974.073717,976.336454,978.610996,980.897472,983.196173,985.506885,987.830068,990.165350,992.512944,994.873097,997.245852,999.630823,1002.028389,1004.438630,1006.861571,1009.297507,1011.746312,1014.207889,1016.682419,1019.169970,1021.670644,1024.184511,1026.711633,1029.252270,1031.806402,1034.373776,1036.954623,1039.549156,1042.157280,1044.779149,1047.414974,1050.064816,1052.728345,1055.405902,1058.097560,1060.803411,1063.523716,1066.258122,1069.006981,1071.770258,1074.548053,1077.340590,1080.147792,1082.969653,1085.806635,1088.658249,1091.524863,1094.406798,1097.303610,1100.215891,1103.143294,1106.086093,1109.044248,1112.018287,1115.007607,1118.012561,1121.033308,1124.070018,1127.122535,1130.191058,1133.275665,1136.376439,1139.493460,1142.626902,1145.776662,1148.943067,1152.125825,1155.325309,1158.541532,1161.774509,1165.024462,1168.291587,1171.575606,1174.876784,1178.195301,1181.531212,1184.884379,1188.255142,1191.643494,1195.049449,1198.473236,1201.914794,1205.374266,1208.851757,1212.347356,1215.861261,1219.393345,1222.943830,1226.512753,1230.100229,1233.706349,1237.331202,1240.974878,1244.637500,1248.319095,1252.019787,1255.739568,1259.478726,1263.237698,1267.015802,1270.813319,1274.630479,1278.467422,1282.324234,1286.200942,1290.097692,1294.014542,1297.951604,1301.908979,1305.886909,1309.885178,1313.904040,1317.943507,1322.003897
609.875654,610.129696,610.385720,610.647598,610.923255,611.164564,611.429057,611.719702,611.964798,612.230072,612.502071,612.774256,613.046678,613.322391,613.608615,613.881524,614.164399,614.449937,614.734595,615.019766,615.320687,615.602525,615.894544,616.190991,616.493565,616.789636,617.092379,617.397573,617.696906,618.004621,618.314163,618.614107,618.943774,619.256210,619.563509,619.891846,620.212682,620.537516,620.863977,621.190989,621.530939,621.857811,622.188382,622.524574,622.872619,623.204036,623.548028,623.893007,624.249061,624.586867,624.948422,625.295830,625.652367,626.011530,626.372209,626.736182,627.102008,627.473224,627.839901,628.211324,628.585851,628.963597,629.343107,629.724650,630.108496,630.495371,630.883912,631.273489,631.668887,632.064252,632.468438,632.867728,633.267929,633.672731,634.082859,634.498588,634.901194,635.321796,635.740173,636.160997,636.583404,637.010278,637.438172,637.867626,638.301342,638.737889,639.176687,639.618191,640.062487,640.511737,640.964413,641.414713,641.869227,642.324214,642.785147,643.247695,643.712842,644.180295,644.652592,645.126825,645.604565,646.083666,646.565521,647.051523,647.539032,648.030495,648.525628,649.020134,649.518605,650.021664,650.527430,651.035831,651.547421,652.062644,652.579557,653.099891,653.623236,654.150834,654.679829,655.211894,655.746935,656.285550,656.827874,657.372758,657.920846,658.471668,659.025864,659.583613,660.144068,660.707644,661.274511,661.844604,662.417536,662.994512,663.574796,664.158033,664.744954,665.334912,665.928341,666.525260,667.125752,667.729460,668.336146,668.946664,669.560638,670.177862,670.798733,671.422877,672.050491,672.681486,673.316344,673.954801,674.596406,675.241710,675.890998,676.543705,677.200113,677.860102,678.523825,679.191441,679.862466,680.537154,681.215686,681.898130,682.584400,683.274987,683.968884,684.666757,685.368303,686.073731,686.783086,687.496130,688.213644,688.934705,689.659644,690.388599,691.121860,691.859124,692.600195,693.345437,694.094916,694.848747,695.606476,696.368236,697.134185,697.904214,698.678754,699.457605,700.240410,701.027585,701.819054,702.614817,703.414965,704.219514,705.028490,705.841861,706.660195,707.483010,708.309683,709.140865,709.976521,710.816922,711.661633,712.511112,713.365071,714.223834,715.087346,715.955270,716.828273,717.705845,718.588022,719.475188,720.367049,721.263681,722.164937,723.071199,723.982482,724.898630,725.819541,726.745718,727.676687,728.612645,729.553888,730.500178,731.451407,732.408112,733.369613,734.336434,735.308658,736.285664,737.268044,738.255659,739.248652,740.246674,741.250366,742.259395,743.273812,744.293676,745.318857,746.349790,747.385938,748.427770,749.475288,750.528458,751.587180,752.651499,753.721565,754.797715,755.879270,756.966574,758.059505,759.158385,760.263153,761.373876,762.490523,763.613068,764.741540,765.876064,767.016667,768.163411,769.316237,770.475172,771.640074,772.811411,773.989035,775.172780,776.362927,777.559294,778.762051,779.971244,781.186818,782.408917,783.637408,784.872439,786.114087,787.362364,788.617201,789.878842,791.147033,792.421834,793.703480,794.991967,796.287291,797.589673,798.898650,800.214830,801.537848,802.867878,804.204957,805.549258,806.900450,808.258894,809.624653,810.997640,812.377906,813.765310,815.160069,816.562248,817.972041,819.389050,820.813585,822.245680,823.685344,825.132630,826.587572,828.050346,829.520747,830.998832,832.484821,833.978636,835.480345,836.989994,838.507470,840.033116,841.566955,843.108765,844.659142,846.217484,847.783811,849.358560,850.941544,852.533024,854.132897,855.741131,857.357860,858.983064,860.616782,862.259269,863.910516,865.570315,867.239010,868.916367,870.602575,872.297815,874.001876,875.714959,877.437077,879.168360,880.908655,882.658039,884.416795,886.184882,887.962369,889.749167,891.545471,893.351120,895.166208,896.990939,898.825218,900.669570,902.523133,904.386627,906.260159,908.143298,910.036419,911.939484,913.852555,915.775708,917.708911,919.652453,921.606089,923.569932,925.544366,927.529110,929.524341,931.530067,933.546416,935.573362,937.610951,939.659272,941.718463,943.788532,945.869453,947.961349,950.064259,952.178160,954.303260,956.439516,958.587037,960.745722,962.915888,965.097608,967.290745,969.495324,971.711868,973.939929,976.179671,978.431047,980.694234,982.969375,985.256403,987.555728,989.866977,992.190362,994.526128,996.874232,999.234545,1001.607189,1003.992304,1006.389982,1008.800331,1011.223405,1013.659345,1016.107855,1018.569199,1021.043479,1023.530764,1026.031116,1028.544605,1031.071672,1033.611803,1036.165113,1038.731834,1041.312117,1043.905866,1046.513374,1049.134431,1051.769519,1054.418165,1057.080712,1059.757249,1062.447811,1065.152717,1067.871593,1070.604790,1073.352273,1076.114270,1078.890722,1081.681625,1084.487440,1087.307675,1090.142688,1092.992564,1095.857624,1098.737696,1101.632675,1104.542693,1107.468033,1110.408616,1113.364942,1116.336381,1119.323364,1122.326088,1125.344395,1128.378483,1131.428430,1134.494317,1137.576223,1140.674229,1143.788509,1146.919110,1150.065902,1153.229049,1156.408771,1159.605082,1162.817994,1166.047730,1169.294485,1172.557979,1175.838478,1179.136259,1182.451081,1185.783101,1189.132558,1192.499449,1195.883782,1199.285789,1202.705507,1206.142776,1209.598004,1213.071178,1216.562495,1220.071828,1223.599398,1227.145241,1230.709472,1234.292180,1237.893455,1241.513385,1245.152094,1248.809606,1252.486046,1256.181406,1259.895971,1263.630179,1267.383312,1271.155754,1274.947632,1278.759119,1282.590299,1286.441201,1290.311968,1294.202659,1298.113384,1302.044245,1305.995482,1309.966878,1313.958687,1317.970922,1322.003897
611.975833,612.231966,612.492550,612.756032,613.025819,613.292444,613.564517,613.828834,614.087011,614.373102,614.654714,614.927868,615.206652,615.489232,615.778023,616.056916,616.342769,616.632794,616.929708,617.215522,617.511152,617.808590,618.108186,618.410054,618.714426,619.013218,619.319354,619.629779,619.930167,620.255556,620.566672,620.872693,621.199691,621.519565,621.842689,622.168170,622.493911,622.832294,623.153447,623.486344,623.821610,624.167760,624.497520,624.839232,625.183234,625.533215,625.876184,626.230604,626.576303,626.937582,627.290356,627.651674,628.010471,628.375154,628.752803,629.109394,629.477515,629.849466,630.217927,630.601977,630.982234,631.363659,631.744939,632.133975,632.521456,632.907327,633.310506,633.700714,634.101177,634.504831,634.901261,635.307614,635.723990,636.134375,636.538693,636.950090,637.368260,637.792195,638.213688,638.639617,639.067039,639.495421,639.928256,640.363754,640.801728,641.242254,641.685255,642.132921,642.586795,643.032578,643.486182,643.940917,644.400398,644.861609,645.325259,645.791077,646.261766,646.734750,647.210807,647.688191,648.168265,648.652511,649.138304,649.627892,650.121227,650.613674,651.110778,651.611247,652.114782,652.621005,653.130222,653.643160,654.158177,654.676196,655.197269,655.722874,656.249294,656.778589,657.311101,657.846939,658.386241,658.928678,659.473843,660.022162,660.573309,661.127988,661.685609,662.246183,662.810008,663.376980,663.947001,664.520216,665.097436,665.677313,666.260679,666.847328,667.436631,668.030323,668.626909,669.226963,669.830286,670.437379,671.046813,671.660173,672.277074,672.897251,673.520739,674.147533,674.778269,675.412319,676.049652,676.690589,677.335293,677.983416,678.635362,679.290621,679.949556,680.612454,681.278653,681.948523,682.621928,683.299356,683.980812,684.665581,685.354649,686.047124,686.743233,687.443201,688.147212,688.854661,689.566265,690.281913,691.001367,691.724342,692.451436,693.182488,693.917764,694.656949,695.400069,696.147665,696.898938,697.654429,698.413836,699.177372,699.945177,700.717256,701.493451,702.273577,703.058313,703.846992,704.640077,705.437423,706.239126,707.045182,707.855719,708.671086,709.490702,710.314240,711.142191,711.974671,712.811533,713.652893,714.498974,715.349651,716.204634,717.064533,717.928781,718.798086,719.671848,720.550235,721.433550,722.321268,723.213820,724.110999,725.013116,725.920201,726.831978,727.748724,728.670307,729.596741,730.528135,731.464930,732.406344,733.352832,734.304714,735.261324,736.223268,737.190331,738.162378,739.139462,740.121808,741.109487,742.102245,743.100432,744.103860,745.112705,746.126868,747.146296,748.171360,749.201674,750.237621,751.279144,752.326138,753.378601,754.436652,755.500374,756.570103,757.645160,758.725776,759.812164,760.904311,762.002285,763.106177,764.215773,765.331267,766.452605,767.579958,768.713221,769.852586,770.997950,772.149301,773.306702,774.470235,775.640062,776.815922,777.998100,779.186410,780.381070,781.581987,782.789242,784.002934,785.222929,786.449375,787.682356,788.921860,790.167841,791.420534,792.679684,793.945352,795.217773,796.496940,797.782850,799.075550,800.375096,801.681577,802.994798,804.314935,805.642080,806.976235,808.317240,809.665397,811.020769,812.383270,813.752947,815.129661,816.513628,817.904912,819.303707,820.709614,822.122942,823.543726,824.971972,826.407735,827.851045,829.302082,830.760636,832.226805,833.700690,835.182330,836.671754,838.169005,839.673973,841.186997,842.708102,844.237063,845.774492,847.319741,848.872982,850.434313,852.003870,853.581972,855.168013,856.762464,858.365290,859.976471,861.596043,863.224264,864.861123,866.506409,868.160467,869.823063,871.494385,873.174613,874.863535,876.561351,878.268075,879.983834,881.708476,883.442093,885.184917,886.936958,888.698290,890.468752,892.248610,894.037678,895.836050,897.643929,899.461218,901.288237,903.124797,904.970829,906.826692,908.692269,910.567563,912.452636,914.347617,916.252513,918.167399,920.092231,922.027248,923.972189,925.927702,927.893309,929.869254,931.855544,933.852306,935.859513,937.877210,939.905485,941.944425,943.994191,946.054600,948.125745,950.207831,952.300830,954.404718,956.519739,958.645795,960.782854,962.931230,965.090961,967.262017,969.444314,971.638312,973.843854,976.060777,978.289223,980.529323,982.781062,985.044773,987.320293,989.607841,991.907230,994.218704,996.542392,998.878420,1001.226370,1003.586621,1005.959252,1008.344287,1010.742062,1013.152318,1015.575087,1018.010508,1020.458644,1022.919597,1025.393436,1027.880221,1030.380270,1032.893443,1035.419481,1037.958737,1040.511363,1043.077262,1045.656585,1048.249542,1050.856194,1053.476207,1056.109922,1058.757410,1061.418761,1064.094234,1066.783477,1069.486837,1072.204280,1074.935903,1077.681928,1080.442277,1083.216943,1086.006387,1088.810116,1091.628497,1094.461851,1097.309731,1100.172728,1103.050493,1105.943230,1108.851102,1111.774431,1114.712680,1117.666203,1120.635153,1123.619702,1126.619690,1129.635315,1132.666656,1135.713790,1138.776797,1141.855861,1144.950845,1148.062106,1151.189408,1154.332916,1157.492850,1160.669221,1163.862042,1167.071616,1170.297894,1173.540840,1176.800730,1180.077559,1183.371368,1186.682218,1190.010383,1193.355757,1196.718448,1200.098672,1203.496414,1206.911563,1210.344510,1213.795349,1217.263955,1220.750520,1224.255160,1227.777908,1231.318880,1234.878163,1238.455846,1242.052018,1245.666801,1249.300220,1252.952300,1256.623325,1260.313288,1264.022723,1267.750911,1271.498237,1275.264825,1279.050849,1282.856393,1286.681483,1290.526262,1294.390789,1298.275174,1302.179518,1306.104059,1310.048581,1314.013336,1317.998336,1322.003897
614.140259,614.386197,614.648721,614.917747,615.189329,615.459035,615.731542,616.014766,616.286310,616.564709,616.846774,617.131950,617.413406,617.699485,617.988566,618.278327,618.566128,618.865844,619.153404,619.447950,619.756796,620.058148,620.362075,620.667227,620.976687,621.282053,621.600316,621.910404,622.224434,622.540976,622.859549,623.181393,623.505592,623.830065,624.167375,624.486669,624.817850,625.152135,625.496687,625.825249,626.164300,626.506993,626.850837,627.196929,627.544856,627.892971,628.252349,628.603058,628.962546,629.319295,629.681830,630.053808,630.412188,630.777830,631.147694,631.512075,631.895461,632.273117,632.651385,633.032857,633.416460,633.802340,634.188886,634.581562,634.975412,635.375848,635.768636,636.167647,636.568800,636.974503,637.388118,637.788760,638.203048,638.614350,639.031634,639.455280,639.876111,640.301006,640.726967,641.155132,641.586552,642.020902,642.457883,642.897450,643.339306,643.785892,644.238147,644.682967,645.135049,645.588685,646.046750,646.506581,646.968789,647.433096,647.902147,648.373822,648.848110,649.323797,649.802246,650.284699,650.768633,651.256548,651.747992,652.238488,652.733499,653.232021,653.733382,654.237141,654.744416,655.254955,655.767669,656.284155,656.802359,657.324746,657.849721,658.376588,658.906558,659.439368,659.976193,660.515864,661.058198,661.603615,662.152050,662.703484,663.258555,663.816158,664.376702,664.940781,665.507600,666.077346,666.651028,667.227874,667.807682,668.391132,668.977398,669.566727,670.159918,670.756263,671.355931,671.959176,672.565323,673.174294,673.787063,674.403380,675.022895,675.645884,676.272142,676.901904,677.535070,678.171527,678.811727,679.455544,680.102726,680.753518,681.407621,682.065633,682.727300,683.392308,684.060849,684.733168,685.409430,686.089384,686.773132,687.460185,688.151084,688.845991,689.544289,690.246371,690.952204,691.662140,692.376189,693.093458,693.814659,694.539790,695.268868,696.002126,696.739095,697.480378,698.225536,698.974694,699.727752,700.484839,701.245884,702.011300,702.780901,703.554429,704.332045,705.113992,705.900029,706.690280,707.484859,708.283604,709.086893,709.894477,710.706821,711.523072,712.343287,713.168140,713.997338,714.830904,715.668924,716.511565,717.358596,718.209999,719.066269,719.926916,720.792378,721.662389,722.536925,723.416176,724.299948,725.188374,726.081452,726.979365,727.882179,728.789591,729.702039,730.619136,731.541058,732.468147,733.400028,734.336756,735.278744,736.225525,737.177190,738.134158,739.096178,740.063113,741.035017,742.012144,742.994597,743.981961,744.974569,745.972521,746.975699,747.984193,748.997919,750.017130,751.041554,752.071622,753.107021,754.147907,755.194201,756.245974,757.303359,758.366676,759.435279,760.509296,761.589041,762.674467,763.765727,764.862658,765.965298,767.073756,768.187965,769.308130,770.434121,771.566128,772.704097,773.847880,774.997676,776.153539,777.315574,778.483665,779.657813,780.838096,782.024644,783.217360,784.416394,785.621648,786.833196,788.051079,789.275483,790.506198,791.743448,792.987142,794.237298,795.493876,796.757113,798.027006,799.303548,800.586787,801.876936,803.173607,804.477083,805.787378,807.104585,808.428705,809.759578,811.097505,812.442549,813.794621,815.153771,816.519857,817.893095,819.273548,820.661411,822.056321,823.458473,824.868014,826.284913,827.709224,829.140977,830.580389,832.027152,833.481426,834.943325,836.412871,837.890090,839.375028,840.867677,842.368059,843.876517,845.392718,846.917273,848.449536,849.989676,851.537790,853.094015,854.658669,856.231264,857.811913,859.400938,860.998198,862.603737,864.217710,865.840368,867.471251,869.110784,870.758731,872.415280,874.080611,875.754492,877.437178,879.128627,880.828985,882.538072,884.256107,885.983091,887.719155,889.464496,891.218777,892.982321,894.754862,896.536735,898.327810,900.128338,901.938371,903.757783,905.586527,907.425043,909.273082,911.130699,912.997953,914.874974,916.761769,918.658410,920.564853,922.481435,924.407600,926.344288,928.290939,930.247734,932.214772,934.192118,936.179758,938.177737,940.186143,942.205062,944.234545,946.274666,948.325393,950.386839,952.459041,954.541974,956.635837,958.740667,960.856295,962.983079,965.120932,967.270195,969.430412,971.602165,973.785090,975.979517,978.185349,980.402539,982.631245,984.871663,987.123764,989.387689,991.663351,993.950862,996.250470,998.562214,1000.885705,1003.221321,1005.569139,1007.929183,1010.301624,1012.686493,1015.083930,1017.493636,1019.915876,1022.350749,1024.798322,1027.258656,1029.731937,1032.218253,1034.717439,1037.229493,1039.754643,1042.293040,1044.844586,1047.409573,1049.987789,1052.579715,1055.184875,1057.803611,1060.436012,1063.082109,1065.742231,1068.415973,1071.103712,1073.805403,1076.521271,1079.251253,1081.995357,1084.754026,1087.526774,1090.313956,1093.115655,1095.932191,1098.763117,1101.609023,1104.469560,1107.344999,1110.235298,1113.140982,1116.061421,1118.997044,1121.947927,1124.914266,1127.895903,1130.893033,1133.905733,1136.934083,1139.978161,1143.038139,1146.113911,1149.205802,1152.313517,1155.437427,1158.577544,1161.733879,1164.906653,1168.096059,1171.301816,1174.524188,1177.763351,1181.019359,1184.292072,1187.581731,1190.888614,1194.212418,1197.553548,1200.911852,1204.287615,1207.680626,1211.091274,1214.519654,1217.965639,1221.429421,1224.911115,1228.410754,1231.928452,1235.464296,1239.018375,1242.590777,1246.181623,1249.790937,1253.418744,1257.065326,1260.730678,1264.415331,1268.118567,1271.840727,1275.582060,1279.342614,1283.122514,1286.921787,1290.740574,1294.578934,1298.436975,1302.314797,1306.212640,1310.130285,1314.067985,1318.025751,1322.003897
616.312735,616.568090,616.852095,617.130874,617.401327,617.677585,617.956127,618.241489,618.521425,618.803200,619.098759,619.377254,619.666361,619.956908,620.257020,620.539221,620.842353,621.140914,621.441295,621.743812,622.048628,622.357022,622.661609,622.978654,623.287583,623.600448,623.915921,624.233231,624.553332,624.876781,625.200157,625.535944,625.853838,626.183455,626.516164,626.859046,627.185566,627.523846,627.864463,628.206800,628.559147,628.897438,629.248759,629.596647,629.949560,630.307542,630.662053,631.022131,631.383662,631.750843,632.113570,632.480190,632.850118,633.221197,633.597513,633.974498,634.354244,634.732752,635.118764,635.503707,635.888547,636.287272,636.674403,637.071629,637.472160,637.864982,638.267388,638.673670,639.085770,639.487506,639.899714,640.314324,640.730134,641.148462,641.569500,641.993268,642.417252,642.845654,643.276339,643.709622,644.145656,644.583900,645.024669,645.470023,645.920574,646.363366,646.815460,647.267821,647.724563,648.182848,648.643629,649.107012,649.574149,650.044114,650.516737,650.990752,651.467231,651.948003,652.430167,652.916463,653.405892,653.894357,654.387267,654.883803,655.383169,655.884821,656.389475,656.897635,657.408559,657.922590,658.438834,658.958408,659.481648,660.005802,660.533281,661.063408,661.597490,662.134244,662.674178,663.217002,663.762395,664.311011,664.862880,665.417734,665.975059,666.536070,667.099850,667.666666,668.236684,668.810250,669.386628,669.966511,670.549571,671.134966,671.724628,672.317226,672.913355,673.512550,674.115274,674.720427,675.329170,675.941575,676.557118,677.176112,677.798116,678.423642,679.052552,679.684801,680.320663,680.959803,681.602452,682.248892,682.898511,683.551694,684.208431,684.868793,685.532672,686.199895,686.870877,687.545836,688.224325,688.906459,689.592187,690.281621,690.974537,691.671381,692.371711,693.075792,693.784163,694.496299,695.211426,695.930676,696.653939,697.381027,698.112079,698.847205,699.586109,700.328965,701.075791,701.826529,702.581126,703.339923,704.102730,704.869825,705.640790,706.415625,707.194908,707.978181,708.765684,709.557392,710.353244,711.153410,711.958311,712.767615,713.580396,714.397522,715.218979,716.044795,716.875069,717.709743,718.548863,719.392270,720.240049,721.092606,721.949836,722.811290,723.677555,724.548090,725.423351,726.303097,727.187435,728.076451,728.970161,729.868602,730.771672,731.679730,732.592364,733.509938,734.432316,735.359480,736.291517,737.228763,738.170618,739.117490,740.069617,741.026374,741.988154,742.954844,743.926859,744.903767,745.885815,746.872958,747.865374,748.862972,749.865771,750.873888,751.887147,752.905814,753.929867,754.959185,755.993933,757.034047,758.079564,759.130943,760.187628,761.249657,762.317117,763.390231,764.468992,765.553422,766.643489,767.739261,768.840606,769.947779,771.060722,772.179474,773.304217,774.434634,775.571051,776.713152,777.861475,779.015652,780.175912,781.342145,782.514474,783.692891,784.877438,786.068217,787.265130,788.468250,789.677634,790.893419,792.115443,793.343913,794.578738,795.819934,797.067463,798.321560,799.582221,800.849439,802.123262,803.403903,804.690971,805.984750,807.285254,808.592575,809.906713,811.227507,812.555351,813.890102,815.231733,816.580414,817.935932,819.298539,820.668188,822.045182,823.429122,824.820202,826.218568,827.624190,829.037119,830.457517,831.885218,833.320255,834.762747,836.212736,837.670266,839.135363,840.608065,842.088416,843.576303,845.072198,846.575727,848.087496,849.606861,851.133991,852.668981,854.211968,855.763269,857.322394,858.889459,860.464782,862.048222,863.639824,865.239740,866.848222,868.464808,870.089924,871.723332,873.365219,875.015761,876.674782,878.342394,880.018685,881.703760,883.397437,885.099935,886.811200,888.531527,890.260945,891.999174,893.746523,895.502761,897.268187,899.042696,900.826497,902.619646,904.422218,906.233737,908.054998,909.885644,911.725729,913.575313,915.434525,917.303370,919.181920,921.070130,922.968336,924.876214,926.794006,928.721848,930.659689,932.607625,934.565722,936.534000,938.512398,940.501108,942.500148,944.509655,946.529635,948.560057,950.601046,952.652635,954.714801,956.787739,958.871433,960.965961,963.071230,965.187554,967.315005,969.453434,971.602887,973.763863,975.935919,978.119216,980.313689,982.519562,984.736927,986.965729,989.206268,991.458496,993.722294,995.997834,998.285481,1000.584960,1002.896170,1005.219384,1007.554691,1009.902110,1012.261975,1014.634027,1017.018295,1019.414916,1021.823953,1024.245509,1026.679641,1029.126419,1031.586155,1034.058708,1036.543817,1039.041834,1041.552908,1044.076942,1046.614085,1049.164545,1051.728382,1054.305261,1056.895520,1059.499229,1062.116476,1064.747521,1067.392006,1070.050280,1072.722305,1075.408178,1078.108120,1080.822050,1083.549959,1086.292306,1089.048599,1091.819203,1094.604434,1097.403847,1100.218030,1103.046679,1105.889856,1108.747862,1111.620837,1114.508623,1117.411241,1120.328903,1123.261802,1126.209780,1129.173032,1132.151633,1135.145662,1138.155196,1141.180313,1144.221185,1147.277857,1150.350196,1153.438364,1156.542580,1159.662853,1162.799195,1165.951826,1169.120937,1172.306249,1175.508023,1178.726435,1181.961540,1185.213194,1188.481735,1191.767154,1195.069460,1198.388881,1201.725346,1205.079111,1208.449965,1211.838297,1215.244201,1218.667548,1222.108532,1225.567264,1229.043778,1232.538188,1236.050580,1239.581042,1243.129693,1246.696558,1250.281756,1253.885279,1257.507409,1261.148581,1264.808003,1268.486277,1272.183306,1275.899334,1279.634413,1283.388664,1287.162114,1290.954905,1294.767092,1298.598785,1302.450084,1306.321226,1310.211993,1314.122636,1318.053166,1322.003897
618.551152,618.827188,619.103299,619.381357,619.664190,619.945129,620.226680,620.510980,620.806082,621.087038,621.378155,621.672573,621.968875,622.265481,622.565378,622.858374,623.159976,623.463769,623.762972,624.077480,624.387360,624.698676,625.010367,625.324712,625.640829,625.961061,626.281843,626.603923,626.938485,627.254874,627.583323,627.914391,628.255815,628.580316,628.917270,629.256487,629.597028,629.952257,630.281410,630.633757,630.979623,631.330740,631.684405,632.039504,632.396855,632.757395,633.131944,633.482512,633.847397,634.215332,634.578382,634.958228,635.333538,635.710054,636.087691,636.468843,636.851861,637.231505,637.625433,638.015415,638.413927,638.803326,639.199145,639.596887,639.998692,640.409522,640.806269,641.216804,641.623510,642.037590,642.457539,642.873698,643.294982,643.717333,644.140546,644.568114,644.997742,645.430120,645.865054,646.302213,646.741840,647.186455,647.636707,648.076726,648.528577,648.978411,649.433846,649.890831,650.349434,650.812030,651.277546,651.745753,652.217055,652.689318,653.163928,653.643060,654.123476,654.607837,655.095606,655.582224,656.072888,656.567254,657.064715,657.564182,658.067436,658.572434,659.080783,659.592944,660.106898,660.624039,661.144670,661.666367,662.191584,662.719192,663.250459,663.784639,664.321792,664.861494,665.404419,665.950127,666.498763,667.050706,667.605255,668.162800,668.724085,669.287524,669.853915,670.424260,670.997513,671.573734,672.153613,672.736009,673.321031,673.910391,674.502811,675.098647,675.697536,676.299157,676.903627,677.511886,678.123770,678.738562,679.356630,679.977809,680.602562,681.230585,681.862056,682.496828,683.134979,683.776774,684.421958,685.070328,685.722426,686.378193,687.037065,687.699649,688.365550,689.035509,689.708980,690.386013,691.066556,691.750736,692.438236,693.129791,693.824705,694.523203,695.225920,695.932418,696.642092,697.355544,698.072782,698.794009,699.519060,700.248127,700.980816,701.717551,702.458079,703.202595,703.950891,704.703185,705.459388,706.219821,706.984237,707.752469,708.524761,709.301211,710.081631,710.866380,711.655091,712.448099,713.245561,714.047178,714.853176,715.662781,716.476612,717.294849,718.117387,718.944138,719.775490,720.610920,721.450766,722.294929,723.143852,723.997277,724.854956,725.717319,726.584087,727.455200,728.330888,729.211173,730.095901,730.985401,731.879653,732.778394,733.681944,734.590290,735.503233,736.420912,737.343458,738.270923,739.203155,740.140272,741.082087,742.029338,742.980940,743.937565,744.899322,745.865852,746.837384,747.814035,748.795766,749.782605,750.774598,751.771649,752.774001,753.781567,754.794311,755.812389,756.835743,757.864338,758.898257,759.937493,760.982580,762.032903,763.088424,764.149338,765.215828,766.287976,767.365532,768.448764,769.537608,770.631991,771.732032,772.837818,773.949300,775.066751,776.189767,777.318698,778.453243,779.593924,780.740375,781.892828,783.051218,784.215528,785.385889,786.562360,787.744849,788.933451,790.128175,791.329076,792.536293,793.749709,794.969384,796.195380,797.427656,798.666131,799.911172,801.162643,802.420581,803.685191,804.956208,806.233686,807.517851,808.808612,810.106112,811.410304,812.721072,814.038795,815.363329,816.694645,818.032915,819.377923,820.729921,822.088915,823.455050,824.828084,826.208157,827.595415,828.989826,830.391442,831.800484,833.216606,834.640019,836.070782,837.508938,838.954527,840.407578,841.868126,843.336215,844.811732,846.295147,847.786087,849.285158,850.791713,852.305921,853.827886,855.357717,856.895758,858.441509,859.995084,861.556802,863.126521,864.704285,866.290246,867.884656,869.487049,871.097854,872.716830,874.344166,875.979985,877.624259,879.276952,880.938202,882.608110,884.286496,885.973577,887.669299,889.374142,891.087576,892.809879,894.540977,896.281226,898.030336,899.788398,901.555620,903.332057,905.117783,906.912380,908.716468,910.529864,912.352563,914.184623,916.026173,917.877216,919.737826,921.607956,923.487940,925.377455,927.276655,929.185934,931.104981,933.034037,934.972992,936.921970,938.881059,940.850243,942.829609,944.819240,946.819296,948.829592,950.850302,952.881378,954.923040,956.975180,959.038038,961.111515,963.195575,965.290533,967.396458,969.513209,971.640811,973.779780,975.929668,978.090634,980.262616,982.445847,984.640277,986.846234,989.063554,991.292454,993.532745,995.784667,998.048440,1000.323910,1002.610935,1004.909799,1007.220577,1009.543292,1011.878276,1014.225102,1016.584304,1018.955511,1021.338955,1023.734733,1026.142913,1028.563552,1030.996906,1033.442852,1035.901431,1038.372571,1040.856499,1043.353363,1045.863065,1048.385894,1050.921739,1053.470774,1056.032828,1058.608137,1061.196790,1063.798817,1066.414544,1069.043565,1071.686256,1074.342570,1077.012731,1079.696663,1082.394403,1085.106362,1087.832063,1090.571860,1093.325833,1096.094302,1098.876818,1101.673968,1104.485402,1107.311321,1110.151886,1113.007418,1115.877376,1118.762112,1121.661778,1124.576541,1127.506242,1130.451075,1133.411115,1136.386440,1139.377126,1142.383218,1145.404987,1148.442378,1151.495288,1154.563881,1157.648374,1160.748776,1163.865099,1166.997641,1170.146352,1173.311193,1176.492438,1179.690081,1182.904160,1186.134733,1189.382038,1192.646068,1195.926828,1199.224547,1202.539158,1205.870803,1209.219581,1212.585579,1215.968989,1219.369682,1222.787850,1226.223606,1229.676982,1233.148089,1236.637016,1240.143847,1243.668703,1247.211607,1250.772678,1254.351906,1257.949575,1261.566116,1265.200738,1268.854043,1272.525932,1276.216650,1279.926245,1283.654842,1287.402481,1291.169253,1294.955264,1298.760606,1302.585377,1306.429816,1310.293703,1314.177288,1318.080582,1322.003897
620.845705,621.123525,621.401647,621.694344,621.968005,622.256241,622.539582,622.838611,623.119175,623.413822,623.714039,624.010533,624.309580,624.610720,624.915235,625.204916,625.524921,625.833782,626.134126,626.454668,626.767756,627.082827,627.401799,627.721300,628.042146,628.365055,628.693991,629.017542,629.347347,629.687155,630.010400,630.344908,630.682819,631.021897,631.375629,631.702815,632.053565,632.397393,632.746912,633.098611,633.451774,633.807226,634.165822,634.538661,634.888262,635.249709,635.615329,635.974722,636.353725,636.726651,637.100184,637.476175,637.853269,638.236341,638.618393,639.004296,639.396450,639.780637,640.171489,640.571988,640.961352,641.360415,641.762995,642.171889,642.569937,642.977983,643.384172,643.797612,644.216544,644.632686,645.052130,645.473457,645.896944,646.322326,646.751409,647.182810,647.616362,648.052545,648.493335,648.937507,649.378856,649.824752,650.269436,650.721256,651.175238,651.630771,652.087628,652.549044,653.012825,653.479614,653.949084,654.419662,654.892586,655.370092,655.848744,656.330943,656.817048,657.301535,657.790377,658.282681,658.777963,659.275660,659.776265,660.279315,660.785948,661.294987,661.806831,662.321534,662.839890,663.359506,663.882050,664.406807,664.935408,665.466614,666.001124,666.538145,667.078209,667.621252,668.166596,668.715903,669.267320,669.822106,670.379846,670.940444,671.503726,672.070465,672.640409,673.213111,673.789565,674.368672,674.950348,675.535823,676.124454,676.716688,677.311843,677.909623,678.510669,679.114876,679.722723,680.333544,680.947521,681.564551,682.185063,682.808880,683.435952,684.066518,684.700203,685.337588,685.978112,686.622093,687.269493,687.920348,688.574668,689.232374,689.893424,690.558393,691.226782,691.898636,692.574122,693.252956,693.935346,694.621436,695.310999,696.004290,696.701433,697.402079,698.106621,698.814230,699.525730,700.240971,700.959959,701.683255,702.409903,703.140449,703.874871,704.613000,705.355171,706.101065,706.850844,707.604618,708.362495,709.124094,709.889546,710.659329,711.432931,712.210511,712.992433,713.778139,714.568374,715.362865,716.161517,716.963898,717.770401,718.581061,719.395874,720.214953,721.038381,721.866132,722.698014,723.534256,724.375044,725.220028,726.069610,726.923748,727.781955,728.644745,729.511820,730.383510,731.259512,732.140155,733.025504,733.915383,734.809820,735.709007,736.612675,737.521016,738.434218,739.352013,740.274691,741.202110,742.134350,743.071222,744.013468,744.960022,745.911621,746.868077,747.829294,748.795489,749.766788,750.742983,751.724289,752.710671,753.702135,754.698673,755.700477,756.707329,757.719367,758.736694,759.759188,760.786933,761.819923,762.858879,763.902623,764.951680,766.006054,767.065975,768.131390,769.202182,770.278649,771.360516,772.447895,773.540866,774.639505,775.743856,776.853910,777.969544,779.090998,780.218074,781.351077,782.489914,783.634495,784.785020,785.941382,787.103777,788.272071,789.446362,790.626713,791.813066,793.005538,794.204173,795.409007,796.619933,797.837133,799.060402,800.290029,801.526010,802.768331,804.017030,805.272311,806.533909,807.801875,809.076437,810.357503,811.645214,812.939525,814.240411,815.548043,816.862341,818.183398,819.511311,820.845866,822.187315,823.535660,824.891050,826.253239,827.622367,828.998580,830.381846,831.772217,833.169911,834.574583,835.986442,837.405549,838.831944,840.265667,841.706747,843.155219,844.611125,846.074351,847.545369,849.023816,850.510257,852.004196,853.505461,855.014484,856.531422,858.056125,859.588594,861.128773,862.676982,864.233076,865.797101,867.369207,868.949644,870.537925,872.134545,873.739195,875.352085,876.973339,878.602934,880.240813,881.887133,883.541868,885.205200,886.876979,888.557297,890.246597,891.944408,893.650808,895.366000,897.090190,898.823113,900.564857,902.315632,904.075490,905.844299,907.622260,909.409372,911.205590,913.011110,914.825789,916.649799,918.483211,920.326029,922.178228,924.040142,925.911442,927.792219,929.683083,931.583495,933.493773,935.413805,937.343717,939.283594,941.233419,943.193279,945.163257,947.143522,949.133854,951.134462,953.145285,955.166541,957.198123,959.240224,961.292880,963.355920,965.429700,967.514130,969.609457,971.715502,973.832516,975.960580,978.099379,980.249103,982.409880,984.581753,986.764863,988.959235,991.165020,993.382028,995.610472,997.850654,1000.102335,1002.365401,1004.640135,1006.926610,1009.224848,1011.535020,1013.857152,1016.191384,1018.537477,1020.895501,1023.265746,1025.648212,1028.042958,1030.450049,1032.869924,1035.302063,1037.746578,1040.203696,1042.673565,1045.156085,1047.651511,1050.159729,1052.680947,1055.215232,1057.762412,1060.322723,1062.896253,1065.483260,1068.083385,1070.696905,1073.323990,1075.964526,1078.618801,1081.286734,1083.968314,1086.663999,1089.373294,1092.096563,1094.833856,1097.585521,1100.351373,1103.131300,1105.925434,1108.734050,1111.557069,1114.394985,1117.247164,1120.114033,1122.995668,1125.892261,1128.803651,1131.730031,1134.671478,1137.628066,1140.599874,1143.587070,1146.589546,1149.607624,1152.641078,1155.690067,1158.754809,1161.835313,1164.931588,1168.043935,1171.172301,1174.316646,1177.477246,1180.654091,1183.847219,1187.056689,1190.282770,1193.525355,1196.784549,1200.060563,1203.353381,1206.662888,1209.989472,1213.333118,1216.694017,1220.072040,1223.467404,1226.880141,1230.310363,1233.758155,1237.223602,1240.706790,1244.207839,1247.726770,1251.263702,1254.818625,1258.391822,1261.983724,1265.593537,1269.221864,1272.868606,1276.534006,1280.218112,1283.921048,1287.642854,1291.383619,1295.143449,1298.922437,1302.720678,1306.538411,1310.375415,1314.231941,1318.107997,1322.003897
623.175448,623.461434,623.743315,624.033374,624.323851,624.619279,624.911197,625.208364,625.497648,625.795415,626.095451,626.399617,626.698225,627.010611,627.314922,627.614109,627.933516,628.245542,628.559362,628.878882,629.195457,629.515059,629.836604,630.164264,630.486362,630.814763,631.153634,631.474760,631.807841,632.144205,632.481407,632.833908,633.159183,633.512982,633.850845,634.198045,634.547857,634.899297,635.252666,635.609428,635.976069,636.327866,636.687342,637.050488,637.407544,637.783546,638.154310,638.526430,638.899751,639.274513,639.655742,640.035038,640.411981,640.807442,641.189947,641.585688,641.974523,642.364354,642.758817,643.157074,643.564635,643.957705,644.364766,644.766932,645.177552,645.593719,646.006353,646.423173,646.842108,647.260941,647.684152,648.109396,648.537289,648.967578,649.400294,649.835115,650.274479,650.719987,651.156384,651.602190,652.046308,652.496095,652.948508,653.402618,653.858113,654.318196,654.780318,655.245380,655.713118,656.182140,656.653612,657.129070,657.605945,658.086333,658.570457,659.053109,659.539848,660.030139,660.523354,661.019030,661.517277,662.018268,662.522428,663.029156,663.538772,664.050916,664.567433,665.084380,665.604011,666.126770,666.652489,667.180866,667.712736,668.247121,668.784268,669.324456,669.866957,670.412869,670.961630,671.513262,672.067882,672.625323,673.185760,673.748920,674.315520,674.885263,675.457756,676.033796,676.612233,677.193471,677.778765,678.367075,678.958587,679.552925,680.150311,680.750567,681.354172,681.961131,682.571050,683.184206,683.800388,684.420038,685.042985,685.669125,686.298336,686.931348,687.567399,688.207038,688.849691,689.495765,690.145242,690.798203,691.454682,692.114628,692.778015,693.444781,694.115250,694.789047,695.466270,696.146828,696.831227,697.519374,698.210901,698.905848,699.604603,700.307207,701.012685,701.722221,702.435395,703.152470,703.873342,704.597781,705.326072,706.058147,706.794087,707.533767,708.277069,709.024362,709.775610,710.530756,711.289763,712.052514,712.819474,713.590198,714.365213,715.143952,715.926906,716.714136,717.505381,718.300839,719.100029,719.903030,720.710680,721.522068,722.337853,723.157704,723.981945,724.810232,725.642818,726.479992,727.321358,728.167220,729.017246,729.871535,730.730350,731.593404,732.460986,733.332834,734.209323,735.090380,735.976109,736.866113,737.760666,738.659768,739.563672,740.472184,741.385239,742.303179,743.225873,744.153094,745.085406,746.022278,746.963710,747.910329,748.861404,749.817363,750.778189,751.744068,752.714814,753.690566,754.671262,755.657123,756.647937,757.643806,758.644832,759.650941,760.662227,761.678602,762.700176,763.727304,764.759567,765.796924,766.839521,767.887362,768.940763,769.999414,771.063451,772.133089,773.208052,774.288434,775.374367,776.465918,777.563015,778.665744,779.774143,780.888062,782.007616,783.133017,784.264155,785.401039,786.543675,787.692114,788.846504,790.006710,791.172832,792.344955,793.522940,794.706999,795.897179,797.093370,798.295625,799.504063,800.718484,801.939176,803.166132,804.399346,805.639020,806.884839,808.137058,809.395557,810.660561,811.932035,813.209948,814.494324,815.785386,817.082999,818.387184,819.698156,821.015644,822.339802,823.670757,825.008512,826.353214,827.704618,829.062863,830.428094,831.800279,833.179473,834.565891,835.959150,837.359546,838.767066,840.181771,841.603702,843.032885,844.469355,845.913154,847.364168,848.822867,850.288889,851.762864,853.244094,854.732608,856.228772,857.732740,859.244362,860.763639,862.290514,863.825306,865.367871,866.918310,868.476656,870.043163,871.617471,873.199969,874.790396,876.388945,877.995739,879.610756,881.233937,882.865439,884.505234,886.153503,887.810098,889.475108,891.148977,892.831175,894.521951,896.221335,897.929591,899.646453,901.372008,903.106464,904.849874,906.602105,908.363331,910.133576,911.912872,913.701286,915.498725,917.305359,919.121261,920.946432,922.780848,924.624841,926.478179,928.340892,930.213185,932.095132,933.986775,935.888044,937.799050,939.719912,941.650508,943.591028,945.541585,947.502089,949.472704,951.453383,953.444128,955.445156,957.456358,959.477928,961.509847,963.552190,965.604863,967.668177,969.742202,971.826788,973.922051,976.028475,978.145341,980.272972,982.411501,984.560951,986.721482,988.893112,991.075882,993.269927,995.475122,997.691674,999.919801,1002.159346,1004.410169,1006.672564,1008.946551,1011.232212,1013.529858,1015.839226,1018.160345,1020.493347,1022.838294,1025.195285,1027.564378,1029.945637,1032.339313,1034.745344,1037.163584,1039.594143,1042.037270,1044.492863,1046.961069,1049.442095,1051.935826,1054.442436,1056.961751,1059.494008,1062.039293,1064.597633,1067.169355,1069.754050,1072.352092,1074.963434,1077.588296,1080.226514,1082.878389,1085.543782,1088.223150,1090.915997,1093.622686,1096.343534,1099.078090,1101.826940,1104.589734,1107.366669,1110.157905,1112.963762,1115.783697,1118.618061,1121.467003,1124.330689,1127.208959,1130.102004,1133.009899,1135.932719,1138.870540,1141.823470,1144.791580,1147.775012,1150.773596,1153.787494,1156.816920,1159.861884,1162.922392,1165.998664,1169.090889,1172.198785,1175.322610,1178.462538,1181.618622,1184.790716,1187.979060,1191.183928,1194.405015,1197.642721,1200.896894,1204.167813,1207.455266,1210.759638,1214.081022,1217.419287,1220.774623,1224.147140,1227.536870,1230.943923,1234.368384,1237.810338,1241.269871,1244.747099,1248.242046,1251.754828,1255.285436,1258.834151,1262.401403,1265.986400,1269.589741,1273.211327,1276.851402,1280.510046,1284.187282,1287.883249,1291.598002,1295.331648,1299.084277,1302.855986,1306.647010,1310.457130,1314.286595,1318.135413,1322.003897
625.563876,625.841833,626.135186,626.429961,626.723930,627.018672,627.316931,627.615239,627.910028,628.218772,628.523977,628.829934,629.138077,629.447402,629.758375,630.070746,630.387892,630.704657,631.033786,631.343210,631.669713,631.990722,632.317179,632.655460,632.974642,633.306079,633.640859,633.976354,634.322415,634.650773,634.998423,635.339493,635.684342,636.032130,636.381979,636.733486,637.088753,637.453359,637.803183,638.160605,638.521442,638.884978,639.248777,639.619062,639.989785,640.360566,640.732148,641.109722,641.487589,641.862116,642.251162,642.636374,643.025586,643.409291,643.803063,644.192687,644.588440,644.987469,645.393138,645.787575,646.192035,646.594185,647.003817,647.419314,647.831308,648.246826,648.664159,649.083251,649.504548,649.928977,650.355753,650.785081,651.216558,651.650218,652.087663,652.531704,652.966368,653.411017,653.855096,654.303620,654.754334,655.206916,655.661045,656.119601,656.580164,657.043422,657.509650,657.976975,658.447322,658.920176,659.395478,659.873921,660.356010,660.836518,661.321595,661.809920,662.301243,662.794605,663.290650,663.789458,664.291221,664.795172,665.302895,665.812787,666.327016,666.841481,667.358809,667.879026,668.401809,668.927563,669.456459,669.988094,670.522617,671.059983,671.599970,672.142745,672.688402,673.236976,673.788384,674.343096,674.900369,675.460064,676.023282,676.589865,677.158636,677.731324,678.306645,678.884508,679.465696,680.050433,680.638018,681.228955,681.822635,682.418984,683.018493,683.621534,684.227573,684.836534,685.448749,686.064197,686.682719,687.304763,687.929677,688.558247,689.189933,689.824887,690.463053,691.104545,691.749290,692.397620,693.049252,693.704505,694.362803,695.024585,695.690256,696.358621,697.030731,697.706251,698.385392,699.068117,699.754339,700.443752,701.136784,701.833948,702.533946,703.237655,703.945028,704.656422,705.371267,706.089725,706.811953,707.537940,708.267607,709.001181,709.738329,710.479165,711.223880,711.972549,712.724999,713.481298,714.241248,715.005458,715.773465,716.545375,717.321270,718.101161,718.885472,719.673643,720.465778,721.261580,722.061697,722.865539,723.673744,724.485952,725.302436,726.123000,726.947765,727.776664,728.610099,729.447922,730.289693,731.135892,731.986371,732.841070,733.700079,734.563483,735.431223,736.303402,737.180318,738.061448,738.947142,739.837221,740.731913,741.631163,742.534955,743.443472,744.356580,745.274359,746.196742,747.123966,748.055808,748.992451,749.933523,750.879454,751.830152,752.785643,753.746028,754.711314,755.681512,756.656589,757.636892,758.621915,759.611954,760.607004,761.607239,762.612409,763.622684,764.638092,765.659015,766.684930,767.715904,768.751902,769.793407,770.840164,771.892142,772.949508,774.012297,775.080324,776.153736,777.232671,778.317106,779.407071,780.502416,781.603451,782.709960,783.822009,784.939916,786.063351,787.192449,788.327264,789.467868,790.614212,791.766356,792.924334,794.088231,795.257892,796.433626,797.615278,798.802915,799.996526,801.196236,802.401801,803.613636,804.831607,806.055748,807.286262,808.522832,809.765715,811.014789,812.270277,813.532146,814.800363,816.075046,817.356209,818.643809,819.937902,821.238718,822.545956,823.859770,825.180286,826.507507,827.841475,829.182256,830.529678,831.883988,833.245154,834.613229,835.988431,837.370423,838.759351,840.155353,841.558438,842.968647,844.386005,845.810547,847.242315,848.681192,850.127650,851.581325,853.042846,854.511517,855.987363,857.470751,858.961835,860.460464,861.966636,863.480297,865.001763,866.530891,868.067779,869.612463,871.165193,872.725594,874.294101,875.870406,877.454716,879.047155,880.647699,882.256288,883.873079,885.498044,887.131363,888.772886,890.422755,892.081257,893.748016,895.423230,897.106927,898.799358,900.500294,902.209785,903.928062,905.655140,907.390922,909.135676,910.889107,912.651565,914.423009,916.203344,917.992744,919.791276,921.598943,923.415720,925.241859,927.077364,928.922048,930.776134,932.639755,934.512931,936.395594,938.287852,940.189824,942.101387,944.022731,945.953967,947.894954,949.846009,951.806929,953.777767,955.758741,957.749740,959.750888,961.762371,963.784058,965.815923,967.858276,969.911185,971.974501,974.048338,976.132972,978.228307,980.334040,982.450512,984.577769,986.715814,988.865051,991.025061,993.196242,995.378409,997.571768,999.776536,1001.992555,1004.219686,1006.458198,1008.708177,1010.969637,1013.242792,1015.527536,1017.824138,1020.132314,1022.452133,1024.783882,1027.127562,1029.483228,1031.851015,1034.231151,1036.623322,1039.027571,1041.444122,1043.873122,1046.314469,1048.768418,1051.234954,1053.713978,1056.205861,1058.710328,1061.227613,1063.757804,1066.301155,1068.857306,1071.426534,1074.009006,1076.604606,1079.213623,1081.835971,1084.471640,1087.121086,1089.783811,1092.460178,1095.150237,1097.854333,1100.572278,1103.303839,1106.049483,1108.809202,1111.582953,1114.371256,1117.173505,1119.990040,1122.821018,1125.666604,1128.526634,1131.401301,1134.290678,1137.194839,1140.113860,1143.047782,1145.996874,1148.961079,1151.940292,1154.934674,1157.944440,1160.969597,1164.010153,1167.066406,1170.138303,1173.225802,1176.329082,1179.448316,1182.583554,1185.734651,1188.901942,1192.085414,1195.285074,1198.501146,1201.733556,1204.982558,1208.247938,1211.530080,1214.829077,1218.144797,1221.477429,1224.827084,1228.193791,1231.577661,1234.978778,1238.397225,1241.833089,1245.286485,1248.757436,1252.246057,1255.752339,1259.276561,1262.819155,1266.379434,1269.957673,1273.554097,1277.168839,1280.801981,1284.453544,1288.123667,1291.812404,1295.519861,1299.246128,1302.991300,1306.755614,1310.538848,1314.341250,1318.162830,1322.003897
627.995884,628.281608,628.576072,628.871955,629.172682,629.468145,629.776020,630.077528,630.371055,630.688338,630.995489,631.306570,631.619427,631.932472,632.249235,632.577125,632.885334,633.206669,633.530241,633.855303,634.179098,634.509824,634.840134,635.173097,635.512205,635.842685,636.181330,636.524047,636.863305,637.206434,637.552383,637.900487,638.250208,638.603613,638.966358,639.314184,639.669683,640.028438,640.389796,640.754301,641.119638,641.487876,641.856989,642.227320,642.601217,642.976412,643.354445,643.735116,644.123728,644.500405,644.888643,645.280688,645.663493,646.056841,646.453730,646.855983,647.245564,647.649079,648.047484,648.454382,648.866581,649.275990,649.688300,650.103487,650.518044,650.937537,651.357962,651.781519,652.207271,652.635512,653.065600,653.500872,653.935992,654.375941,654.810842,655.251339,655.696468,656.143643,656.592895,657.043892,657.496705,657.953629,658.412660,658.874310,659.338829,659.804418,660.273252,660.744078,661.217581,661.694110,662.174185,662.652717,663.136017,663.622420,664.111509,664.602590,665.096607,665.593036,666.093091,666.594189,667.099805,667.607237,668.118128,668.630947,669.146037,669.663564,670.183767,670.706830,671.233046,671.761819,672.293574,672.828047,673.365419,673.904887,674.447844,674.993291,675.541793,676.093521,676.647238,677.204189,677.763602,678.327106,678.892803,679.461465,680.033649,680.608158,681.185435,681.766541,682.350492,682.937759,683.527744,684.120556,684.715706,685.314927,685.917089,686.522103,687.130342,687.741354,688.355863,688.973693,689.594346,690.218401,690.845663,691.476281,692.109920,692.746750,693.386923,694.030371,694.677491,695.327879,695.981455,696.638180,697.298330,697.962290,698.629133,699.299441,699.973364,700.650925,701.331614,702.015897,702.703401,703.394689,704.089713,704.787573,705.489240,706.194734,706.903528,707.616319,708.332520,709.052443,709.776216,710.503379,711.234572,711.969030,712.707344,713.449463,714.195505,714.945293,715.698606,716.456125,717.217275,717.982424,718.751370,719.524395,720.301458,721.082401,721.867441,722.656335,723.449107,724.245521,725.046038,725.850832,726.659567,727.472600,728.289531,729.110667,729.935880,730.765671,731.599556,732.437497,733.279756,734.126283,734.976907,735.831863,736.691123,737.554721,738.422904,739.295322,740.172055,741.053225,741.938822,742.828993,743.723568,744.622687,745.526470,746.434872,747.347704,748.265300,749.187590,750.114456,751.045745,751.981645,752.922361,753.867869,754.817868,755.772824,756.732616,757.697229,758.666849,759.641289,760.620660,761.604794,762.593977,763.588223,764.587361,765.591587,766.600814,767.615545,768.635068,769.659663,770.689277,771.724279,772.764358,773.809656,774.860423,775.916249,776.977417,778.043875,779.115778,780.193078,781.275852,782.364069,783.457678,784.556834,785.661339,786.771682,787.887475,789.008851,790.135933,791.268593,792.406979,793.551085,794.700998,795.856627,797.018083,798.185392,799.358638,800.537707,801.722706,802.913720,804.110504,805.313475,806.522495,807.737759,808.958990,810.186525,811.419937,812.659626,813.905640,815.157962,816.416513,817.681455,818.952786,820.230463,821.514542,822.805252,824.102291,825.405812,826.715942,828.032684,829.356078,830.686189,832.022845,833.366293,834.716504,836.073529,837.437585,838.808307,840.185882,841.570432,842.961966,844.360521,845.766125,847.178811,848.598620,850.025435,851.459741,852.901131,854.350278,855.806468,857.269728,858.740422,860.218705,861.704425,863.197580,864.698114,866.206343,867.722123,869.245555,870.776667,872.315634,873.862321,875.416918,876.979200,878.549372,880.127557,881.713731,883.307833,884.910020,886.520262,888.138739,889.765301,891.400088,893.043334,894.694824,896.354592,898.022720,899.699458,901.384578,903.078126,904.780336,906.491220,908.210681,909.938987,911.675840,913.421592,915.176198,916.939567,918.711867,920.493169,922.283472,924.082836,925.891260,927.708999,929.535780,931.371740,933.217271,935.072134,936.936344,938.810009,940.693248,942.585937,944.488265,946.400311,948.322028,950.253648,952.194965,954.146066,956.107075,958.078125,960.059102,962.050203,964.051458,966.062695,968.084269,970.116123,972.158384,974.211002,976.274171,978.348103,980.432131,982.526742,984.631961,986.747894,988.874745,991.012222,993.160668,995.320122,997.490468,999.672115,1001.864601,1004.068468,1006.283340,1008.509506,1010.746985,1012.995860,1015.256438,1017.528457,1019.811941,1022.107024,1024.413766,1026.732263,1029.062571,1031.404755,1033.759063,1036.125532,1038.503714,1040.894018,1043.296591,1045.711329,1048.138379,1050.577946,1053.029913,1055.494452,1057.971388,1060.460957,1062.963242,1065.478271,1068.006367,1070.547120,1073.100903,1075.667667,1078.247632,1080.840639,1083.446961,1086.066485,1088.699657,1091.345980,1094.005816,1096.679478,1099.366516,1102.067513,1104.782117,1107.510526,1110.252895,1113.009544,1115.779903,1118.564397,1121.363099,1124.176079,1127.003529,1129.845286,1132.701540,1135.572365,1138.457835,1141.358024,1144.273100,1147.202951,1150.147899,1153.107712,1156.082549,1159.072626,1162.077949,1165.098525,1168.134652,1171.186275,1174.253353,1177.336156,1180.434676,1183.548946,1186.679025,1189.825144,1192.987294,1196.165479,1199.359922,1202.570556,1205.797616,1209.040903,1212.300797,1215.577389,1218.870547,1222.180459,1225.507236,1228.850905,1232.211577,1235.589335,1238.984263,1242.396445,1245.825997,1249.272939,1252.737389,1256.219334,1259.719054,1263.236980,1266.772423,1270.325660,1273.896913,1277.486317,1281.093950,1284.719834,1288.364108,1292.026824,1295.708088,1299.407989,1303.126622,1306.864222,1310.620567,1314.395906,1318.190246,1322.003897
630.464438,630.754749,631.060609,631.362261,631.665644,631.969888,632.274273,632.580965,632.890474,633.201813,633.514556,633.829666,634.145017,634.467336,634.782915,635.105401,635.429270,635.750970,636.080824,636.409730,636.741340,637.078847,637.407583,637.744207,638.079831,638.423156,638.764635,639.108833,639.455204,639.803351,640.153932,640.515574,640.861670,641.214862,641.571696,641.930897,642.293151,642.655868,643.022662,643.389964,643.757535,644.128759,644.503378,644.877415,645.255127,645.641188,646.016492,646.402315,646.789717,647.173549,647.562047,647.954499,648.355869,648.750150,649.142810,649.543858,649.946923,650.351671,650.759596,651.168353,651.579226,651.992391,652.406503,652.824534,653.244579,653.666946,654.091898,654.518920,654.947959,655.381475,655.820864,656.250893,656.690883,657.128094,657.570881,658.016997,658.464271,658.912959,659.365916,659.820930,660.279005,660.739334,661.200701,661.663784,662.131907,662.600939,663.072428,663.547034,664.025220,664.501724,664.983438,665.467328,665.954528,666.443804,666.935299,667.429629,667.927223,668.426046,668.929129,669.434357,669.942722,670.453403,670.966063,671.480892,671.998602,672.518894,673.042557,673.568491,674.097407,674.629026,675.163568,675.700209,676.240191,676.782591,677.328016,677.876604,678.427337,678.980947,679.537232,680.097180,680.659707,681.224908,681.793623,682.365001,682.938460,683.515557,684.096153,684.679861,685.266032,685.854998,686.446745,687.041619,687.639877,688.240923,688.845017,689.452024,690.062426,690.675959,691.292376,691.912144,692.535043,693.161238,693.790381,694.422623,695.058195,695.696927,696.339389,696.985235,697.633956,698.285629,698.940937,699.599709,700.261664,700.926743,701.595549,702.267889,702.943358,703.622187,704.304468,704.989943,705.679310,706.372060,707.067953,707.767836,708.470878,709.177494,709.887973,710.601925,711.319601,712.040867,712.765747,713.494070,714.226046,714.961712,715.701307,716.444673,717.191735,717.942253,718.696864,719.455212,720.217409,720.983374,721.753500,722.527574,723.305352,724.087099,724.872556,725.662034,726.455085,727.252318,728.053557,728.858835,729.668271,730.481602,731.299047,732.120946,732.946697,733.776574,734.610853,735.449166,736.291518,737.138065,737.988960,738.843980,739.703556,740.567312,741.435393,742.307760,743.184445,744.065684,744.951146,745.841071,746.735678,747.634657,748.538157,749.446200,750.358892,751.276218,752.197844,753.124013,754.054729,754.990083,755.930278,756.875046,757.824540,758.778792,759.737921,760.701806,761.670642,762.644219,763.622516,764.605821,765.594083,766.587233,767.585314,768.588696,769.596866,770.610082,771.628301,772.651513,773.679953,774.713444,775.752201,776.796120,777.845148,778.899421,779.958978,781.023874,782.094050,783.169634,784.250592,785.336897,786.428658,787.525691,788.628533,789.736656,790.850330,791.969632,793.094435,794.224884,795.360999,796.502793,797.650239,798.803497,799.962417,801.127249,802.297817,803.474234,804.656583,805.844619,807.038757,808.238861,809.445124,810.657268,811.875630,813.099783,814.330161,815.566766,816.809509,818.058545,819.313768,820.575240,821.843040,823.117275,824.397804,825.684693,826.977973,828.277820,829.584083,830.896957,832.216453,833.542400,834.875044,836.214355,837.560571,838.913347,840.272878,841.639165,843.012328,844.392376,845.779346,847.173264,848.574163,849.982084,851.396910,852.819124,854.248425,855.685391,857.128954,858.579706,860.037956,861.503351,862.976244,864.456522,865.943958,867.439038,868.941559,870.451622,871.969256,873.494632,875.027618,876.568401,878.116756,879.672888,881.236962,882.808824,884.388523,885.976227,887.571852,889.175595,890.787303,892.407143,894.035274,895.671553,897.315989,898.968663,900.629827,902.299245,903.976975,905.663239,907.358052,909.061318,910.773239,912.493762,914.222879,915.960656,917.707314,919.462650,921.226834,922.999934,924.781940,926.572873,928.372988,930.182006,932.000078,933.827581,935.664294,937.510186,939.365411,941.230002,943.104043,944.987512,946.880559,948.783135,950.695471,952.617278,954.548893,956.490186,958.441374,960.402345,962.373290,964.354244,966.345116,968.346002,970.357068,972.378464,974.410028,976.451952,978.504561,980.567074,982.639995,984.723432,986.817372,988.922067,991.037245,993.163233,995.300068,997.447622,999.606193,1001.775719,1003.956318,1006.147756,1008.350324,1010.564040,1012.788983,1015.025461,1017.273212,1019.532258,1021.802733,1024.084695,1026.378240,1028.683423,1031.000308,1033.329141,1035.669860,1038.022314,1040.386614,1042.762921,1045.151380,1047.551887,1049.964695,1052.389790,1054.827069,1057.276903,1059.739013,1062.213635,1064.700852,1067.200920,1069.713475,1072.238792,1074.777039,1077.328096,1079.892251,1082.469418,1085.059584,1087.663202,1090.279776,1092.909665,1095.552916,1098.209876,1100.880354,1103.564115,1106.261624,1108.972805,1111.697814,1114.436970,1117.189730,1119.956433,1122.737237,1125.532301,1128.341463,1131.164911,1134.002720,1136.854961,1139.721707,1142.603066,1145.499104,1148.409963,1151.335470,1154.275784,1157.231117,1160.201477,1163.186868,1166.187507,1169.203581,1172.234805,1175.281436,1178.343645,1181.421421,1184.514799,1187.623835,1190.748859,1193.889567,1197.046255,1200.219067,1203.407983,1206.612886,1209.834161,1213.071789,1216.325959,1219.596538,1222.883714,1226.187595,1229.508211,1232.845671,1236.200056,1239.571451,1242.959970,1246.365633,1249.788556,1253.228822,1256.686420,1260.161628,1263.654877,1267.165476,1270.693703,1274.239778,1277.803835,1281.385953,1284.986152,1288.604571,1292.241262,1295.896329,1299.569860,1303.261950,1306.972835,1310.702290,1314.450564,1318.217663,1322.003897
632.987208,633.279296,633.593039,633.896487,634.202166,634.512294,634.819480,635.132913,635.457515,635.760361,636.081318,636.395962,636.716881,637.050317,637.362512,637.687777,638.015480,638.345677,638.696502,639.005910,639.348670,639.677906,640.019318,640.359099,640.701551,641.046183,641.392628,641.741415,642.101263,642.445163,642.796494,643.151578,643.508517,643.868815,644.228918,644.593965,644.959341,645.323926,645.691631,646.065610,646.437439,646.806364,647.195034,647.569308,647.957383,648.334544,648.718561,649.103894,649.493554,649.886573,650.285933,650.674213,651.072132,651.467069,651.870029,652.279338,652.683792,653.092831,653.503692,653.914061,654.329313,654.745884,655.164708,655.586309,656.010018,656.435792,656.864662,657.296405,657.735128,658.161611,658.599928,659.037209,659.478815,659.923261,660.369164,660.816150,661.267629,661.721180,662.177478,662.636281,663.095808,663.557339,664.023682,664.491753,664.959708,665.432844,665.909410,666.384421,666.863828,667.345580,667.830718,668.317788,668.807251,669.299183,669.794539,670.291199,670.791606,671.294644,671.800629,672.309391,672.818995,673.331522,673.846467,674.364029,674.884959,675.408198,675.934315,676.463135,676.994758,677.528362,678.065381,678.604735,679.147150,679.692589,680.240543,680.790943,681.344375,681.900567,682.459760,683.021346,683.586601,684.154737,684.724871,685.298117,685.875040,686.455112,687.037635,687.622933,688.210739,688.801453,689.395922,689.993289,690.593328,691.196272,691.802469,692.411748,693.024202,693.639641,694.258076,694.879791,695.504576,696.132346,696.763328,697.397504,698.035074,698.676196,699.320315,699.967224,700.617451,701.271241,701.928392,702.588341,703.252007,703.919081,704.589401,705.262908,705.939868,706.619980,707.303731,707.991228,708.681468,709.375572,710.072869,710.773660,711.478366,712.186359,712.898122,713.613339,714.332023,715.054405,715.780133,716.509502,717.242711,717.979629,718.720190,719.464384,720.212081,720.963952,721.719349,722.478588,723.241778,724.008660,724.779520,725.554092,726.332627,727.114867,727.900644,728.690606,729.484283,730.282156,731.083874,731.889653,732.699307,733.513170,734.331213,735.153160,735.979322,736.809546,737.643921,738.482221,739.324688,740.171501,741.022570,741.877609,742.737015,743.600922,744.468731,745.341073,746.217646,747.098514,747.983839,748.873813,749.767895,750.666687,751.570003,752.477533,753.389903,754.306332,755.227366,756.152880,757.083118,758.017880,758.957240,759.901232,760.850076,761.803673,762.761920,763.725023,764.692766,765.665226,766.642723,767.624960,768.612039,769.604025,770.601231,771.603164,772.610131,773.621943,774.638770,775.660611,776.687549,777.719623,778.756816,779.799043,780.846499,781.899070,782.956973,784.020007,785.088564,786.162196,787.241252,788.325574,789.415332,790.510462,791.610977,792.717033,793.828485,794.945473,796.068007,797.196158,798.329850,799.469204,800.614169,801.764821,802.921222,804.083318,805.251180,806.424814,807.604212,808.789550,809.980930,811.178065,812.381157,813.590383,814.805314,816.026383,817.253595,818.486858,819.726326,820.971894,822.223622,823.481590,824.745903,826.016421,827.293208,828.576296,829.865859,831.161746,832.464152,833.773088,835.088380,836.410280,837.738753,839.074001,840.415765,841.764166,843.119227,844.481066,845.849692,847.225142,848.607442,849.996623,851.392725,852.795631,854.205826,855.623005,857.047747,858.478983,859.917303,861.363033,862.815774,864.275922,865.743349,867.217828,868.699843,870.189192,871.686030,873.190297,874.702094,876.221470,877.748532,879.283055,880.825243,882.375260,883.932946,885.498366,887.071671,888.652758,890.241894,891.838855,893.443832,895.056981,896.678159,898.307374,899.944686,901.590412,903.244249,904.906274,906.576712,908.255576,909.942768,911.638345,913.342747,915.055357,916.776558,918.506511,920.245015,921.992237,923.748247,925.513032,927.286612,929.069243,930.860742,932.661200,934.470585,936.289279,938.117018,939.953952,941.800116,943.655627,945.520357,947.394562,949.278155,951.171358,953.073910,954.986117,956.907860,958.839355,960.780487,962.731380,964.692271,966.662866,968.643297,970.633819,972.634499,974.645183,976.666083,978.697516,980.738701,982.790140,984.851942,986.924090,989.006651,991.099973,993.203640,995.318056,997.443032,999.578864,1001.725490,1003.883028,1006.051243,1008.230402,1010.420588,1012.621814,1014.834204,1017.057912,1019.292941,1021.539094,1023.796437,1026.065254,1028.345543,1030.637360,1032.940834,1035.256006,1037.583119,1039.921653,1042.272018,1044.634357,1047.008566,1049.394897,1051.793334,1054.203775,1056.626588,1059.061496,1061.508731,1063.968377,1066.440458,1068.925299,1071.422485,1073.932412,1076.454960,1078.990416,1081.538599,1084.099777,1086.673837,1089.261224,1091.861439,1094.474841,1097.101744,1099.741694,1102.395299,1105.062179,1107.742459,1110.436413,1113.144311,1115.865582,1118.600648,1121.349581,1124.112451,1126.889446,1129.680403,1132.485510,1135.304839,1138.138463,1140.986453,1143.848987,1146.725920,1149.617603,1152.523792,1155.444646,1158.380378,1161.330992,1164.296494,1167.277180,1170.272994,1173.283892,1176.310051,1179.351641,1182.408710,1185.481112,1188.569082,1191.672891,1194.792232,1197.927503,1201.078546,1204.245640,1207.428567,1210.627712,1213.843055,1217.074785,1220.322768,1223.587218,1226.868163,1230.165710,1233.479943,1236.810942,1240.158789,1243.523601,1246.905394,1250.304285,1253.720261,1257.153598,1260.604283,1264.072846,1267.558558,1271.061800,1274.582690,1278.121394,1281.677990,1285.252499,1288.845057,1292.455717,1296.084583,1299.731741,1303.397286,1307.081452,1310.784015,1314.505222,1318.245080,1322.003897
635.553711,635.859700,636.167240,636.475388,636.787124,637.098808,637.412454,637.727394,638.045071,638.364809,638.683152,639.007239,639.331873,639.658206,639.986055,640.330436,640.644520,640.988586,641.312600,641.657647,641.990231,642.334163,642.673833,643.018585,643.365682,643.723679,644.065628,644.414034,644.768229,645.123047,645.481212,645.838946,646.202442,646.565664,646.927765,647.293300,647.665037,648.034401,648.400746,648.787688,649.159398,649.541825,649.916611,650.300712,650.683227,651.070797,651.461649,651.857884,652.241236,652.638061,653.030066,653.430520,653.835881,654.238160,654.644443,655.051895,655.461037,655.871808,656.284617,656.700588,657.118641,657.539073,657.961769,658.386163,658.815314,659.247666,659.676547,660.110538,660.541456,660.980114,661.420626,661.862859,662.307016,662.752908,663.202844,663.654981,664.109394,664.566648,665.024371,665.484391,665.948963,666.414073,666.882502,667.355205,667.827085,668.300183,668.776851,669.257132,669.740084,670.224634,670.712391,671.202139,671.695048,672.189533,672.687432,673.187957,673.691637,674.198108,674.705136,675.215129,675.727486,676.242524,676.760626,677.281462,677.804476,678.330456,678.859167,679.390196,679.924189,680.460496,680.999744,681.541916,682.086972,682.634160,683.184587,683.737159,684.293262,684.851500,685.413252,685.977927,686.545016,687.114544,687.687153,688.263879,688.842720,689.424363,690.008576,690.595595,691.185784,691.779217,692.375313,692.974316,693.576211,694.181441,694.789640,695.400835,696.014886,696.632348,697.252772,697.875899,698.502455,699.132225,699.765158,700.401435,701.040863,701.683072,702.328320,702.977367,703.629220,704.284347,704.942975,705.604759,706.269823,706.938316,707.609754,708.284785,708.962859,709.644638,710.329996,711.018272,711.709930,712.405053,713.103593,713.805966,714.511834,715.221014,715.933734,716.649990,717.369639,718.092794,718.819704,719.550232,720.284432,721.022138,721.763287,722.508481,723.257291,724.009647,724.766120,725.526143,726.290046,727.057497,727.828966,728.604221,729.382967,730.165517,730.951850,731.742229,732.536431,733.334730,734.136774,734.942966,735.752948,736.567275,737.385448,738.207599,739.033911,739.864231,740.698510,741.536992,742.379747,743.226380,744.077189,744.932309,745.791646,746.655146,747.522985,748.394930,749.271237,750.152197,751.037135,751.926575,752.820553,753.718826,754.621629,755.528693,756.440034,757.355913,758.276277,759.201214,760.130541,761.064617,762.003188,762.946471,763.894482,764.847296,765.804447,766.766341,767.733080,768.704658,769.680887,770.661928,771.648133,772.638845,773.634539,774.635200,775.640513,776.651022,777.666396,778.686786,779.712134,780.742577,781.778090,782.818607,783.864327,784.915150,785.971135,787.032529,788.099040,789.170718,790.247597,791.329988,792.417601,793.510590,794.608913,795.712622,796.821790,797.936453,799.056605,800.182240,801.313473,802.450230,803.592595,804.740630,805.894280,807.053616,808.218643,809.389354,810.566079,811.748448,812.936648,814.130722,815.330845,816.536590,817.748388,818.966259,820.190159,821.420078,822.655960,823.897986,825.146165,826.400646,827.661153,828.927885,830.200827,831.480155,832.765756,834.057655,835.356132,836.660823,837.972029,839.289715,840.614082,841.944871,843.282202,844.626096,845.976673,847.333940,848.697935,850.068680,851.446209,852.830561,854.221632,855.619862,857.025099,858.437581,859.856563,861.282528,862.715800,864.155979,865.603554,867.058117,868.519720,869.988753,871.465014,872.948658,874.439621,875.937993,877.443863,878.957296,880.478079,882.006417,883.542473,885.086085,886.637318,888.196324,889.762997,891.337605,892.919948,894.510324,896.108432,897.714600,899.328706,900.950788,902.581167,904.219536,905.865973,907.520864,909.183735,910.854973,912.534473,914.222675,915.918908,917.623709,919.337087,921.058887,922.789279,924.528330,926.276028,928.032392,929.797676,931.571697,933.354546,935.146190,936.947009,938.756739,940.575530,942.403415,944.240511,946.086691,947.942206,949.806972,951.681159,953.564667,955.457616,957.359971,959.271935,961.193394,963.124471,965.065347,967.015890,968.976069,970.946192,972.926201,974.916221,976.916371,978.926664,980.946815,982.976993,985.017346,987.067897,989.128750,991.200108,993.281709,995.373793,997.476497,999.589752,1001.713757,1003.848267,1005.993598,1008.149577,1010.316422,1012.494144,1014.682865,1016.882761,1019.093699,1021.315656,1023.548764,1025.793079,1028.048698,1030.315673,1032.594065,1034.884123,1037.185779,1039.498882,1041.823542,1044.159918,1046.508154,1048.868144,1051.240174,1053.624126,1056.020169,1058.428125,1060.848227,1063.280538,1065.725139,1068.182286,1070.651612,1073.133461,1075.627790,1078.134687,1080.654368,1083.186741,1085.731806,1088.290001,1090.860830,1093.444654,1096.041517,1098.651764,1101.275203,1103.911597,1106.561410,1109.224564,1111.901214,1114.591676,1117.295378,1120.012743,1122.743841,1125.488859,1128.247632,1131.020349,1133.807080,1136.607897,1139.422870,1142.252105,1145.095669,1147.953545,1150.826022,1153.712864,1156.614229,1159.530330,1162.461170,1165.406756,1168.367380,1171.342988,1174.333535,1177.339291,1180.360143,1183.396421,1186.447883,1189.514859,1192.597337,1195.695317,1198.809022,1201.938375,1205.083627,1208.244559,1211.421555,1214.614703,1217.823869,1221.049238,1224.290919,1227.548938,1230.823402,1234.114392,1237.421990,1240.746278,1244.087368,1247.445281,1250.820129,1254.211898,1257.620867,1261.047021,1264.490887,1267.951738,1271.429953,1274.925649,1278.438993,1281.970061,1285.518873,1289.085566,1292.670191,1296.272850,1299.893632,1303.532628,1307.190073,1310.865742,1314.559882,1318.272497,1322.003897
638.168241,638.490334,638.788163,639.105188,639.415175,639.731886,640.061675,640.365770,640.689850,641.013107,641.337266,641.669946,641.992194,642.322327,642.656821,642.986934,643.327716,643.658535,644.001289,644.338605,644.681552,645.025976,645.388453,645.723335,646.069639,646.421901,646.774907,647.130935,647.486511,647.848064,648.208893,648.568929,648.932755,649.302018,649.668928,650.032744,650.410885,650.788299,651.167152,651.539486,651.923833,652.300438,652.685443,653.074278,653.467615,653.847572,654.242000,654.636829,655.033214,655.431231,655.832341,656.233846,656.638362,657.045131,657.451491,657.862640,658.274799,658.689514,659.106746,659.526149,659.947335,660.371850,660.796144,661.231104,661.654061,662.088115,662.520149,662.956554,663.396075,663.836315,664.278008,664.724193,665.172088,665.623064,666.076421,666.528765,666.986802,667.445648,667.907223,668.370975,668.837526,669.307671,669.776239,670.248856,670.723837,671.202538,671.683063,672.165480,672.651083,673.138440,673.629296,674.121308,674.616675,675.114980,675.616240,676.120418,676.624810,677.132359,677.642083,678.154516,678.669993,679.187917,679.708164,680.231323,680.757212,681.285411,681.816254,682.349786,682.885764,683.425091,683.967113,684.511204,685.058400,685.607563,686.160358,686.715650,687.273556,687.834516,688.398439,688.964406,689.533418,690.106225,690.681622,691.259477,691.840051,692.423158,693.009391,693.599011,694.191069,694.786010,695.383968,695.985113,696.589142,697.196071,697.805871,698.418987,699.034982,699.653718,700.275813,700.901164,701.529347,702.160786,702.795659,703.433146,704.073595,704.717553,705.364580,706.015134,706.668429,707.325213,707.985155,708.648312,709.314576,709.984353,710.656966,711.333099,712.013141,712.696050,713.381985,714.071411,714.764194,715.460698,716.160834,716.864100,717.570836,718.280959,718.994667,719.711703,720.432283,721.156587,721.884415,722.615705,723.350605,724.088900,724.831319,725.577149,726.326821,727.079939,727.836996,728.597505,729.361917,730.129975,730.901923,731.677382,732.456460,733.239339,734.026171,734.816844,735.611525,736.409937,737.212438,738.018730,738.829159,739.643464,740.461866,741.284174,742.110309,742.940751,743.775096,744.613323,745.455821,746.302461,747.153233,748.008073,748.867184,749.730387,750.597773,751.469735,752.345698,753.225886,754.110736,754.999834,755.893151,756.790803,757.692764,758.599056,759.509697,760.425020,761.344508,762.268554,763.197139,764.130326,765.068170,766.010506,766.957681,767.909091,768.865214,769.826192,770.791753,771.762005,772.737011,773.717101,774.701639,775.691209,776.685493,777.684471,778.688498,779.697395,780.711131,781.729911,782.753602,783.782275,784.815949,785.854745,786.898533,787.947696,789.001745,790.061045,791.125486,792.195053,793.269944,794.350101,795.435447,796.526119,797.622101,798.723499,799.830283,800.942451,802.060139,803.183178,804.311754,805.445856,806.585549,807.730778,808.881627,810.038061,811.200111,812.368097,813.541643,814.720953,815.906026,817.097081,818.293620,819.496295,820.704882,821.919357,823.139614,824.366020,825.598386,826.836940,828.081464,829.332048,830.588770,831.851665,833.120754,834.396077,835.677609,836.965628,838.259774,839.560344,840.867287,842.180868,843.500698,844.827016,846.159803,847.499178,848.845147,850.197748,851.557004,852.922945,854.295612,855.674900,857.061249,858.454506,859.854907,861.261708,862.675561,864.096279,865.523971,866.958958,868.400829,869.849635,871.305770,872.769024,874.239556,875.717302,877.202349,878.694787,880.194680,881.701814,883.216392,884.738580,886.268213,887.805357,889.350161,890.902519,892.462699,894.030501,895.606221,897.189634,898.780840,900.379942,901.986905,903.602046,905.225059,906.856021,908.495318,910.142504,911.797876,913.461419,915.133621,916.813571,918.502046,920.198972,921.904197,923.617887,925.340109,927.070851,928.810132,930.558204,932.314884,934.080261,935.854275,937.637389,939.429253,941.230045,943.039798,944.858627,946.686404,948.523382,950.369474,952.224794,954.089407,955.963267,957.846394,959.738907,961.640938,963.552363,965.473398,967.404049,969.344233,971.294042,973.253679,975.223179,977.202563,979.192101,981.191325,983.200389,985.219478,987.248638,989.287899,991.337535,993.397262,995.467316,997.547836,999.638749,1001.740256,1003.852023,1005.974620,1008.107630,1010.251340,1012.405765,1014.570984,1016.747303,1018.934454,1021.132462,1023.341518,1025.561487,1027.792657,1030.035015,1032.288621,1034.553722,1036.830251,1039.118056,1041.417245,1043.727976,1046.050393,1048.384390,1050.730216,1053.087855,1055.457202,1057.838625,1060.231844,1062.637091,1065.054448,1067.484167,1069.925883,1072.379867,1074.846285,1077.325016,1079.816344,1082.320087,1084.836511,1087.365503,1089.907506,1092.462017,1095.029397,1097.609956,1100.203240,1102.809854,1105.429416,1108.062024,1110.708033,1113.367408,1116.040260,1118.726384,1121.425982,1124.139209,1126.866222,1129.606856,1132.361299,1135.129620,1137.911890,1140.708181,1143.518596,1146.343201,1149.182133,1152.035219,1154.902615,1157.784532,1160.680973,1163.591942,1166.517652,1169.458189,1172.413565,1175.383735,1178.368968,1181.369250,1184.384614,1187.415113,1190.460978,1193.522196,1196.598766,1199.690912,1202.798560,1205.921944,1209.060862,1212.215691,1215.386518,1218.573208,1221.775948,1224.994843,1228.229920,1231.481285,1234.749019,1238.033203,1241.333916,1244.651273,1247.985292,1251.336085,1254.703638,1258.088228,1261.490281,1264.909000,1268.344981,1271.798120,1275.268656,1278.756632,1282.262165,1285.785276,1289.326098,1292.884682,1296.461132,1300.055533,1303.667978,1307.298699,1310.947472,1314.614543,1318.299915,1322.003897
640.826359,641.139973,641.455262,641.769895,642.089258,642.409327,642.730475,643.053720,643.400814,643.702790,644.039521,644.361075,644.695915,645.029075,645.364305,645.702232,646.041156,646.381877,646.724334,647.074378,647.418370,647.762752,648.113116,648.464098,648.813655,649.171715,649.531230,649.889932,650.247857,650.609449,650.976210,651.341226,651.702492,652.078146,652.453548,652.830683,653.199976,653.584654,653.955817,654.338181,654.722194,655.115447,655.500405,655.883917,656.275826,656.664056,657.060741,657.463214,657.860775,658.263228,658.667472,659.070781,659.478696,659.887467,660.298727,660.712962,661.129156,661.547194,661.967107,662.391616,662.819655,663.243653,663.669214,664.098593,664.532398,664.967551,665.405029,665.843904,666.284011,666.728537,667.175110,667.624190,668.075967,668.528132,668.981960,669.440814,669.900124,670.361674,670.826365,671.294709,671.761045,672.231644,672.705086,673.181314,673.659896,674.140378,674.623383,675.108566,675.596080,676.087070,676.580161,677.075680,677.574429,678.075653,678.578201,679.083253,679.590331,680.100362,680.613231,681.128081,681.645857,682.165948,682.689063,683.214283,683.742272,684.272957,684.805750,685.342006,685.880825,686.421918,686.965832,687.511928,688.061124,688.613189,689.167885,689.725273,690.285690,690.848214,691.413660,691.982527,692.554512,693.128610,693.705485,694.284734,694.867288,695.452751,696.040953,696.631923,697.226052,697.822926,698.422789,699.025635,699.631052,700.239858,700.851538,701.465910,702.083504,702.704347,703.327986,703.954687,704.584885,705.217789,705.853685,706.492623,707.134770,707.780016,708.428708,709.080253,709.735151,710.393042,711.054319,711.718524,712.386181,713.056807,713.731319,714.408893,715.089284,715.773122,716.460295,717.150878,717.845198,718.542664,719.243437,719.947623,720.655411,721.366273,722.080811,722.798755,723.520232,724.245286,724.973797,725.705670,726.441384,727.180818,727.923637,728.670390,729.420378,730.174011,730.931450,731.692492,732.457537,733.225951,733.997868,734.773582,735.552983,736.336372,737.123460,737.914421,738.709291,739.507827,740.310681,741.117019,741.927487,742.741854,743.560133,744.382487,745.208549,746.038769,746.872884,747.711015,748.553284,749.399837,750.250158,751.104760,751.963419,752.826206,753.693566,754.564765,755.440433,756.320314,757.204563,758.092799,758.985591,759.882346,760.783525,761.689042,762.598992,763.513316,764.431950,765.355134,766.282823,767.215192,768.151940,769.093258,770.039070,770.989447,771.944506,772.904148,773.868455,774.837714,775.811356,776.789740,777.773070,778.761106,779.753734,780.751211,781.753583,782.760758,783.772906,784.789873,785.811764,786.838638,787.870427,788.907362,789.949353,790.996345,792.048386,793.105644,794.167776,795.235315,796.307943,797.385700,798.468735,799.557032,800.650619,801.749543,802.853820,803.963450,805.078406,806.198857,807.324721,808.456052,809.592885,810.735259,811.883055,813.036717,814.195829,815.360582,816.531018,817.707136,818.889154,820.076574,821.270048,822.469351,823.674458,824.885263,826.102133,827.324906,828.553724,829.788455,831.029160,832.275915,833.528755,834.787702,836.052795,837.324007,838.601557,839.885264,841.175245,842.471675,843.774317,845.083282,846.398643,847.720380,849.048611,850.383342,851.724610,853.072437,854.426855,855.787916,857.155605,858.530005,859.911417,861.299740,862.694430,864.096078,865.504480,866.919760,868.342234,869.771489,871.207567,872.650891,874.101278,875.558722,877.023334,878.495141,879.974232,881.460672,882.954245,884.455199,885.963567,887.479313,889.002509,890.533157,892.071298,893.617028,895.170508,896.731674,898.300419,899.876841,901.460988,903.052995,904.653006,906.260761,907.876372,909.500186,911.131785,912.771423,914.419183,916.075367,917.739234,919.411503,921.092101,922.780874,924.477988,926.183510,927.897426,929.619754,931.350746,933.090218,934.838260,936.594809,938.360328,940.134466,941.917402,943.709165,945.509873,947.319395,949.137984,950.965551,952.802145,954.648018,956.502954,958.367009,960.240312,962.122993,964.014937,965.916332,967.827211,969.747479,971.677230,973.616664,975.565816,977.524708,979.493398,981.472044,983.460174,985.458179,987.466106,989.483998,991.511993,993.550185,995.598341,997.656867,999.725633,1001.804656,1003.894146,1005.993994,1008.104364,1010.225142,1012.356477,1014.498444,1016.651144,1018.814751,1020.989197,1023.174353,1025.370257,1027.577193,1029.795157,1032.024200,1034.264451,1036.515948,1038.778932,1041.052880,1043.338200,1045.635032,1047.943271,1050.263166,1052.594698,1054.937763,1057.292727,1059.659310,1062.037742,1064.428085,1066.830419,1069.245007,1071.671454,1074.110128,1076.560976,1079.024086,1081.499671,1083.987638,1086.487985,1089.001148,1091.526632,1094.064794,1096.615677,1099.179624,1101.756442,1104.345893,1106.948438,1109.563999,1112.192727,1114.834940,1117.490061,1120.158514,1122.840366,1125.535684,1128.244657,1130.967117,1133.703251,1136.453128,1139.216820,1141.994394,1144.786027,1147.591571,1150.411376,1153.245194,1156.093183,1158.955552,1161.832305,1164.723445,1167.629264,1170.549705,1173.484722,1176.434489,1179.399175,1182.378764,1185.373288,1188.382801,1191.407631,1194.447468,1197.502607,1200.573190,1203.659191,1206.760493,1209.877475,1213.010118,1216.158607,1219.322804,1222.502897,1225.698990,1228.911110,1232.139361,1235.383824,1238.644578,1241.921705,1245.215316,1248.525428,1251.852155,1255.195480,1258.555680,1261.933182,1265.327186,1268.738288,1272.166384,1275.611711,1279.074312,1282.554304,1286.051706,1289.566652,1293.099192,1296.649427,1300.217444,1303.803334,1307.407330,1311.029205,1314.669205,1318.327333,1322.003897
643.531101,643.847378,644.165810,644.486117,644.814926,645.141994,645.454147,645.793060,646.109237,646.448082,646.774315,647.111017,647.443979,647.781136,648.121219,648.461397,648.808876,649.148741,649.493728,649.842009,650.181773,650.541704,650.894753,651.252203,651.608852,651.964724,652.325816,652.688479,653.051248,653.410502,653.783764,654.156867,654.531660,654.898666,655.280882,655.651149,656.029224,656.410635,656.801489,657.185857,657.564255,657.953150,658.339096,658.732996,659.131978,659.527255,659.926710,660.327067,660.730556,661.133733,661.539097,661.947469,662.358172,662.770947,663.186061,663.602731,664.024151,664.445363,664.874992,665.290874,665.720192,666.147373,666.578694,667.013076,667.448192,667.885678,668.324432,668.767107,669.212155,669.659899,670.109743,670.560272,671.012421,671.469458,671.927543,672.385704,672.848857,673.315603,673.779597,674.248668,674.720157,675.194256,675.670644,676.148913,676.629821,677.112875,677.597983,678.086794,678.577327,679.070501,679.568295,680.065635,680.565761,681.068159,681.572626,682.080107,682.590122,683.102273,683.617486,684.134542,684.654570,685.177123,685.702215,686.229898,686.759918,687.292690,687.828606,688.366856,688.907362,689.450564,689.996054,690.545037,691.096049,691.650114,692.206797,692.766350,693.328150,693.892987,694.461291,695.031737,695.604926,696.180593,696.759347,697.340822,697.925072,698.512170,699.102289,699.695007,700.290645,700.889421,701.490709,702.095086,702.702473,703.312819,703.925893,704.542026,705.161165,705.783299,706.408697,707.037155,707.668299,708.302396,708.939896,709.580073,710.223931,710.870169,711.520215,712.173036,712.829009,713.488069,714.150505,714.815796,715.484617,716.156806,716.832009,717.510141,718.191776,718.876653,719.564959,720.256800,720.951690,721.650020,722.351601,723.056687,723.765167,724.476863,725.192160,725.910943,726.633100,727.358724,728.087873,728.820721,729.557063,730.297093,731.040326,731.787257,732.537770,733.291918,734.050093,734.811522,735.576398,736.344810,737.116921,737.892989,738.672681,739.456446,740.243669,741.034712,741.829469,742.628411,743.431084,744.237490,745.048013,745.862374,746.680398,747.502432,748.328291,749.158241,749.992119,750.830051,751.672071,752.518098,753.368107,754.222210,755.080674,755.943175,756.809807,757.680488,758.555562,759.434805,760.318051,761.205806,762.097504,762.993604,763.893977,764.798644,765.707527,766.620841,767.538594,768.460995,769.387654,770.318878,771.254391,772.194494,773.139105,774.088257,775.041987,776.000246,776.963475,777.931000,778.903287,779.880367,780.861914,781.848268,782.839376,783.835165,784.835810,785.841270,786.851527,787.866691,788.886670,789.911516,790.941512,791.976435,793.016304,794.061199,795.111147,796.165989,797.226087,798.291228,799.361434,800.436871,801.517447,802.603294,803.694395,804.790749,805.892343,806.999230,808.111537,809.229181,810.352216,811.480633,812.614563,813.754027,814.898921,816.049347,817.205335,818.366925,819.534118,820.707024,821.885522,823.069879,824.259894,825.455595,826.656984,827.864355,829.077544,830.296695,831.521672,832.752539,833.989369,835.232199,836.481052,837.735956,838.997038,840.264088,841.537351,842.816761,844.102583,845.394505,846.692659,847.997117,849.307860,850.625004,851.948555,853.278549,854.615008,855.957963,857.307466,858.663502,860.026368,861.395718,862.772096,864.154915,865.544252,866.940415,868.343355,869.753389,871.170104,872.593542,874.024120,875.461661,876.906156,878.357700,879.816364,881.282193,882.755265,884.235364,885.722738,887.217417,888.719319,890.228659,891.745271,893.269312,894.800833,896.339944,897.886654,899.440882,901.002572,902.571924,904.149022,905.734010,907.326625,908.926981,910.535424,912.151533,913.775564,915.407743,917.047937,918.695896,920.352022,922.016412,923.688856,925.369518,927.058463,928.755680,930.461184,932.175226,933.897622,935.628475,937.367679,939.115739,940.872304,942.637508,944.411423,946.194152,947.985563,949.785908,951.595098,953.413182,955.240408,957.076563,958.921700,960.775949,962.639437,964.512050,966.393907,968.285244,970.185761,972.095589,974.014981,975.943993,977.882562,979.830787,981.788675,983.756192,985.733292,987.720166,989.716839,991.723555,993.740192,995.766695,997.803309,999.850228,1001.907100,1003.974403,1006.051795,1008.139590,1010.237637,1012.346082,1014.465002,1016.594495,1018.734735,1020.885584,1023.047021,1025.219236,1027.402093,1029.595877,1031.800575,1034.016247,1036.243136,1038.481174,1040.730208,1042.990345,1045.261741,1047.544538,1049.838630,1052.144263,1054.461421,1056.789996,1059.130355,1061.482218,1063.845813,1066.221222,1068.608695,1071.007866,1073.419005,1075.842275,1078.277554,1080.725125,1083.184803,1085.656855,1088.141164,1090.638172,1093.147387,1095.669134,1098.203755,1100.750783,1103.310822,1105.883488,1108.468877,1111.067276,1113.678850,1116.303507,1118.941107,1121.591851,1124.255890,1126.933383,1129.624162,1132.328413,1135.046204,1137.777604,1140.522682,1143.281542,1146.054247,1148.840933,1151.641425,1154.455946,1157.284498,1160.127291,1162.984327,1165.855608,1168.741428,1171.641727,1174.556460,1177.485799,1180.429911,1183.388843,1186.362444,1189.350947,1192.354620,1195.373179,1198.406939,1201.455820,1204.520070,1207.599470,1210.694399,1213.804838,1216.930969,1220.072657,1223.230086,1226.403361,1229.592506,1232.797628,1236.018806,1239.256117,1242.509643,1245.779495,1249.065689,1252.368337,1255.687424,1259.023224,1262.376164,1265.745444,1269.131658,1272.534702,1275.954813,1279.392033,1282.846477,1286.318165,1289.807229,1293.313719,1296.837736,1300.379365,1303.938697,1307.515965,1311.110940,1314.723868,1318.354751,1322.003897
646.279688,646.616690,646.919495,647.246038,647.568436,647.898497,648.227587,648.557041,648.892638,649.223592,649.559264,649.897577,650.247481,650.579726,650.919503,651.262755,651.609148,651.948677,652.305100,652.655936,653.009921,653.365358,653.719894,654.078650,654.439240,654.799596,655.156782,655.533812,655.897096,656.270953,656.635587,657.015710,657.383424,657.758892,658.137741,658.526295,658.907926,659.283316,659.669562,660.052755,660.443856,660.839985,661.232786,661.629209,662.026635,662.427162,662.826636,663.230463,663.635235,664.042438,664.451972,664.863883,665.277583,665.692914,666.112970,666.538978,666.954102,667.380007,667.800959,668.229763,668.659821,669.092610,669.526425,669.961131,670.399964,670.841091,671.284911,671.731124,672.176155,672.626776,673.077985,673.531957,673.987879,674.446624,674.908855,675.368523,675.832953,676.300309,676.769507,677.241208,677.715632,678.191901,678.670299,679.151605,679.634131,680.120586,680.608767,681.100065,681.594924,682.089835,682.587508,683.087261,683.589044,684.093988,684.601307,685.110767,685.623063,686.137303,686.654522,687.174187,687.696219,688.221232,688.747958,689.277794,689.810678,690.345577,690.883172,691.423372,691.965381,692.510997,693.058384,693.609099,694.162443,694.718495,695.276964,695.838124,696.402357,696.969524,697.538961,698.110982,698.685406,699.263129,699.843682,700.426900,701.012925,701.601479,702.193266,702.787805,703.384917,703.985048,704.588210,705.194192,705.802863,706.414399,707.029110,707.646797,708.267424,708.891355,709.517773,710.147102,710.779840,711.415177,712.053740,712.695378,713.340106,713.988053,714.638762,715.292848,715.949775,716.610334,717.273437,717.940185,718.610092,719.282799,719.958809,720.638123,721.320537,722.006679,722.695774,723.388185,724.083883,724.782958,725.485463,726.191149,726.900212,727.612673,728.328639,729.047891,729.770868,730.496986,731.227092,731.960263,732.697064,733.437122,734.180782,734.928205,735.679358,736.433884,737.191925,737.953198,738.718302,739.486983,740.259425,741.035669,741.815637,742.599146,743.386425,744.177598,744.972539,745.771202,746.574003,747.380443,748.190497,749.004456,749.822342,750.643973,751.469699,752.299268,753.132954,753.970417,754.811869,755.657342,756.506943,757.360806,758.218645,759.080383,759.946449,760.816629,761.690756,762.569159,763.451681,764.338401,765.229398,766.124529,767.023855,767.927331,768.835390,769.747730,770.664577,771.585637,772.511263,773.441103,774.375376,775.314221,776.257501,777.205299,778.157562,779.114734,780.076137,781.042285,782.013199,782.988306,783.968354,784.952929,785.942272,786.936369,787.935114,788.938655,789.947051,790.960138,791.978219,793.001241,794.029077,795.061818,796.099572,797.142175,798.189758,799.242394,800.300024,801.362761,802.430563,803.503456,804.581599,805.664813,806.753262,807.846893,808.945770,810.049913,811.159357,812.274116,813.394183,814.519845,815.650643,816.786954,817.928720,819.075984,820.228743,821.387038,822.550969,823.720506,824.895704,826.076429,827.262830,828.454838,829.652744,830.856511,832.065908,833.281171,834.502239,835.729238,836.962047,838.200846,839.445609,840.696463,841.953198,843.216058,844.484977,845.760220,847.041472,848.328867,849.622476,850.922277,852.228389,853.540816,854.859594,856.184744,857.516296,858.854303,860.198748,861.549928,862.907926,864.271996,865.642791,867.020119,868.404096,869.794768,871.192491,872.596566,874.007553,875.425462,876.850234,878.281858,879.720429,881.166015,882.618664,884.078445,885.545161,887.019040,888.500119,889.988314,891.483840,892.986529,894.496540,896.013921,897.538784,899.071134,900.610892,902.158000,903.712659,905.274950,906.845016,908.422600,910.007807,911.600986,913.201716,914.810251,916.426816,918.051279,919.683387,921.323544,922.971722,924.628079,926.292410,927.964880,929.645544,931.334350,933.031569,934.737018,936.450799,938.173038,939.903539,941.642651,943.390274,945.146480,946.911369,948.684911,950.467055,952.257981,954.057798,955.866461,957.683984,959.510355,961.345702,963.190153,965.043591,966.906136,968.778022,970.658949,972.549135,974.448570,976.357447,978.275893,980.203914,982.141324,984.088294,986.044664,988.010663,989.986360,991.971859,993.967177,995.972213,997.987209,1000.012266,1002.047311,1004.092541,1006.147620,1008.213122,1010.288611,1012.374388,1014.470462,1016.576951,1018.693908,1020.821556,1022.959511,1025.108084,1027.267138,1029.436957,1031.617526,1033.808905,1036.011218,1038.224690,1040.448995,1042.684174,1044.930444,1047.187947,1049.456573,1051.736570,1054.027920,1056.330514,1058.644719,1060.970253,1063.307345,1065.656054,1068.016460,1070.388824,1072.772748,1075.168601,1077.576328,1079.996014,1082.427871,1084.871805,1087.327813,1089.796328,1092.276854,1094.769747,1097.275048,1099.793098,1102.323704,1104.866625,1107.422321,1109.990712,1112.571948,1115.166345,1117.773325,1120.393309,1123.026363,1125.672555,1128.332068,1131.004736,1133.690742,1136.390156,1139.103045,1141.829478,1144.569557,1147.323345,1150.090978,1152.872280,1155.667404,1158.476558,1161.299745,1164.136966,1166.988432,1169.854225,1172.734356,1175.628777,1178.537756,1181.461276,1184.399366,1187.352080,1190.319644,1193.302043,1196.299276,1199.311562,1202.338820,1205.381298,1208.438776,1211.511634,1214.599955,1217.703605,1220.822765,1223.957540,1227.107953,1230.274110,1233.456088,1236.653964,1239.867819,1243.097763,1246.343811,1249.606074,1252.884633,1256.179470,1259.490860,1262.819228,1266.163774,1269.525092,1272.903075,1276.297962,1279.709793,1283.138684,1286.584651,1290.047829,1293.528264,1297.026059,1300.541296,1304.074068,1307.624604,1311.192677,1314.778532,1318.382170,1322.003897
649.083091,649.394382,649.728739,650.050620,650.378566,650.709106,651.041901,651.376947,651.711137,652.054224,652.390773,652.727476,653.069917,653.414548,653.761692,654.106772,654.457723,654.807953,655.160135,655.511652,655.869498,656.227163,656.586785,656.943780,657.316503,657.677389,658.049062,658.411283,658.789199,659.154294,659.527333,659.903794,660.289792,660.668823,661.041439,661.424652,661.805254,662.193664,662.587403,662.978168,663.370543,663.765410,664.162285,664.560043,664.960453,665.362386,665.766121,666.172701,666.581368,666.991712,667.404048,667.820949,668.241356,668.659435,669.074084,669.498508,669.920731,670.347081,670.776444,671.206466,671.638682,672.072352,672.509576,672.949110,673.391265,673.835631,674.280476,674.726949,675.177986,675.629702,676.083724,676.540431,677.000575,677.458573,677.920783,678.385930,678.853260,679.322931,679.794919,680.269544,680.745726,681.224715,681.704945,682.189279,682.674561,683.163644,683.655848,684.147961,684.643406,685.140685,685.639934,686.142181,686.646834,687.153724,687.662992,688.174593,688.688901,689.205656,689.724825,690.246650,690.770661,691.297103,691.827093,692.359041,692.893494,693.430467,693.969240,694.511322,695.055446,695.602582,696.152571,696.705131,697.259973,697.817793,698.377968,698.941680,699.507325,700.075800,700.646641,701.220361,701.796956,702.376262,702.958335,703.542836,704.130493,704.720912,705.313940,705.909931,706.508658,707.110477,707.714617,708.321780,708.931973,709.545241,710.161335,710.780211,711.402273,712.026993,712.655086,713.285385,713.919117,714.555923,715.195455,715.838419,716.484109,717.132933,717.784777,718.440118,719.097871,719.759009,720.423496,721.091103,721.761460,722.435302,723.111934,723.792127,724.475749,725.162327,725.852262,726.545490,727.241900,727.941527,728.644462,729.350805,730.060577,730.773648,731.490203,732.210080,732.933509,733.660272,734.390422,735.123870,735.860835,736.601409,737.345791,738.093376,738.844515,739.598955,740.356833,741.118481,741.883590,742.652660,743.425158,744.201329,744.981095,745.764488,746.552045,747.342971,748.137967,748.936732,749.738906,750.544948,751.354701,752.168432,752.985892,753.807136,754.632363,755.461716,756.294726,757.131671,757.972774,758.817880,759.666986,760.519913,761.376847,762.238259,763.103399,763.972555,764.845950,765.723486,766.605063,767.490837,768.380770,769.274669,770.172945,771.075520,771.982618,772.893814,773.809433,774.729373,775.653427,776.582012,777.514969,778.452408,779.394196,780.340812,781.291595,782.246897,783.207073,784.171492,785.140278,786.113946,787.092121,788.074903,789.062399,790.054533,791.051416,792.052921,793.059210,794.070417,795.086519,796.107302,797.132887,798.163462,799.198764,800.239085,801.284334,802.334507,803.389717,804.449921,805.515174,806.585544,807.660995,808.741510,809.827182,810.918027,812.014026,813.115326,814.221790,815.333727,816.450822,817.573138,818.700890,819.834021,820.972571,822.116539,823.265966,824.420930,825.581475,826.747552,827.919090,829.096125,830.278884,831.467361,832.661617,833.861465,835.067007,836.278314,837.495470,838.718351,839.947137,841.181802,842.422476,843.668947,844.921419,846.180104,847.444666,848.715259,849.991945,851.274755,852.563669,853.858803,855.160161,856.467778,857.781676,859.101899,860.428453,861.761477,863.100923,864.447203,865.799458,867.158344,868.523666,869.895541,871.274106,872.659439,874.051118,875.449609,876.854983,878.267002,879.685831,881.111506,882.544095,883.983643,885.430221,886.883675,888.344100,889.811663,891.286237,892.768037,894.256894,895.752989,897.256298,898.767192,900.285168,901.810475,903.343099,904.883163,906.430944,907.985995,909.548648,911.118811,912.696833,914.282291,915.875495,917.476500,919.085282,920.701714,922.326016,923.958220,925.598486,927.246605,928.902733,930.566953,932.239183,933.919705,935.608333,937.305170,939.010340,940.723647,942.445439,944.175615,945.914247,947.661435,949.417146,951.181330,952.954167,954.735762,956.526022,958.325123,960.132865,961.949460,963.775025,965.609442,967.452831,969.305423,971.166919,973.037535,974.917263,976.806292,978.704675,980.612641,982.529780,984.456336,986.392129,988.337445,990.292295,992.256801,994.230975,996.214789,998.208291,1000.211764,1002.225075,1004.248421,1006.281464,1008.324644,1010.377927,1012.441209,1014.514633,1016.598273,1018.692227,1020.796665,1022.911452,1025.036660,1027.172119,1029.318183,1031.474836,1033.642136,1035.820208,1038.009086,1040.209010,1042.419453,1044.640822,1046.873255,1049.116644,1051.371236,1053.637009,1055.913857,1058.201974,1060.501587,1062.812414,1065.134685,1067.468478,1069.814043,1072.171011,1074.539650,1076.920123,1079.312306,1081.716481,1084.132461,1086.560511,1089.000514,1091.452908,1093.917202,1096.393718,1098.882796,1101.383969,1103.897839,1106.424020,1108.962606,1111.513883,1114.078015,1116.654908,1119.244420,1121.846751,1124.462050,1127.090475,1129.731855,1132.386376,1135.054104,1137.735106,1140.429450,1143.137237,1145.858541,1148.593310,1151.341859,1154.103939,1156.879705,1159.669363,1162.472915,1165.290362,1168.121995,1170.967753,1173.827589,1176.701673,1179.590172,1182.493069,1185.410393,1188.342196,1191.288769,1194.249901,1197.225785,1200.216592,1203.222194,1206.242875,1209.278411,1212.329178,1215.395258,1218.476514,1221.573129,1224.685206,1227.812769,1230.955920,1234.114738,1237.289301,1240.479685,1243.686001,1246.908264,1250.146584,1253.401042,1256.671617,1259.958586,1263.262373,1266.582284,1269.918588,1273.271504,1276.641159,1280.027595,1283.430925,1286.851166,1290.288451,1293.742827,1297.214395,1300.703238,1304.209445,1307.733248,1311.274417,1314.833197,1318.409588,1322.003897
651.911504,652.242068,652.568118,652.898861,653.232241,653.576680,653.903684,654.238708,654.575766,654.916868,655.248898,655.602378,655.947256,656.296610,656.644616,656.994580,657.344083,657.699761,658.055608,658.412807,658.771994,659.138927,659.496670,659.870232,660.226133,660.598584,660.962261,661.334631,661.708961,662.092657,662.468882,662.838714,663.219394,663.597068,663.982603,664.374137,664.763011,665.151579,665.543687,665.937732,666.332068,666.730519,667.128733,667.529658,667.933091,668.338621,668.745920,669.154768,669.568797,669.981873,670.402260,670.811676,671.234358,671.651661,672.074724,672.499825,672.927597,673.356218,673.785743,674.219257,674.654961,675.093239,675.533993,675.973268,676.418478,676.863325,677.313091,677.762256,678.214475,678.668528,679.126849,679.583010,680.043485,680.506633,680.972086,681.439466,681.909534,682.382067,682.855762,683.332524,683.810342,684.292274,684.775314,685.261894,685.751312,686.241253,686.733857,687.228823,687.725759,688.225007,688.727044,689.231149,689.737415,690.246560,690.758009,691.271751,691.787982,692.306884,692.827919,693.351434,693.878195,694.407165,694.938457,695.472114,696.007558,696.546324,697.087253,697.630904,698.177437,698.726441,699.277799,699.831994,700.388680,700.948585,701.510770,702.075429,702.642419,703.212181,703.784766,704.360576,704.938589,705.519217,706.102724,706.688949,707.278062,707.869708,708.464316,709.061540,709.661406,710.264208,710.870039,711.478776,712.090291,712.704521,713.322033,713.942014,714.565214,715.191041,715.819682,716.451371,717.086205,717.724118,718.364862,719.008432,719.655339,720.305182,720.958085,721.613736,722.272811,722.935129,723.600188,724.268213,724.939376,725.613766,726.291749,726.972595,727.656640,728.343973,729.034412,729.728198,730.425117,731.125357,731.828919,732.535794,733.245991,733.959739,734.676407,735.396986,736.120625,736.847607,737.577847,738.311630,739.049075,739.789979,740.534226,741.281924,742.032668,742.787320,743.545326,744.307109,745.072289,745.841261,746.613599,747.389630,748.169499,748.953070,749.740154,750.531115,751.325703,752.123846,752.925740,753.731383,754.540727,755.353979,756.170921,756.991914,757.816669,758.645196,759.477750,760.314442,761.154778,761.999050,762.847206,763.699638,764.555925,765.416133,766.280324,767.148897,768.021162,768.897742,769.778196,770.662748,771.551482,772.444417,773.341654,774.243209,775.148842,776.058967,776.973056,777.891543,778.814329,779.741495,780.673007,781.609169,782.549464,783.494160,784.443501,785.397312,786.355326,787.318076,788.285249,789.256944,790.233214,791.214133,792.199661,793.189802,794.184534,795.184082,796.188311,797.197469,798.211168,799.229765,800.253118,801.281112,802.314143,803.351995,804.394746,805.442414,806.495007,807.552677,808.615262,809.682919,810.755563,811.833331,812.916120,814.004030,815.097167,816.195394,817.298985,818.407731,819.521586,820.640802,821.765321,822.895183,824.030385,825.171144,826.317169,827.468634,828.625561,829.787943,830.955742,832.129185,833.308419,834.493045,835.683335,836.879236,838.080873,839.288171,840.501204,841.719977,842.944585,844.175118,845.411362,846.653523,847.901809,849.155886,850.415907,851.681933,852.953995,854.232072,855.516280,856.806622,858.103134,859.405835,860.714770,862.029945,863.351498,864.679447,866.014002,867.354678,868.701551,870.054927,871.414765,872.781198,874.154303,875.533654,876.919721,878.312574,879.711972,881.118147,882.530993,883.950603,885.377130,886.810584,888.250813,889.697991,891.152041,892.613079,894.081215,895.556350,897.038595,898.527946,900.024776,901.528580,903.039608,904.557788,906.083408,907.616581,909.156914,910.704737,912.260121,913.822957,915.393216,916.971140,918.556749,920.149874,921.750827,923.359335,924.975731,926.600019,928.232043,929.871957,931.519857,933.175619,934.839566,936.511498,938.191575,939.879744,941.575986,943.280588,944.993449,946.714640,948.444261,950.182278,951.928640,953.683526,955.447043,957.219093,958.999853,960.789124,962.587115,964.393862,966.209491,968.033875,969.867281,971.709549,973.560753,975.420932,977.290274,979.168832,981.056833,982.953866,984.860176,986.775580,988.700366,990.634543,992.578244,994.531408,996.494146,998.466393,1000.448355,1002.440225,1004.441678,1006.453104,1008.474243,1010.505380,1012.546360,1014.597329,1016.658360,1018.729551,1020.811071,1022.902784,1025.004760,1027.116894,1029.239344,1031.372293,1033.515726,1035.669770,1037.834458,1040.009927,1042.195955,1044.392643,1046.600147,1048.818606,1051.047911,1053.288410,1055.539776,1057.802207,1060.075964,1062.360764,1064.656835,1066.964235,1069.283272,1071.613518,1073.955260,1076.308659,1078.673590,1081.050206,1083.438705,1085.838959,1088.250996,1090.675237,1093.111184,1095.559191,1098.019298,1100.491846,1102.976638,1105.473456,1107.982687,1110.504322,1113.038485,1115.585489,1118.144756,1120.716706,1123.301402,1125.898910,1128.509414,1131.132743,1133.769081,1136.418495,1139.081052,1141.756818,1144.445893,1147.148340,1149.864293,1152.593573,1155.336402,1158.092779,1160.862911,1163.646800,1166.444445,1169.256136,1172.081813,1174.921426,1177.775147,1180.643141,1183.525451,1186.421924,1189.332791,1192.258318,1195.198192,1198.152705,1201.121995,1204.106035,1207.104702,1210.118376,1213.147031,1216.190851,1219.249696,1222.323748,1225.413111,1228.517806,1231.637937,1234.773581,1237.924814,1241.091713,1244.274388,1247.472854,1250.687219,1253.917466,1257.163867,1260.426404,1263.705600,1267.000758,1270.312148,1273.639988,1276.984404,1280.345436,1283.723199,1287.117708,1290.529096,1293.957408,1297.402745,1300.865189,1304.344829,1307.841896,1311.356160,1314.887863,1318.437007,1322.003897
654.796069,655.125105,655.463112,655.794327,656.125827,656.462904,656.802166,657.134094,657.483597,657.826709,658.173291,658.521026,658.868035,659.216236,659.570576,659.922952,660.271079,660.635202,661.001511,661.355113,661.726721,662.080275,662.446734,662.811597,663.181777,663.553463,663.934782,664.308480,664.675575,665.053410,665.428413,665.811492,666.200397,666.586483,666.972434,667.361363,667.752306,668.144541,668.539959,668.935422,669.333579,669.733410,670.135665,670.540059,670.945828,671.353493,671.764851,672.184566,672.591359,673.009124,673.421982,673.842620,674.264221,674.688473,675.113623,675.539638,675.969569,676.401611,676.834613,677.271549,677.710341,678.149695,678.590404,679.036408,679.481826,679.929965,680.380578,680.835059,681.286324,681.742856,682.201563,682.662442,683.125819,683.590930,684.058729,684.528811,685.000705,685.474053,685.950732,686.429670,686.910954,687.395023,687.881881,688.368642,688.859806,689.351680,689.846107,690.342748,690.842171,691.343547,691.847267,692.353381,692.861876,693.372741,693.886107,694.401989,694.920009,695.440535,695.964416,696.490439,697.018147,697.548554,698.080845,698.616040,699.153839,699.694122,700.237208,700.782728,701.330575,701.881325,702.434492,702.990279,703.549184,704.110037,704.673311,705.239288,705.808133,706.379852,706.953874,707.530414,708.109973,708.692333,709.277178,709.864654,710.454993,711.047849,711.643542,712.241965,712.843351,713.447598,714.054598,714.664267,715.276989,715.892730,716.511051,717.132044,717.755986,718.382773,719.012758,719.645492,720.281276,720.919786,721.561783,722.206319,722.854030,723.504342,724.157944,724.814783,725.474690,726.137159,726.802972,727.471568,728.143663,728.819043,729.497298,730.178844,730.863411,731.551291,732.242200,732.936394,733.633746,734.334595,735.038797,735.746076,736.456414,737.170560,737.887714,738.608202,739.331821,740.059018,740.789747,741.523963,742.261239,743.002188,743.746325,744.493660,745.244734,745.999278,746.757370,747.518963,748.284053,749.052657,749.825075,750.601077,751.380581,752.163724,752.950888,753.741225,754.535278,755.332952,756.134443,756.939587,757.748416,758.561063,759.377831,760.197947,761.022225,761.850197,762.682130,763.517749,764.357279,765.200938,766.048362,766.899742,767.754966,768.614370,769.477700,770.344955,771.216308,772.091522,772.970728,773.854201,774.741952,775.633834,776.529693,777.429976,778.334304,779.242715,780.155493,781.072539,781.993851,782.919409,783.849653,784.783919,785.722626,786.665821,787.613403,788.565168,789.521564,790.482301,791.447540,792.417348,793.391639,794.370525,795.353921,796.341988,797.334616,798.332177,799.334149,800.340905,801.352378,802.368497,803.389301,804.414985,805.445518,806.480779,807.520938,808.566036,809.615977,810.670895,811.730705,812.795543,813.865305,814.940129,816.020009,817.104918,818.195128,819.290321,820.390561,821.496061,822.606763,823.722707,824.843889,825.970350,827.102389,828.239460,829.381918,830.529796,831.683051,832.841645,834.005868,835.175673,836.350855,837.531621,838.717916,839.909866,841.107396,842.310578,843.519418,844.734014,845.954393,847.180482,848.412394,849.650360,850.893965,852.143459,853.398873,854.660184,855.927526,857.200858,858.480237,859.765696,861.057270,862.354957,863.658919,864.969055,866.285507,867.608349,868.937334,870.272423,871.613921,872.961787,874.316310,875.677097,877.044179,878.418034,879.798303,881.185151,882.578679,883.978780,885.385544,886.799125,888.219535,889.646617,891.080547,892.521247,893.968832,895.423412,896.884913,898.353368,899.828850,901.311705,902.801482,904.298267,905.802152,907.313369,908.832030,910.357742,911.890833,913.431377,914.979260,916.534512,918.097202,919.667521,921.245243,922.830678,924.423554,926.024202,927.632626,929.248669,930.872484,932.504169,934.143596,935.791088,937.446444,939.109826,940.781194,942.460394,944.148021,945.843696,947.547578,949.259764,950.980221,952.708897,954.445970,956.191545,957.945526,959.708078,961.479030,963.258563,965.046719,966.843627,968.649156,970.463452,972.286720,974.118668,975.959454,977.809268,979.668160,981.536357,983.413449,985.299531,987.194860,989.099283,991.012956,992.935994,994.868385,996.810190,998.761359,1000.722098,1002.692598,1004.672534,1006.662295,1008.661621,1010.670796,1012.689663,1014.718368,1016.756985,1018.805607,1020.864406,1022.933242,1025.012089,1027.101135,1029.200241,1031.309690,1033.429463,1035.559619,1037.700280,1039.851668,1042.013455,1044.185679,1046.368556,1048.562225,1050.766573,1052.981848,1055.208027,1057.445001,1059.692963,1061.952138,1064.222245,1066.503510,1068.796009,1071.100003,1073.415090,1075.741567,1078.079586,1080.429021,1082.790151,1085.162789,1087.547199,1089.943261,1092.351414,1094.771162,1097.202829,1099.646751,1102.102459,1104.570556,1107.050653,1109.542843,1112.047409,1114.564515,1117.094065,1119.635890,1122.190264,1124.757260,1127.336940,1129.929486,1132.534729,1135.152850,1137.783916,1140.427993,1143.085180,1145.755411,1148.439047,1151.135987,1153.846120,1156.569597,1159.306625,1162.057203,1164.821329,1167.599213,1170.390935,1173.196503,1176.015868,1178.849293,1181.696662,1184.558299,1187.433957,1190.323865,1193.228289,1196.146943,1199.080136,1202.027787,1204.990142,1207.966976,1210.958668,1213.965194,1216.986735,1220.023150,1223.074623,1226.141254,1229.223066,1232.320161,1235.432614,1238.560503,1241.703904,1244.862925,1248.037580,1251.227978,1254.434100,1257.656218,1260.894313,1264.148908,1267.419304,1270.705771,1274.008526,1277.327696,1280.663351,1284.015508,1287.384279,1290.769763,1294.172007,1297.591109,1301.027150,1304.480221,1307.950549,1311.437905,1314.942530,1318.464427,1322.003897
657.722624,658.054456,658.389208,658.716518,659.061457,659.404182,659.747534,660.091129,660.434798,660.778718,661.129579,661.479619,661.829856,662.175930,662.537583,662.896512,663.253309,663.617188,663.977236,664.338330,664.700456,665.068283,665.440159,665.816531,666.187802,666.552259,666.927516,667.299578,667.680152,668.066577,668.450094,668.833251,669.219236,669.607350,669.996879,670.389202,670.782302,671.177153,671.573826,671.973056,672.374271,672.777086,673.181587,673.591100,674.006451,674.411740,674.820602,675.237018,675.650872,676.069283,676.489998,676.911609,677.335602,677.760005,678.188470,678.618756,679.051659,679.486775,679.920332,680.360284,680.799498,681.243058,681.686824,682.131998,682.581611,683.033867,683.483706,683.937885,684.394640,684.853868,685.314706,685.777943,686.243669,686.711159,687.181198,687.652011,688.126408,688.602942,689.081779,689.564203,690.048408,690.532206,691.020294,691.509717,692.001602,692.495644,692.992299,693.491057,693.991954,694.495265,695.000838,695.508829,696.019383,696.532162,697.047243,697.565008,698.085979,698.608230,699.132902,699.660161,700.189409,700.721052,701.255566,701.792379,702.332051,702.874160,703.418424,703.965830,704.515340,705.067208,705.622706,706.179651,706.739185,707.301642,707.866565,708.434333,709.004428,709.577105,710.152672,710.730652,711.311539,711.895052,712.480909,713.069605,713.661076,714.255339,714.852304,715.451962,716.054553,716.659522,717.267676,717.878774,718.492298,719.108797,719.727704,720.349671,720.974754,721.602680,722.233464,722.867183,723.503713,724.143190,724.785676,725.430963,726.079232,726.730628,727.385306,728.042440,728.702582,729.365718,730.032166,730.701828,731.374420,732.050085,732.728861,733.410923,734.095870,734.784103,735.475488,736.170238,736.868147,737.569190,738.273388,738.980959,739.691862,740.405955,741.123073,741.843774,742.567703,743.295137,744.025680,744.759816,745.497211,746.237800,746.981733,747.729152,748.480110,749.234487,749.992465,750.753738,751.518806,752.287274,753.059347,753.834836,754.614318,755.397174,756.183427,756.973304,757.766856,758.563994,759.364943,760.169419,760.977849,761.790025,762.605904,763.425449,764.249098,765.076118,765.907074,766.741948,767.580676,768.423326,769.269741,770.120069,770.974591,771.832707,772.694905,773.560872,774.430996,775.304951,776.183155,777.065512,777.951836,778.842266,779.736938,780.635666,781.538406,782.445457,783.356674,784.272135,785.192107,786.116057,787.044387,787.977002,788.913960,789.855408,790.800873,791.750876,792.705230,793.664018,794.627305,795.595052,796.567225,797.544026,798.525226,799.511137,800.501694,801.496700,802.496492,803.500802,804.509757,805.523332,806.541754,807.564889,808.592718,809.625460,810.662906,811.705261,812.752426,813.804461,814.861454,815.923300,816.990137,818.061960,819.138900,820.220747,821.307667,822.399560,823.496639,824.598847,825.706223,826.818762,827.936603,829.059780,830.187955,831.321468,832.460324,833.604480,834.753897,835.908866,837.069348,838.235154,839.406382,840.583106,841.765405,842.953196,844.146570,845.345519,846.550093,847.760431,848.976397,850.198272,851.425737,852.658947,853.897960,855.142808,856.393467,857.650069,858.912576,860.181041,861.455514,862.735983,864.022492,865.315185,866.613964,867.918967,869.230442,870.547624,871.871004,873.200672,874.536630,875.879205,877.227838,878.582729,879.944297,881.312183,882.686538,884.067503,885.454930,886.848923,888.249633,889.657118,891.071086,892.491847,893.919276,895.353490,896.794622,898.242521,899.697296,901.159183,902.628040,904.103748,905.586436,907.076117,908.573022,910.077264,911.588534,913.106909,914.632709,916.165739,917.706029,919.253789,920.808778,922.371201,923.941225,925.518576,927.103586,928.696257,930.296431,931.904261,933.519844,935.143052,936.774208,938.413109,940.059916,941.714589,943.376974,945.047664,946.726281,948.412981,950.107928,951.810891,953.522014,955.241408,956.969178,958.705227,960.449721,962.202485,963.963702,965.733412,967.511743,969.298566,971.094022,972.898319,974.711163,976.532766,978.363150,980.202410,982.050993,983.908396,985.774521,987.649830,989.534057,991.427392,993.329978,995.241726,997.162770,999.093035,1001.032726,1002.982034,1004.940605,1006.908911,1008.886606,1010.873869,1012.870944,1014.877574,1016.893965,1018.920211,1020.956275,1023.002637,1025.058650,1027.124709,1029.200673,1031.286824,1033.383143,1035.489687,1037.606578,1039.733911,1041.871735,1044.019710,1046.178176,1048.347271,1050.526884,1052.717258,1054.918338,1057.130115,1059.352679,1061.586290,1063.830663,1066.086026,1068.352453,1070.630193,1072.918875,1075.218764,1077.530022,1079.852521,1082.186540,1084.531891,1086.888831,1089.257256,1091.637587,1094.029334,1096.432819,1098.848112,1101.275541,1103.714908,1106.165993,1108.629182,1111.104463,1113.591961,1116.091987,1118.603960,1121.128327,1123.665065,1126.214324,1128.776257,1131.350692,1133.937811,1136.537680,1139.150363,1141.775926,1144.414468,1147.066049,1149.730801,1152.408545,1155.099499,1157.803663,1160.521242,1163.252235,1165.996640,1168.754746,1171.526490,1174.311822,1177.110911,1179.923922,1182.750833,1185.591674,1188.446492,1191.315577,1194.198716,1197.096099,1200.007878,1202.933968,1205.874617,1208.829598,1211.799289,1214.783773,1217.782909,1220.796877,1223.825753,1226.869636,1229.928548,1233.002591,1236.091839,1239.196370,1242.316258,1245.451611,1248.602443,1251.768862,1254.950847,1258.148671,1261.362314,1264.592297,1267.837887,1271.099458,1274.377120,1277.671035,1280.981273,1284.307850,1287.650895,1291.010454,1294.386624,1297.779486,1301.189122,1304.615619,1308.059206,1311.519652,1314.997199,1318.491846,1322.003897
660.683068,661.027227,661.364825,661.706691,662.049118,662.389951,662.732159,663.081449,663.427104,663.776446,664.127499,664.485961,664.835410,665.197201,665.548582,665.916784,666.269703,666.629580,666.994889,667.364326,667.738210,668.096025,668.469085,668.841495,669.211045,669.589127,669.972806,670.352820,670.734233,671.117468,671.502715,671.889579,672.279051,672.669322,673.061048,673.454701,673.850938,674.249256,674.648811,675.050415,675.456824,675.866229,676.273344,676.676670,677.089615,677.500146,677.915048,678.331890,678.751369,679.170948,679.592288,680.016880,680.443619,680.871589,681.302972,681.736248,682.169999,682.605373,683.044902,683.485140,683.927526,684.372190,684.820635,685.266101,685.716246,686.168701,686.623369,687.080413,687.539180,688.000416,688.464184,688.929204,689.396918,689.865633,690.338007,690.811519,691.288130,691.769436,692.249067,692.731562,693.216467,693.703258,694.192555,694.683967,695.177989,695.673975,696.171917,696.672448,697.175086,697.680221,698.187770,698.697891,699.210133,699.725221,700.242507,700.761270,701.283283,701.806936,702.332934,702.861442,703.392648,703.925938,704.462238,705.000941,705.542082,706.085541,706.631505,707.180019,707.731272,708.284834,708.840788,709.399278,709.960347,710.524169,711.090427,711.659349,712.230749,712.804784,713.381592,713.960792,714.542552,715.127029,715.714347,716.304070,716.896666,717.492144,718.089931,718.690506,719.294236,719.900608,720.509426,721.121214,721.735404,722.352419,722.972603,723.596050,724.221509,724.850485,725.481864,726.116355,726.753658,727.393944,728.036636,728.682675,729.332097,729.983907,730.638470,731.296235,731.956958,732.620883,733.288000,733.957953,734.631030,735.307005,735.986257,736.668508,737.353994,738.042501,738.734418,739.429333,740.127273,740.828571,741.533122,742.240902,742.951598,743.665714,744.383070,745.103825,745.827799,746.554983,747.285726,748.019544,748.756447,749.497061,750.240810,750.988139,751.738861,752.493030,753.250700,754.011890,754.776399,755.544568,756.316161,757.091658,757.870235,758.652372,759.438059,760.227491,761.020397,761.816941,762.617175,763.421392,764.228995,765.040210,765.855517,766.674127,767.496551,768.322927,769.153036,769.986868,770.824595,771.666199,772.511637,773.360904,774.214054,775.070983,775.931832,776.796609,777.665464,778.538315,779.415132,780.296007,781.180913,782.070043,782.963030,783.860231,784.761465,785.666876,786.576443,787.490526,788.408588,789.330877,790.257329,791.188222,792.123240,793.062591,794.006184,794.954142,795.906441,796.863285,797.824397,798.789922,799.759971,800.734476,801.713558,802.697174,803.685374,804.677979,805.675195,806.676870,807.683366,808.694471,809.710204,810.730704,811.755902,812.785785,813.820519,814.859976,815.904298,816.953417,818.007360,819.066226,820.130125,821.198830,822.272456,823.351154,824.434718,825.523396,826.617130,827.715958,828.819973,829.929155,831.043445,832.162760,833.287388,834.417213,835.552198,836.692565,837.838462,838.989487,840.145911,841.307680,842.474917,843.647545,844.825638,846.009240,847.198325,848.392959,849.593275,850.799137,852.010826,853.228023,854.450879,855.679455,856.913781,858.153834,859.399727,860.651473,861.909074,863.172596,864.442027,865.717519,866.999022,868.286431,869.580146,870.879966,872.185580,873.497290,874.815201,876.139407,877.469947,878.806546,880.149369,881.498656,882.854227,884.216171,885.584629,886.959453,888.340746,889.728659,891.123249,892.524223,893.931892,895.346128,896.767068,898.194788,899.629193,901.070372,902.518560,903.973616,905.435418,906.904096,908.379662,909.862348,911.352264,912.849078,914.353101,915.864181,917.382423,918.907790,920.440576,921.980481,923.527709,925.082532,926.644358,928.213837,929.790862,931.375277,932.967235,934.566829,936.173932,937.788867,939.411490,941.041781,942.679978,944.325570,945.979447,947.641145,949.310775,950.988545,952.674209,954.367908,956.069755,957.779855,959.498108,961.224679,962.959394,964.702434,966.453841,968.213738,969.981998,971.758762,973.544235,975.338124,977.140639,978.951803,980.771709,982.600804,984.438582,986.284947,988.140359,990.004552,991.877715,993.759989,995.651286,997.551752,999.461331,1001.380088,1003.308378,1005.245788,1007.192789,1009.148984,1011.114700,1013.090033,1015.074772,1017.069125,1019.073183,1021.086911,1023.110607,1025.144089,1027.187426,1029.240509,1031.303498,1033.376564,1035.459700,1037.553026,1039.656574,1041.770481,1043.894518,1046.028786,1048.173440,1050.328615,1052.494201,1054.670543,1056.857312,1059.054703,1061.262975,1063.481843,1065.711533,1067.952101,1070.203851,1072.466354,1074.739893,1077.024629,1079.320434,1081.627457,1083.945886,1086.275530,1088.616652,1090.969414,1093.333404,1095.708974,1098.096161,1100.495304,1102.905930,1105.328640,1107.763044,1110.209234,1112.667491,1115.137978,1117.620596,1120.115174,1122.621988,1125.141107,1127.672591,1130.216622,1132.773027,1135.341989,1137.923570,1140.517836,1143.124885,1145.744715,1148.377486,1151.023295,1153.681963,1156.353640,1159.038529,1161.736630,1164.448008,1167.172663,1169.910882,1172.662601,1175.427770,1178.206651,1180.999126,1183.805457,1186.625574,1189.459528,1192.307641,1195.169597,1198.045688,1200.936047,1203.840544,1206.759459,1209.692567,1212.640238,1215.602554,1218.579373,1221.570877,1224.577164,1227.598255,1230.634251,1233.685226,1236.751255,1239.832413,1242.928774,1246.040447,1249.167443,1252.309870,1255.467707,1258.641226,1261.830847,1265.035767,1268.256577,1271.493208,1274.745769,1278.014422,1281.299236,1284.600226,1287.917522,1291.251167,1294.601258,1297.967877,1301.351103,1304.751024,1308.167867,1311.601402,1315.051869,1318.519266,1322.003897
663.705609,664.043727,664.384749,664.727142,665.071931,665.416297,665.756088,666.112230,666.470452,666.815890,667.179543,667.524475,667.887218,668.240653,668.599424,668.961622,669.327890,669.690475,670.055565,670.426149,670.796131,671.163049,671.538440,671.919594,672.296836,672.675575,673.056192,673.438712,673.822865,674.209440,674.596874,674.985919,675.376296,675.769607,676.164798,676.561539,676.959977,677.363107,677.765739,678.173703,678.572817,678.983176,679.390426,679.801830,680.215314,680.631511,681.048026,681.465610,681.886739,682.309389,682.734469,683.162157,683.591697,684.021544,684.452638,684.888589,685.325475,685.763674,686.203898,686.646602,687.093004,687.536805,687.984781,688.435248,688.887885,689.342631,689.799558,690.258801,690.719584,691.183219,691.647141,692.114640,692.584054,693.055666,693.529988,694.008194,694.485891,694.965577,695.447916,695.932294,696.419222,696.908030,697.399216,697.892248,698.387426,698.885311,699.385062,699.887148,700.391818,700.898970,701.408526,701.920526,702.434287,702.950088,703.468863,703.989452,704.512332,705.037161,705.565210,706.095150,706.628014,707.163270,707.700977,708.240816,708.783390,709.328103,709.875553,710.425709,710.977790,711.532534,712.089884,712.649645,713.212214,713.777187,714.344451,714.914505,715.487240,716.062253,716.639942,717.220236,717.803061,718.388569,718.976982,719.567789,720.161306,720.757563,721.356436,721.958177,722.562558,723.169737,723.779085,724.391439,725.006639,725.625141,726.246090,726.869901,727.496426,728.125734,728.757796,729.392808,730.030580,730.671281,731.314953,731.961817,732.611063,733.263336,733.918483,734.576770,735.238227,735.902461,736.569787,737.240010,737.913493,738.589979,739.269424,739.952025,740.637749,741.326494,742.018226,742.713367,743.411559,744.113084,744.817388,745.525055,746.235806,746.950047,747.667425,748.387886,749.111824,749.838969,750.569322,751.302727,752.039501,752.779715,753.523300,754.270593,755.020860,755.774767,756.531879,757.292677,758.056752,758.824610,759.595757,760.370234,761.148222,761.929816,762.714818,763.503515,764.295646,765.091787,765.891519,766.694448,767.501503,768.311886,769.125826,769.943702,770.765338,771.590523,772.419642,773.252513,774.089008,774.929462,775.773666,776.621663,777.473406,778.329127,779.188668,780.052182,780.919791,781.791080,782.666463,783.545958,784.429352,785.316745,786.208152,787.103659,788.003245,788.907314,789.815179,790.727270,791.643406,792.563881,793.488660,794.417270,795.350322,796.287584,797.229136,798.175097,799.125272,800.079771,801.038827,802.002052,802.969810,803.942177,804.918870,805.899949,806.885552,807.875649,808.870239,809.869461,810.873260,811.881693,812.894752,813.912408,814.934817,815.961883,816.993694,818.030222,819.071518,820.117571,821.168559,822.224344,823.284949,824.350404,825.420777,826.496113,827.576408,828.661700,829.752083,830.847401,831.947909,833.053451,834.163945,835.279677,836.400531,837.526469,838.657838,839.794414,840.936163,842.083236,843.235575,844.393305,845.556388,846.724776,847.898634,849.077905,850.262605,851.452957,852.648944,853.850337,855.057265,856.269809,857.487991,858.711839,859.941329,861.176576,862.417591,863.664391,864.916995,866.175547,867.439854,868.710302,869.986467,871.269046,872.557122,873.851170,875.151322,876.457538,877.769953,879.088614,880.413231,881.744000,883.081131,884.424437,885.774131,887.130069,888.492300,889.861022,891.236254,892.617977,894.006031,895.400682,896.801802,898.209602,899.623933,901.044923,902.472775,903.907159,905.348497,906.796479,908.251233,909.712772,911.181327,912.657008,914.139481,915.629058,917.125615,918.629166,920.139766,921.657676,923.182596,924.714730,926.254348,927.800859,929.354911,930.916398,932.485153,934.061355,935.645071,937.236183,938.835010,940.441409,942.055361,943.677101,945.306119,946.943303,948.588188,950.240887,951.901605,953.570096,955.246501,956.930931,958.623491,960.324164,962.032863,963.749677,965.474666,967.207907,968.949512,970.699352,972.457567,974.224362,975.999441,977.783018,979.575074,981.375815,983.185574,985.003884,986.830645,988.666319,990.510637,992.363886,994.225938,996.096910,997.976916,999.865982,1001.764128,1003.671371,1005.587902,1007.513579,1009.448695,1011.392993,1013.346741,1015.309795,1017.282293,1019.264306,1021.255928,1023.257325,1025.268359,1027.288998,1029.319431,1031.359518,1033.409530,1035.469457,1037.539421,1039.619452,1041.709623,1043.809890,1045.920170,1048.040677,1050.171546,1052.312665,1054.464380,1056.626359,1058.798798,1060.981783,1063.175542,1065.379786,1067.594743,1069.820484,1072.057270,1074.304694,1076.563053,1078.832495,1081.112892,1083.404522,1085.707194,1088.021170,1090.346328,1092.683104,1095.031001,1097.390339,1099.761186,1102.143870,1104.538191,1106.943928,1109.361464,1111.790786,1114.232155,1116.685469,1119.150557,1121.627726,1124.116954,1126.618387,1129.132178,1131.658152,1134.196492,1136.747259,1139.310519,1141.886333,1144.474801,1147.075990,1149.689847,1152.316682,1154.956243,1157.608679,1160.274194,1162.952786,1165.644452,1168.349397,1171.067700,1173.799367,1176.544346,1179.302899,1182.074906,1184.860690,1187.660000,1190.473065,1193.300148,1196.140959,1198.995808,1201.864608,1204.747605,1207.644571,1210.555883,1213.481514,1216.421643,1219.376128,1222.345148,1225.328803,1228.327113,1231.340176,1234.368068,1237.410862,1240.468632,1243.541485,1246.629432,1249.732579,1252.851002,1255.984679,1259.133882,1262.299030,1265.479319,1268.675339,1271.887020,1275.114473,1278.357856,1281.617239,1284.892637,1288.184176,1291.491902,1294.815911,1298.156282,1301.513095,1304.886436,1308.276534,1311.683155,1315.106539,1318.546686,1322.003897
666.761926,667.101846,667.445517,667.786112,668.143816,668.488673,668.837010,669.192562,669.544604,669.897105,670.250659,670.609212,670.970089,671.340981,671.702899,672.055802,672.423893,672.791627,673.161747,673.528522,673.907130,674.280753,674.657722,675.035627,675.415536,675.796844,676.180733,676.564972,676.951322,677.338910,677.729175,678.121448,678.515185,678.910667,679.310676,679.710235,680.118938,680.510899,680.919237,681.320905,681.730118,682.140381,682.553005,682.966392,683.381544,683.797296,684.217234,684.638712,685.062661,685.488757,685.913151,686.343599,686.773112,687.207265,687.641503,688.078235,688.517090,688.959525,689.399124,689.843239,690.289499,690.737975,691.188749,691.641138,692.095676,692.552899,693.011415,693.472658,693.934514,694.400180,694.866594,695.336066,695.808803,696.283532,696.758047,697.236052,697.715286,698.197371,698.681428,699.167671,699.656068,700.146574,700.638791,701.133867,701.630794,702.130068,702.631698,703.136170,703.642216,704.151367,704.661907,705.174560,705.690311,706.207455,706.727182,707.248791,707.773550,708.300045,708.829585,709.361391,709.895733,710.431855,710.970840,711.512084,712.055683,712.602030,713.150604,713.701555,714.255252,714.811167,715.369839,715.930740,716.494180,717.060198,717.628723,718.199754,718.773269,719.349307,719.927901,720.509436,721.093171,721.679690,722.268681,722.860651,723.454841,724.052012,724.651793,725.254311,725.859236,726.466577,727.077021,727.690530,728.306702,728.925545,729.547054,730.171206,730.798307,731.428154,732.060841,732.696263,733.334594,733.976275,734.620150,735.266909,735.916554,736.569323,737.225123,737.883833,738.545424,739.209952,739.877480,740.548290,741.221825,741.898427,742.578311,743.260873,743.946504,744.635559,745.327477,746.022668,746.720803,747.421849,748.126270,748.833946,749.544589,750.258597,750.975923,751.696278,752.419892,753.146363,753.876344,754.609479,755.346317,756.086207,756.829390,757.575901,758.326037,759.079275,759.836054,760.596334,761.360050,762.126944,762.897286,763.671137,764.448505,765.229258,766.013687,766.801836,767.593361,768.388205,769.187025,769.989239,770.794883,771.604397,772.417601,773.234288,774.054713,774.879021,775.706866,776.538418,777.373906,778.212989,779.055830,779.902396,780.752900,781.607264,782.465488,783.327435,784.193406,785.063414,785.937240,786.815052,787.696766,788.582414,789.472145,790.366270,791.264113,792.166108,793.072091,793.982214,794.896601,795.814984,796.737569,797.664258,798.595170,799.530333,800.469786,801.413404,802.361491,803.313690,804.270318,805.231329,806.196861,807.166561,808.140675,809.119278,810.102284,811.089693,812.081697,813.078292,814.079327,815.084944,816.095170,817.109992,818.129429,819.153574,820.182356,821.215805,822.254175,823.297094,824.344819,825.397302,826.454692,827.516783,828.583823,829.655750,830.732605,831.814479,832.901349,833.993155,835.089816,836.191580,837.298439,838.410247,839.527262,840.649535,841.776939,842.909488,844.047191,845.190182,846.338383,847.491912,848.650672,849.814788,850.984276,852.159068,853.339532,854.525491,855.716776,856.913513,858.115786,859.323614,860.537026,861.755998,862.980642,864.210948,865.447001,866.688750,867.936360,869.189643,870.448979,871.714119,872.985239,874.261941,875.544541,876.833129,878.127702,879.428444,880.735228,882.047877,883.366701,884.691738,886.022858,887.360272,888.703838,890.053638,891.409762,892.772338,894.141331,895.516599,896.898222,898.286304,899.680962,901.082055,902.489708,903.904125,905.325050,906.752674,908.186919,909.627835,911.075433,912.529942,913.991477,915.459699,916.934920,918.417074,919.906002,921.401965,922.905072,924.415090,925.932229,927.456743,928.988040,930.526768,932.072821,933.626031,935.186590,936.754523,938.329751,939.912643,941.502871,943.100597,944.705990,946.318789,947.939166,949.567360,951.203248,952.847037,954.498480,956.157751,957.824856,959.500005,961.183145,962.874137,964.573221,966.280307,967.995519,969.718969,971.450528,973.190335,974.938594,976.695010,978.459793,980.232927,982.014743,983.805188,985.604182,987.411494,989.227438,991.052185,992.885582,994.727647,996.578495,998.438240,1000.306908,1002.184516,1004.071082,1005.966796,1007.871515,1009.785532,1011.708589,1013.640952,1015.582477,1017.533302,1019.493496,1021.463152,1023.442232,1025.431212,1027.429442,1029.437317,1031.454693,1033.481849,1035.518765,1037.565496,1039.622161,1041.688853,1043.765620,1045.852118,1047.948686,1050.055459,1052.172323,1054.299624,1056.436995,1058.584733,1060.742823,1062.911523,1065.090545,1067.280115,1069.480287,1071.691364,1073.912914,1076.145221,1078.388443,1080.642450,1082.907391,1085.183462,1087.470530,1089.768617,1092.078144,1094.398617,1096.730355,1099.073426,1101.428157,1103.794346,1106.171772,1108.560865,1110.961441,1113.373781,1115.798263,1118.234132,1120.681872,1123.141536,1125.613194,1128.096904,1130.592845,1133.100845,1135.621083,1138.153622,1140.698524,1143.255886,1145.825705,1148.408139,1151.003284,1153.610959,1156.231381,1158.864546,1161.510657,1164.169710,1166.841703,1169.526922,1172.225300,1174.936787,1177.661549,1180.399747,1183.151360,1185.916412,1188.694950,1191.487263,1194.293133,1197.112748,1199.946259,1202.793579,1205.654951,1208.530148,1211.419546,1214.323118,1217.241040,1220.173172,1223.119691,1226.080697,1229.056208,1232.046323,1235.051116,1238.070660,1241.105028,1244.154327,1247.218566,1250.297851,1253.392258,1256.501764,1259.626640,1262.767305,1265.922952,1269.094173,1272.280855,1275.483231,1278.701337,1281.935283,1285.185081,1288.450859,1291.732660,1295.030581,1298.344700,1301.675096,1305.021856,1308.385204,1311.764910,1315.161128,1318.574107,1322.003897
669.858771,670.211653,670.551145,670.909141,671.247725,671.608039,671.952347,672.304007,672.659985,673.021269,673.386773,673.750268,674.098814,674.462494,674.821432,675.195330,675.564813,675.936533,676.306784,676.680856,677.056413,677.433280,677.812068,678.193156,678.574456,678.958001,679.343035,679.730068,680.119375,680.510235,680.902661,681.299785,681.696099,682.099428,682.490506,682.895689,683.293728,683.700005,684.106936,684.516207,684.926044,685.338044,685.750648,686.166769,686.584817,687.005188,687.425479,687.850672,688.275085,688.700566,689.130824,689.561359,689.994611,690.429592,690.865353,691.306600,691.743965,692.186081,692.630565,693.077083,693.525518,693.975829,694.428663,694.882914,695.339507,695.798432,696.258277,696.721174,697.185316,697.652799,698.124311,698.594739,699.067691,699.542176,700.018815,700.498214,700.979566,701.463283,701.948965,702.436766,702.926514,703.418323,703.912421,704.408710,704.907792,705.409030,705.912103,706.418052,706.925545,707.435350,707.947403,708.461600,708.978076,709.496541,710.017728,710.540912,711.067225,711.595452,712.126137,712.658704,713.194299,713.731927,714.271984,714.814606,715.359391,715.906791,716.456356,717.008666,717.563448,718.120344,718.680148,719.241870,719.806508,720.373292,720.942646,721.514366,722.088868,722.666129,723.245754,723.827585,724.412518,724.999829,725.589494,726.182000,726.777322,727.375074,727.975466,728.578056,729.183781,729.792512,730.404079,731.017647,731.634244,732.253401,732.875460,733.500377,734.127913,734.757960,735.390942,736.027284,736.666090,737.307324,737.951684,738.598765,739.248952,739.902167,740.558106,741.216937,741.878837,742.543767,743.211537,743.882127,744.555895,745.232568,745.912118,746.595040,747.280808,747.969628,748.661618,749.356325,750.054313,750.755575,751.459668,752.167197,752.877679,753.591409,754.308415,755.028039,755.751241,756.477654,757.207264,757.940091,758.676317,759.415690,760.158569,760.904564,761.654001,762.406640,763.163011,763.922561,764.685333,765.451530,766.221201,766.994275,767.770872,768.551084,769.334524,770.121600,770.912058,771.706305,772.503837,773.304983,774.109663,774.918127,775.730107,776.545808,777.365079,778.187954,779.014615,779.844963,780.678920,781.516614,782.358097,783.203256,784.052217,784.905108,785.761720,786.622212,787.486695,788.354986,789.227142,790.103104,790.983090,791.867044,792.755342,793.647358,794.543304,795.443305,796.347410,797.255743,798.167765,799.084090,800.004493,800.929015,801.857866,802.790724,803.727984,804.669321,805.614917,806.564836,807.519238,808.477703,809.440500,810.407675,811.379224,812.355065,813.335449,814.320244,815.309483,816.303190,817.301379,818.304151,819.311434,820.323307,821.339741,822.360789,823.386594,824.416891,825.451913,826.491632,827.536040,828.585288,829.639167,830.697925,831.761516,832.830033,833.903391,834.981640,836.064797,837.152751,838.245737,839.343744,840.446629,841.554770,842.667878,843.786105,844.909433,846.037892,847.171460,848.310254,849.454223,850.603387,851.757794,852.917545,854.082645,855.253244,856.429062,857.610227,858.796819,859.988859,861.186374,862.389391,863.597886,864.811971,866.031634,867.256963,868.488013,869.724619,870.967032,872.215159,873.469189,874.729074,875.994460,877.265648,878.542737,879.825820,881.114795,882.409816,883.710613,885.017495,886.330485,887.649494,888.974692,890.305949,891.643349,892.987023,894.337127,895.693277,897.055767,898.424518,899.799630,901.181223,902.569154,903.963547,905.364606,906.772075,908.186143,909.606732,911.033890,912.467631,913.908378,915.355656,916.809878,918.270669,919.738453,921.212904,922.694433,924.182709,925.677936,927.180175,928.689683,930.205866,931.729371,933.260093,934.797860,936.342868,937.895114,939.454590,941.021595,942.595823,944.177529,945.766600,947.363057,948.966975,950.578594,952.197858,953.824773,955.459288,957.101514,958.751455,960.409319,962.075053,963.748518,965.429954,967.119268,968.816585,970.522017,972.235431,973.956969,975.686764,977.424726,979.170860,980.925215,982.688125,984.459533,986.239266,988.027373,989.823850,991.629072,993.442774,995.265009,997.095917,998.935538,1000.783969,1002.641205,1004.507261,1006.382325,1008.266256,1010.159345,1012.061333,1013.972351,1015.892658,1017.821988,1019.760543,1021.708416,1023.665567,1025.632494,1027.608411,1029.593986,1031.588907,1033.593333,1035.607433,1037.631195,1039.664741,1041.708162,1043.761403,1045.824423,1047.897257,1049.980057,1052.072959,1054.176057,1056.289067,1058.412285,1060.545694,1062.689383,1064.843574,1067.007979,1069.182823,1071.368409,1073.564303,1075.770788,1077.987952,1080.215873,1082.454490,1084.704057,1086.964382,1089.235725,1091.517962,1093.811529,1096.115926,1098.431471,1100.758234,1103.096537,1105.446182,1107.806944,1110.179207,1112.562955,1114.958447,1117.365581,1119.784182,1122.214558,1124.656684,1127.110706,1129.576773,1132.054711,1134.544699,1137.046799,1139.561074,1142.087584,1144.626426,1147.177667,1149.741252,1152.317490,1154.906126,1157.507308,1160.121240,1162.747916,1165.387332,1168.039692,1170.705074,1173.383481,1176.074861,1178.779472,1181.497195,1184.228289,1186.972683,1189.730425,1192.501834,1195.286593,1198.084991,1200.897158,1203.722958,1206.562685,1209.416092,1212.283556,1215.165155,1218.060746,1220.970506,1223.894506,1226.832845,1229.785540,1232.752691,1235.734370,1238.730648,1241.741600,1244.767330,1247.807848,1250.863260,1253.933541,1257.018962,1260.119499,1263.235670,1266.366666,1269.513079,1272.674794,1275.852045,1279.044866,1282.253366,1285.477558,1288.717569,1291.973441,1295.245269,1298.533132,1301.837114,1305.157282,1308.493879,1311.846667,1315.215801,1318.601527,1322.003897
673.005861,673.351893,673.699131,674.045780,674.398031,674.753153,675.109660,675.473693,675.819345,676.181337,676.542115,676.898957,677.264755,677.637176,678.006138,678.374270,678.745577,679.118327,679.492583,679.868416,680.246832,680.625192,681.006116,681.388126,681.772693,682.158987,682.546816,682.936247,683.330398,683.723728,684.126449,684.511750,684.913952,685.308642,685.711462,686.115400,686.521003,686.927920,687.336501,687.745753,688.158546,688.572880,688.988475,689.407601,689.828331,690.248852,690.670808,691.097174,691.523923,691.953378,692.383976,692.816984,693.253850,693.687396,694.125170,694.566020,695.008274,695.452518,695.898699,696.346872,696.798026,697.249697,697.704218,698.159572,698.618230,699.077993,699.540462,700.005622,700.474252,700.942615,701.412483,701.884704,702.358699,702.835422,703.314220,703.795319,704.277983,704.763046,705.250268,705.739110,706.230660,706.723933,707.219925,707.718115,708.218021,708.720923,709.225378,709.732038,710.240789,710.751957,711.264996,711.780390,712.298058,712.818160,713.340961,713.865933,714.392813,714.921949,715.453962,715.988008,716.524395,717.063320,717.604695,718.148016,718.693880,719.242080,719.793209,720.346461,720.902131,721.459917,722.020352,722.583094,723.148340,723.715912,724.286142,724.859196,725.434456,726.012215,726.592540,727.175387,727.760581,728.348521,728.939297,729.532486,730.128215,730.726108,731.327272,731.931096,732.537761,733.146411,733.758171,734.372376,734.989446,735.609126,736.231451,736.856596,737.484245,738.115117,738.748845,739.384796,740.023643,740.665391,741.309934,741.957600,742.607906,743.261198,743.917345,744.576451,745.238438,745.903222,746.571035,747.241702,747.915439,748.592052,749.271922,749.954360,750.640115,751.328585,752.020152,752.715102,753.412699,754.113681,754.817636,755.524853,756.235046,756.948257,757.664351,758.384038,759.106668,759.832601,760.561712,761.294033,762.029777,762.768631,763.510650,764.256072,765.004948,765.757151,766.512426,767.271064,768.033056,768.798613,769.567361,770.339728,771.115338,771.894604,772.676955,773.463070,774.252679,775.045496,775.841923,776.642121,777.445662,778.252821,779.063637,779.877955,780.695836,781.517592,782.342762,783.171601,784.004180,784.840552,785.680305,786.524006,787.371395,788.222609,789.077756,789.936595,790.799404,791.665768,792.536094,793.410302,794.288816,795.170979,796.056983,796.946995,797.840999,798.739027,799.640994,800.546945,801.457033,802.371124,803.289328,804.211650,805.138220,806.068774,807.003554,807.942521,808.885671,809.833268,810.784889,811.740807,812.701016,813.665510,814.634313,815.607511,816.585073,817.567035,818.553395,819.544249,820.539488,821.539265,822.543511,823.552284,824.565763,825.583571,826.606047,827.633141,828.664829,829.701210,830.742243,831.788008,832.838499,833.893853,834.953940,836.018809,837.088453,838.162993,839.242261,840.326488,841.415665,842.509647,843.608813,844.712938,845.821988,846.936111,848.055301,849.179524,850.308903,851.443382,852.582965,853.727724,854.877642,856.033049,857.193770,858.359630,859.530758,860.707235,861.889080,863.076320,864.268982,865.467040,866.670623,867.879701,869.094429,870.314605,871.540363,872.771979,874.009246,875.251888,876.500588,877.754704,879.014533,880.280179,881.551732,882.829243,884.112454,885.401406,886.696477,887.997420,889.304446,890.617409,891.936421,893.261484,894.592730,895.930312,897.273847,898.623628,899.979579,901.341833,902.710391,904.085232,905.466629,906.854294,908.248306,909.648951,911.055909,912.469392,913.889355,915.316229,916.749530,918.189675,919.636375,921.089787,922.549853,924.016893,925.490575,926.971103,928.458539,929.953137,931.454361,932.962685,934.478174,936.000601,937.530159,939.066846,940.610653,942.161878,943.720214,945.285917,946.858871,948.439097,950.026672,951.621832,953.224520,954.834745,956.452454,958.077756,959.710655,961.351358,962.999813,964.655878,966.319784,967.991466,969.671019,971.358565,973.053978,974.757374,976.468865,978.188491,979.916115,981.651921,983.395982,985.148375,986.909212,988.678170,990.455367,992.241178,994.035338,995.837932,997.649012,999.468678,1001.297028,1003.134057,1004.979766,1006.834238,1008.697627,1010.569985,1012.451112,1014.341055,1016.240183,1018.148192,1020.065285,1021.991554,1023.926956,1025.871821,1027.825869,1029.789260,1031.761852,1033.743800,1035.735273,1037.736262,1039.746883,1041.767228,1043.797181,1045.836883,1047.886185,1049.945300,1052.014362,1054.093254,1056.182322,1058.281231,1060.390173,1062.509236,1064.638642,1066.778102,1068.927839,1071.087907,1073.258618,1075.439507,1077.630887,1079.832906,1082.045431,1084.268739,1086.502637,1088.747378,1091.002855,1093.269485,1095.546773,1097.835039,1100.134348,1102.445023,1104.766865,1107.099649,1109.443803,1111.799142,1114.165946,1116.544592,1118.934322,1121.335620,1123.748537,1126.173140,1128.609487,1131.057756,1133.517771,1135.989712,1138.473639,1140.969614,1143.477731,1145.997985,1148.530534,1151.075472,1153.632615,1156.202180,1158.784161,1161.378760,1163.985971,1166.605789,1169.238499,1171.883935,1174.542342,1177.213586,1179.897927,1182.595242,1185.305851,1188.029503,1190.766422,1193.516871,1196.280556,1199.057785,1201.848471,1204.652854,1207.470806,1210.302403,1213.147912,1216.007412,1218.880759,1221.768128,1224.669619,1227.585247,1230.515110,1233.459280,1236.417829,1239.390827,1242.378348,1245.380496,1248.397280,1251.428805,1254.475046,1257.536272,1260.612459,1263.704126,1266.810570,1269.932056,1273.068796,1276.220914,1279.388442,1282.571491,1285.770070,1288.984308,1292.214244,1295.459975,1298.721578,1301.999136,1305.292715,1308.602559,1311.928427,1315.270475,1318.628948,1322.003897
676.183985,676.533580,676.888992,677.248793,677.602043,677.947608,678.305129,678.663568,679.024500,679.381405,679.751339,680.115633,680.483966,680.851888,681.221794,681.594194,681.967949,682.342096,682.718310,683.095367,683.475115,683.857146,684.240388,684.625274,685.011635,685.402862,685.793118,686.189131,686.574952,686.974121,687.365630,687.765183,688.165799,688.568238,688.971881,689.377238,689.782994,690.192349,690.603474,691.015453,691.430837,691.848103,692.265291,692.683538,693.105150,693.529756,693.955105,694.381493,694.810914,695.243896,695.673546,696.107773,696.544315,696.982516,697.422906,697.864679,698.308829,698.755376,699.203170,699.653563,700.105567,700.558531,701.015177,701.472054,701.932535,702.397387,702.861982,703.326137,703.794236,704.263447,704.735029,705.209206,705.685466,706.163933,706.643918,707.125967,707.610320,708.096591,708.584942,709.075470,709.568439,710.063405,710.560879,711.060275,711.561569,712.065117,712.570476,713.078556,713.588417,714.100642,714.614987,715.131761,715.650998,716.172464,716.696011,717.221692,717.749976,718.280491,718.813396,719.348447,719.886212,720.425669,720.967843,721.512160,722.059302,722.609040,723.160579,723.714257,724.270714,724.829392,725.390507,725.954048,726.520165,727.088981,727.659921,728.233178,728.809009,729.387535,729.968259,730.551654,731.138068,731.726517,732.317681,732.911037,733.507490,734.106275,734.708078,735.312014,735.918842,736.528102,737.140105,737.754805,738.372147,738.992057,739.614569,740.240087,740.868631,741.499363,742.132809,742.769074,743.408125,744.050300,744.695131,745.342676,745.993156,746.646507,747.302791,747.961707,748.623696,749.288461,749.956143,750.626773,751.300527,751.977007,752.656266,753.338731,754.023912,754.712533,755.403712,756.098016,756.795683,757.496205,758.199900,758.906441,759.616010,760.328719,761.044441,761.763461,762.485587,763.211065,763.939655,764.671358,765.406207,766.144364,766.885839,767.630615,768.378629,769.129781,769.884380,770.642198,771.403181,772.167891,772.935701,773.706978,774.481682,775.259692,776.041258,776.826061,777.614225,778.406141,779.201435,780.000206,780.802580,781.608440,782.417761,783.230810,784.047367,784.867445,785.691278,786.518651,787.349434,788.184133,789.022472,789.864464,790.710233,791.559897,792.413301,793.270253,794.131040,794.995684,795.864475,796.736922,797.613151,798.493224,799.377282,800.265168,801.157217,802.052913,802.952727,803.856482,804.764275,805.676168,806.592112,807.512023,808.436082,809.364262,810.296510,811.233024,812.173742,813.118541,814.067525,815.020765,815.978327,816.939941,817.905987,818.876393,819.851016,820.830093,821.813471,822.801308,823.793516,824.790171,825.791447,826.797042,827.807062,828.821648,829.840860,830.864563,831.892893,832.925807,833.963386,835.005722,836.052729,837.104412,838.160777,839.221770,840.287766,841.358417,842.433939,843.514173,844.599495,845.689615,846.784684,847.884682,848.989640,850.099533,851.214484,852.334424,853.459390,854.589456,855.724618,856.864843,858.010671,859.161395,860.317291,861.478417,862.644814,863.816500,864.993503,866.175847,867.363524,868.556615,869.755134,870.959223,872.168678,873.383633,874.604606,875.830663,877.062568,878.299817,879.542724,880.791233,882.045487,883.305619,884.571509,885.843068,887.120281,888.403513,889.692554,890.987575,892.288444,893.595272,894.908106,896.226941,897.552067,898.883120,900.220219,901.563408,902.912835,904.268470,905.630294,906.998579,908.373036,909.753865,911.140987,912.534446,913.934333,915.340601,916.753680,918.173170,919.599239,921.031844,922.471061,923.916975,925.369469,926.828648,928.294569,929.767293,931.247075,932.733378,934.226675,935.727021,937.234217,938.748426,940.269574,941.797958,943.333447,944.875998,946.425804,947.982750,949.546856,951.118198,952.697078,954.283242,955.876892,957.477912,959.086408,960.702452,962.326050,963.957348,965.596138,967.242650,968.896818,970.558737,972.228445,973.906064,975.591460,977.284829,978.986208,980.695462,982.412772,984.138285,985.871856,987.613817,989.363771,991.121836,992.888386,994.663154,996.446227,998.237653,1000.037533,1001.845982,1003.662942,1005.488464,1007.322614,1009.165546,1011.017298,1012.877618,1014.746778,1016.624898,1018.511760,1020.407565,1022.312404,1024.226235,1026.149269,1028.081578,1030.022968,1031.973414,1033.933070,1035.902106,1037.880509,1039.868397,1041.865798,1043.872782,1045.889302,1047.915271,1049.950901,1051.996325,1054.051425,1056.116547,1058.191355,1060.276041,1062.370689,1064.475523,1066.590253,1068.715101,1070.850119,1072.995609,1075.151136,1077.316981,1079.493300,1081.679962,1083.877112,1086.084945,1088.303235,1090.532272,1092.772204,1095.022625,1097.283853,1099.555952,1101.838980,1104.133260,1106.438589,1108.754742,1111.082101,1113.420649,1115.770644,1118.131982,1120.504486,1122.888463,1125.283887,1127.690901,1130.109653,1132.539969,1134.982025,1137.435882,1139.901600,1142.379240,1144.868896,1147.370496,1149.884395,1152.410489,1154.948659,1157.499122,1160.061869,1162.637104,1165.224820,1167.825011,1170.437961,1173.063603,1175.701882,1178.352964,1181.017006,1183.693986,1186.383926,1189.086869,1191.803103,1194.532406,1197.274968,1200.030932,1202.800213,1205.583050,1208.379214,1211.189079,1214.012614,1216.849996,1219.701079,1222.566040,1225.444976,1228.337902,1231.244917,1234.166090,1237.101493,1240.051197,1243.015273,1245.993825,1248.986861,1251.994485,1255.016674,1258.053694,1261.105521,1264.172673,1267.254446,1270.351105,1273.462862,1276.589837,1279.732065,1282.889655,1286.062616,1289.251074,1292.455071,1295.674699,1298.910037,1302.161168,1305.428314,1308.711242,1312.010190,1315.325151,1318.656370,1322.003897
679.421264,679.760263,680.115671,680.470489,680.820216,681.179920,681.545170,681.908286,682.269476,682.634452,683.000022,683.367411,683.735668,684.107798,684.479495,684.852965,685.227376,685.604473,685.983315,686.363863,686.745803,687.129211,687.517333,687.909130,688.297689,688.680499,689.076593,689.464660,689.861442,690.258312,690.657661,691.058346,691.460286,691.862731,692.268647,692.676585,693.085042,693.496849,693.910629,694.322403,694.740476,695.157015,695.577570,695.998430,696.421919,696.847705,697.277113,697.705644,698.132992,698.564862,698.999810,699.436071,699.874158,700.313902,700.755832,701.200465,701.645843,702.094111,702.542563,702.994853,703.447809,703.903291,704.361503,704.823204,705.284468,705.747392,706.212706,706.679335,707.148199,707.619751,708.093412,708.569131,709.046296,709.525502,710.007180,710.490454,710.975970,711.463590,711.953466,712.445527,712.939772,713.436572,713.934225,714.434720,714.936991,715.441791,715.948476,716.457288,716.968499,717.481918,717.997457,718.515734,719.035675,719.557815,720.082767,720.609603,721.138996,721.670010,722.204230,722.740089,723.278491,723.819381,724.362512,724.907951,725.455549,726.005329,726.557757,727.112306,727.669318,728.228702,728.790700,729.355462,729.921934,730.490924,731.062273,731.636368,732.212580,732.791654,733.373433,733.957419,734.544061,735.133000,735.724433,736.318563,736.915289,737.514587,738.116458,738.720999,739.327978,739.937630,740.549915,741.164775,741.782029,742.402141,743.025551,743.651180,744.279181,744.910152,745.543762,746.180255,746.819652,747.461690,748.106440,748.754101,749.404763,750.057807,750.714048,751.372851,752.034599,752.699387,753.366835,754.037355,754.710474,755.386741,756.065794,756.747841,757.432861,758.120743,758.812046,759.505873,760.202959,760.903184,761.606055,762.311873,763.020983,763.733022,764.448305,765.166803,765.888223,766.612954,767.340681,768.071506,768.805878,769.543266,770.284011,771.027874,771.774914,772.525090,773.278669,774.035495,774.795684,775.559180,776.326046,777.096168,777.869759,778.646536,779.426668,780.210378,780.997457,781.787950,782.581891,783.379380,784.180283,784.984583,785.792748,786.604197,787.419258,788.237790,789.059970,789.885609,790.714846,791.547767,792.384399,793.224829,794.068906,794.916692,795.768023,796.623107,797.482013,798.345156,799.211683,800.081982,800.956193,801.834160,802.716100,803.601846,804.491452,805.385060,806.282562,807.184010,808.089594,808.998988,809.912482,810.829982,811.751464,812.677152,813.606965,814.540781,815.478702,816.420774,817.367096,818.317452,819.272115,820.231028,821.194132,822.161579,823.133268,824.109245,825.089615,826.074306,827.063533,828.056994,829.054796,830.057113,831.063896,832.075120,833.090882,834.111225,835.135976,836.165480,837.199564,838.238174,839.281496,840.329400,841.382056,842.439276,843.501293,844.568095,845.639662,846.715998,847.797185,848.883250,849.974173,851.069983,852.170660,853.276313,854.386897,855.502392,856.622928,857.748537,858.879098,860.015187,861.156097,862.302100,863.453258,864.609609,865.771172,866.937973,868.109986,869.287339,870.470008,871.658121,872.851501,874.050277,875.254754,876.464719,877.679693,878.900639,880.126802,881.358482,882.595781,883.838788,885.087399,886.341838,887.601739,888.867255,890.138728,891.415910,892.698985,893.987819,895.282523,896.583144,897.889675,899.202407,900.521002,901.845476,903.176020,904.512686,905.855468,907.204553,908.559666,909.920911,911.288509,912.662305,914.042341,915.428708,916.821360,918.220725,919.626566,921.038648,922.457244,923.882259,925.313961,926.752142,928.196906,929.648309,931.106414,932.571472,934.042947,935.521311,937.006620,938.498686,939.997632,941.503422,943.016343,944.536259,946.063128,947.597143,949.138189,950.686283,952.241502,953.804148,955.373964,956.951154,958.535599,960.127407,961.726647,963.333326,964.947588,966.569226,968.198467,969.835247,971.479658,973.131739,974.791611,976.459139,978.134518,979.817784,981.508803,983.207724,984.914785,986.629748,988.352976,990.084070,991.823148,993.570584,995.326108,997.089809,998.861732,1000.641963,1002.430701,1004.227788,1006.033222,1007.847210,1009.669846,1011.501166,1013.340914,1015.189377,1017.046656,1018.912539,1020.787227,1022.670810,1024.563245,1026.464622,1028.375372,1030.294842,1032.223422,1034.161034,1036.107754,1038.063758,1040.029102,1042.003692,1043.987829,1045.981487,1047.984319,1049.996661,1052.018563,1054.050156,1056.091535,1058.142412,1060.203082,1062.273525,1064.353827,1066.444209,1068.544381,1070.654566,1072.775062,1074.905437,1077.045968,1079.196742,1081.357836,1083.529186,1085.711042,1087.903213,1090.105948,1092.319139,1094.543202,1096.777641,1099.022773,1101.278663,1103.545633,1105.823480,1108.111979,1110.411558,1112.722028,1115.043805,1117.376857,1119.720830,1122.076072,1124.442633,1126.820579,1129.209965,1131.610968,1134.023411,1136.447471,1138.883208,1141.330681,1143.789984,1146.261111,1148.744226,1151.239393,1153.746456,1156.265621,1158.796879,1161.340432,1163.896272,1166.464393,1169.044996,1171.638157,1174.243877,1176.862101,1179.493086,1182.136710,1184.793229,1187.462573,1190.144783,1192.840179,1195.548440,1198.269854,1201.004549,1203.752385,1206.513654,1209.288108,1212.076121,1214.877662,1217.692905,1220.521706,1223.364240,1226.220604,1229.090812,1231.974961,1234.873121,1237.785363,1240.711756,1243.652404,1246.607315,1249.576590,1252.560302,1255.558426,1258.571229,1261.599126,1264.641311,1267.698403,1270.770226,1273.856990,1276.958815,1280.075736,1283.207860,1286.355195,1289.517868,1292.695919,1295.889441,1299.098510,1302.323209,1305.563761,1308.819931,1312.091955,1315.379827,1318.683791,1322.003897
682.677855,683.032180,683.382775,683.745998,684.105170,684.465874,684.827159,685.190482,685.555347,685.920750,686.290095,686.658907,687.029531,687.401260,687.775882,688.152137,688.529669,688.908676,689.289236,689.672993,690.063127,690.445799,690.828940,691.221245,691.607491,692.000032,692.393728,692.789974,693.187132,693.585999,693.985128,694.388035,694.792169,695.197272,695.605853,696.016103,696.424146,696.838800,697.251657,697.668725,698.085836,698.505628,698.927573,699.349925,699.777753,700.201680,700.629599,701.060482,701.492905,701.926914,702.362695,702.799952,703.240579,703.681918,704.126129,704.570367,705.017966,705.467688,705.918474,706.371721,706.829983,707.287087,707.744264,708.205755,708.667643,709.132096,709.598387,710.067414,710.538212,711.011018,711.485674,711.962280,712.440762,712.921302,713.403650,713.888384,714.375249,714.864401,715.355942,715.849198,716.343909,716.841105,717.340380,717.842023,718.345281,718.850781,719.358626,719.868609,720.381253,720.895758,721.412123,721.930889,722.451808,722.975414,723.501325,724.028567,724.558994,725.091206,725.626101,726.162956,726.702431,727.243734,727.787401,728.333169,728.881581,729.432092,729.985070,730.540494,731.098510,731.658622,732.220940,732.785516,733.352531,733.922236,734.494144,735.068746,735.645877,736.225428,736.807545,737.391681,737.978447,738.567871,739.159825,739.754490,740.351362,740.951016,741.552960,742.157646,742.764894,743.374658,743.986914,744.601770,745.219787,745.840371,746.463083,747.088744,747.716788,748.347826,748.981811,749.618182,750.257536,750.899464,751.544348,752.191813,752.842103,753.495082,754.150918,754.809763,755.471335,756.135806,756.802764,757.472853,758.145879,758.821493,759.500265,760.181768,760.866572,761.554052,762.244747,762.938200,763.634538,764.333631,765.036026,765.741246,766.449736,767.161259,767.875819,768.593475,769.314146,770.037921,770.765059,771.495088,772.228669,772.965159,773.704790,774.447526,775.193635,775.942793,776.695297,777.451032,778.210138,778.972627,779.738230,780.507059,781.279231,782.054819,782.833772,783.616063,784.401721,785.190875,785.983377,786.779278,787.578848,788.381885,789.188215,789.998120,790.811420,791.628115,792.448616,793.272599,794.100107,794.931328,795.766327,796.604887,797.446903,798.292584,799.142037,799.995678,800.852588,801.713214,802.577684,803.445858,804.317811,805.193680,806.073293,806.956803,807.844163,808.735338,809.630500,810.529603,811.432628,812.339577,813.250457,814.165424,815.084420,816.007438,816.934429,817.865493,818.800729,819.740041,820.683318,821.630917,822.582673,823.538586,824.498707,825.463059,826.431682,827.404551,828.381881,829.363361,830.349134,831.339265,832.333807,833.332752,834.336073,835.343867,836.356194,837.372931,838.394260,839.420027,840.450401,841.485298,842.524772,843.568929,844.617583,845.670964,846.728965,847.791856,848.859350,849.931624,851.008753,852.090627,853.177259,854.268781,855.365134,856.466346,857.572446,858.683495,859.799433,860.920659,862.046889,863.177972,864.314108,865.455337,866.601675,867.753149,868.909784,870.071569,871.238584,872.410965,873.588487,874.771309,875.959446,877.153409,878.352373,879.556470,880.766451,881.981585,883.202124,884.428214,885.659986,886.897379,888.140131,889.388379,890.642380,891.902136,893.167596,894.438699,895.715555,896.998270,898.286661,899.580950,900.881350,902.187524,903.499485,904.817470,906.141399,907.471394,908.807595,910.149743,911.497923,912.852417,914.212905,915.579593,916.952514,918.331824,919.717356,921.109522,922.507739,923.912381,925.323367,926.740979,928.164895,929.595330,931.032304,932.475877,933.926302,935.383041,936.846565,938.316931,939.793949,941.277742,942.768335,944.265910,945.770273,947.281579,948.799891,950.325140,951.857329,953.396599,954.943052,956.496632,958.057473,959.625457,961.200691,962.783243,964.373204,965.970465,967.575070,969.187163,970.806677,972.433705,974.068285,975.710528,977.360325,979.017845,980.683131,982.356048,984.036876,985.725461,987.421954,989.126587,990.838963,992.559196,994.287612,996.024088,997.768564,999.521134,1001.281882,1003.050921,1004.828353,1006.613913,1008.407896,1010.210393,1012.021443,1013.840785,1015.668708,1017.505177,1019.350383,1021.204123,1023.066620,1024.937830,1026.817843,1028.707112,1030.604846,1032.511710,1034.427394,1036.352042,1038.285832,1040.228817,1042.180903,1044.142390,1046.113149,1048.093137,1050.082386,1052.081045,1054.089246,1056.107082,1058.134265,1060.171087,1062.217530,1064.273678,1066.339751,1068.415458,1070.501021,1072.596721,1074.702177,1076.817613,1078.943110,1081.078811,1083.224583,1085.380571,1087.546969,1089.723548,1091.910597,1094.108263,1096.316139,1098.534540,1100.763531,1103.003433,1105.254043,1107.515133,1109.787033,1112.069849,1114.363563,1116.668431,1118.984348,1121.311138,1123.649098,1125.998209,1128.358610,1130.730447,1133.113545,1135.508078,1137.914106,1140.331686,1142.760880,1145.201778,1147.654308,1150.118824,1152.595218,1155.083371,1157.583498,1160.095590,1162.619848,1165.156263,1167.704828,1170.265825,1172.839087,1175.424856,1178.022996,1180.633764,1183.257036,1185.893130,1188.541791,1191.203242,1193.877743,1196.564999,1199.265314,1201.978599,1204.705093,1207.444664,1210.197388,1212.963529,1215.743161,1218.536141,1221.342641,1224.162729,1226.996502,1229.843974,1232.705241,1235.580372,1238.469437,1241.372506,1244.289680,1247.220967,1250.166468,1253.126255,1256.100302,1259.088875,1262.092391,1265.110039,1268.142407,1271.189419,1274.251181,1277.327848,1280.419454,1283.526104,1286.647808,1289.784690,1292.936790,1296.104201,1299.286997,1302.485261,1305.699215,1308.928624,1312.173722,1315.434504,1318.711213,1322.003897
685.990396,686.344675,686.704020,687.062448,687.422855,687.784101,688.150197,688.514796,688.881480,689.248376,689.617995,689.990054,690.363341,690.738153,691.114184,691.495570,691.870766,692.262947,692.639567,693.019658,693.407815,693.792036,694.181553,694.572286,694.965053,695.358959,695.754425,696.150651,696.550069,696.950830,697.352531,697.757723,698.164708,698.569121,698.980253,699.389483,699.803149,700.216519,700.632705,701.050265,701.469960,701.893568,702.313640,702.738175,703.164683,703.593172,704.023507,704.455067,704.888763,705.324277,705.762214,706.201795,706.643286,707.085394,707.531291,707.977282,708.426236,708.877772,709.332435,709.786661,710.242426,710.700715,711.160310,711.622195,712.085682,712.552089,713.020460,713.490509,713.961927,714.435658,714.911465,715.389183,715.868690,716.350530,716.834281,717.320582,717.808893,718.298801,718.790605,719.284570,719.780785,720.278882,720.779053,721.281228,721.785748,722.292451,722.801767,723.312805,723.825720,724.340792,724.858213,725.378153,725.900486,726.424004,726.950994,727.479636,728.010494,728.543512,729.079135,729.616610,730.156253,730.698194,731.242427,731.788983,732.337656,732.889315,733.442973,733.998848,734.556819,735.117211,735.679900,736.245086,736.812733,737.382748,737.955624,738.530799,739.108080,739.687571,740.269705,740.854425,741.441642,742.031612,742.623614,743.218375,743.815408,744.415029,745.017269,745.621899,746.229154,746.838919,747.451626,748.067048,748.684687,749.304805,749.927468,750.553154,751.181482,751.812585,752.446219,753.082547,753.721843,754.363622,755.008012,755.655171,756.305394,756.958289,757.613884,758.272252,758.933195,759.597010,760.264022,760.933431,761.605981,762.281267,762.959426,763.640837,764.324622,765.011811,765.701584,766.394153,767.089788,767.788335,768.489970,769.194664,769.902327,770.613026,771.326693,772.043323,772.763265,773.486285,774.212506,774.941884,775.674127,776.409461,777.148051,777.889680,778.634803,779.382871,780.134143,780.889073,781.646662,782.407734,783.171960,783.939512,784.710380,785.484585,786.262064,787.042887,787.827122,788.614711,789.405762,790.200396,790.998253,791.799454,792.604069,793.412240,794.223700,795.038771,795.857356,796.679574,797.505494,798.334901,799.167813,800.004172,800.844202,801.688424,802.535844,803.386911,804.241753,805.100228,805.962412,806.828440,807.698141,808.571600,809.449018,810.330019,811.215001,812.103808,812.996484,813.893011,814.793411,815.697788,816.606080,817.518410,818.434620,819.354861,820.279062,821.207324,822.139537,823.075928,824.016409,824.960982,825.909697,826.862543,827.819578,828.780941,829.746358,830.716006,831.689864,832.668033,833.650457,834.637237,835.628308,836.623768,837.623758,838.627980,839.636629,840.649730,841.667338,842.689381,843.715913,844.746863,845.782590,846.822743,847.867540,848.916943,849.970953,851.029653,852.093068,853.161229,854.234009,855.311584,856.393894,857.480970,858.572885,859.669596,860.771182,861.877715,862.989388,864.105754,865.227081,866.353387,867.484710,868.621068,869.762486,870.909004,872.060564,873.217405,874.379272,875.546392,876.718694,877.896514,879.079635,880.267729,881.461302,882.660055,883.864183,885.073642,886.288664,887.509095,888.735161,889.966492,891.203242,892.445750,893.693767,894.947477,896.206745,897.471725,898.742386,900.018681,901.300947,902.589025,903.882705,905.182240,906.487685,907.798984,909.116448,910.439726,911.768894,913.104078,914.445484,915.792789,917.146202,918.505753,919.871653,921.243735,922.622080,924.006544,925.397336,926.794521,928.197941,929.607712,931.023904,932.446534,933.875663,935.311543,936.753636,938.202403,939.657926,941.119990,942.588785,944.064155,945.546462,947.035452,948.531261,950.034005,951.543560,953.059948,954.583308,956.113742,957.651192,959.195794,960.747428,962.306200,963.872178,965.445452,967.025913,968.613603,970.208666,971.811035,973.420803,975.038005,976.662753,978.294938,979.934726,981.582162,983.237108,984.899844,986.570217,988.248375,989.934552,991.628347,993.329876,995.039463,996.756984,998.482380,1000.215743,1001.957181,1003.706732,1005.464573,1007.230413,1009.004544,1010.787059,1012.577995,1014.377091,1016.184672,1018.000591,1019.825149,1021.658106,1023.499684,1025.349839,1027.208659,1029.076596,1030.952859,1032.838113,1034.732047,1036.634804,1038.546560,1040.467368,1042.397134,1044.336156,1046.284245,1048.241539,1050.207886,1052.183496,1054.168500,1056.162989,1058.166675,1060.179851,1062.202496,1064.234693,1066.276492,1068.328113,1070.389265,1072.460167,1074.541130,1076.631686,1078.732144,1080.842648,1082.963064,1085.093536,1087.234255,1089.384995,1091.546041,1093.717257,1095.899085,1098.090990,1100.293318,1102.506124,1104.729727,1106.963925,1109.208489,1111.463798,1113.729805,1116.006783,1118.294743,1120.593333,1122.902897,1125.223485,1127.555160,1129.897977,1132.252111,1134.617383,1136.993969,1139.381928,1141.781317,1144.192227,1146.614653,1149.048756,1151.494597,1153.952023,1156.421233,1158.902221,1161.395184,1163.900115,1166.417005,1168.946054,1171.487335,1174.040850,1176.606540,1179.184568,1181.775092,1184.378085,1186.993566,1189.621579,1192.262313,1194.915828,1197.582027,1200.261148,1202.953100,1205.658122,1208.376082,1211.107053,1213.851301,1216.608899,1219.379701,1222.163881,1224.961533,1227.772671,1230.597390,1233.435758,1236.287844,1239.153717,1242.033445,1244.927131,1247.834780,1250.756494,1253.692344,1256.642302,1259.606635,1262.585757,1265.578859,1268.586526,1271.608683,1274.645435,1277.696937,1280.763252,1283.844390,1286.940455,1290.051541,1293.177684,1296.318978,1299.475497,1302.647323,1305.834676,1309.037321,1312.255492,1315.489183,1318.738635,1322.003897
689.340605,689.698576,690.057779,690.420208,690.782166,691.146267,691.510800,691.877576,692.246987,692.617512,692.989482,693.362569,693.740568,694.117315,694.501773,694.874012,695.253525,695.638439,696.020003,696.405994,696.793623,697.183272,697.573999,697.966259,698.358893,698.755265,699.152830,699.551117,699.952886,700.356568,700.757634,701.165223,701.570763,701.980762,702.390762,702.803023,703.217252,703.633328,704.053096,704.469147,704.889949,705.312603,705.737218,706.163772,706.591523,707.021057,707.452569,707.886208,708.321672,708.759357,709.197132,709.638211,710.080667,710.525306,710.972493,711.423185,711.872628,712.323851,712.778019,713.233188,713.690333,714.149503,714.610753,715.074335,715.539808,716.006930,716.475758,716.946796,717.419588,717.894210,718.371107,718.849870,719.330820,719.813715,720.298857,720.785937,721.274659,721.765445,722.258268,722.753267,723.249818,723.748888,724.250005,724.753972,725.259489,725.766972,726.276325,726.787818,727.301806,727.818329,728.336956,728.857026,729.380302,729.905009,730.432054,730.961231,731.493027,732.026586,732.562271,733.100300,733.640560,734.183024,734.728173,735.275432,735.824647,736.376341,736.930064,737.486197,738.044543,738.605394,739.168705,739.734325,740.302757,740.873445,741.446084,742.020948,742.598377,743.178423,743.760951,744.346189,744.933291,745.523185,746.115208,746.709947,747.307164,747.906746,748.509074,749.113615,749.721169,750.331536,750.943769,751.558622,752.176073,752.796230,753.419150,754.044736,754.672940,755.303631,755.937089,756.573409,757.212029,757.853553,758.497830,759.144952,759.794582,760.446904,761.101878,761.759631,762.420558,763.083832,763.750117,764.419140,765.091170,765.766030,766.443449,767.123997,767.807436,768.493545,769.182413,769.874348,770.569148,771.267101,771.967884,772.671721,773.378390,774.088126,774.800849,775.516961,776.235928,776.958035,777.682998,778.411127,779.142219,779.876367,780.613987,781.354588,782.098041,782.845293,783.595299,784.348505,785.104871,785.864505,786.627391,787.393586,788.162938,788.935574,789.711611,790.490955,791.273620,792.059716,792.849230,793.641896,794.437975,795.237422,796.040128,796.846405,797.656250,798.469465,799.286386,800.106759,800.930522,801.757736,802.588568,803.423402,804.261410,805.103046,805.948354,806.797231,807.649766,808.505955,809.365799,810.229546,811.097020,811.968006,812.842915,813.721616,814.603995,815.490243,816.380235,817.274179,818.171923,819.073663,819.979199,820.888689,821.802064,822.719424,823.640780,824.565995,825.495333,826.428704,827.366130,828.307607,829.253218,830.203026,831.156841,832.114801,833.076891,834.043210,835.013701,835.988460,836.967474,837.950719,838.938390,839.930318,840.926533,841.927116,842.932119,843.941472,844.955226,845.973417,846.996137,848.023199,849.054832,850.091053,851.131756,852.177027,853.226919,854.281505,855.340675,856.404445,857.472942,858.546068,859.623941,860.706514,861.793906,862.885996,863.983143,865.085171,866.191883,867.303482,868.419987,869.541435,870.667844,871.799253,872.935656,874.077153,875.223630,876.375198,877.531885,878.693988,879.861033,881.033451,882.210720,883.393602,884.581494,885.774604,886.973073,888.177035,889.386272,890.600986,891.820952,893.046268,894.277246,895.513731,896.755663,898.003148,899.256262,900.514969,901.779225,903.049392,904.325231,905.606610,906.893756,908.186724,909.485457,910.790265,912.100797,913.417128,914.739383,916.067770,917.401963,918.742169,920.088424,921.440933,922.799670,924.164326,925.535082,926.912103,928.295420,929.684874,931.080582,932.482613,933.890984,935.305754,936.727176,938.154709,939.588817,941.029594,942.476781,943.930611,945.390912,946.858047,948.331761,949.812188,951.299445,952.793408,954.294162,955.801562,957.316169,958.837596,960.366067,961.901458,963.443878,964.993426,966.550094,968.113868,969.684760,971.262910,972.848265,974.440880,976.040826,977.648202,979.262898,980.885080,982.514792,984.151897,985.796672,987.449063,989.109131,990.776775,992.452032,994.135108,995.825946,997.524727,999.231149,1000.945449,1002.667698,1004.398027,1006.136326,1007.882600,1009.637032,1011.399609,1013.170512,1014.949689,1016.737060,1018.532626,1020.336698,1022.149035,1023.969858,1025.799124,1027.636918,1029.483606,1031.338657,1033.202474,1035.074832,1036.955873,1038.845773,1040.744515,1042.652212,1044.568953,1046.494617,1048.429342,1050.372976,1052.325727,1054.287725,1056.258954,1058.239447,1060.229138,1062.228219,1064.236666,1066.254565,1068.282133,1070.319079,1072.365623,1074.422062,1076.487960,1078.563594,1080.649047,1082.744394,1084.849568,1086.964820,1089.089953,1091.225216,1093.370498,1095.526224,1097.691863,1099.867761,1102.053971,1104.250813,1106.458083,1108.675550,1110.903642,1113.142169,1115.391542,1117.651726,1119.922368,1122.203812,1124.496134,1126.799312,1129.113484,1131.438797,1133.775070,1136.122480,1138.481083,1140.850936,1143.232096,1145.624656,1148.028607,1150.444101,1152.871230,1155.309805,1157.760041,1160.221926,1162.695660,1165.181233,1167.678636,1170.188151,1172.709606,1175.243244,1177.788927,1180.346910,1182.917068,1185.499655,1188.094598,1190.701938,1193.321990,1195.954434,1198.599552,1201.257472,1203.928051,1206.611579,1209.307807,1212.017104,1214.739438,1217.474982,1220.223587,1222.985428,1225.760598,1228.549110,1231.351059,1234.166512,1236.995536,1239.838201,1242.694575,1245.564758,1248.448756,1251.346669,1254.258471,1257.184426,1260.124506,1263.079224,1266.047769,1269.030726,1272.028019,1275.039752,1278.066079,1281.107064,1284.162715,1287.233136,1290.318419,1293.418601,1296.533774,1299.664011,1302.809394,1305.970144,1309.146023,1312.337265,1315.543863,1318.766057,1322.003897
692.733425,693.093400,693.453253,693.816214,694.180497,694.547298,694.914734,695.283659,695.654110,696.027601,696.407989,696.783121,697.151805,697.534579,697.908333,698.290879,698.673869,699.058497,699.445106,699.832710,700.221257,700.611002,701.003740,701.398344,701.793202,702.191616,702.591921,702.989484,703.393724,703.795666,704.202167,704.608732,705.017517,705.427700,705.840444,706.256522,706.668553,707.085500,707.504195,707.925126,708.347966,708.771814,709.197652,709.624972,710.054947,710.485719,710.919698,711.353198,711.790111,712.229130,712.668840,713.111528,713.556490,714.003293,714.449934,714.900302,715.350998,715.803366,716.258008,716.714480,717.173329,717.634272,718.096706,718.560880,719.027092,719.495280,719.965319,720.436836,720.910810,721.386652,721.864631,722.344928,722.826760,723.310383,723.796103,724.283687,724.773329,725.264821,725.758420,726.254358,726.752028,727.252526,727.754459,728.258495,728.764143,729.272425,729.782927,730.295966,730.811005,731.327453,731.846611,732.367720,732.891051,733.416419,733.944293,734.473898,735.005634,735.539825,736.076121,736.614939,737.155603,737.698799,738.243778,738.791289,739.340756,739.892623,740.446564,741.003262,741.562022,742.123866,742.687285,743.253465,743.821541,744.391833,744.964788,745.540065,746.117838,746.698310,747.280617,747.865504,748.452814,749.042582,749.634878,750.229577,750.826773,751.426310,752.028581,752.633621,753.240932,753.850346,754.462646,755.077225,755.694784,756.315051,756.937607,757.562772,758.190673,758.821275,759.454238,760.090066,760.728769,761.369819,762.013589,762.659966,763.309003,763.960702,764.615557,765.272788,765.932952,766.595875,767.261391,767.929909,768.601038,769.275169,769.952049,770.631755,771.313948,771.999332,772.687377,773.378585,774.072565,774.769620,775.469361,776.172159,776.878011,777.586986,778.298690,779.013572,779.731482,780.452337,781.176096,781.903166,782.633038,783.366139,784.102036,784.841677,785.584110,786.329484,787.078062,787.829898,788.584830,789.343008,790.104387,790.868938,791.636702,792.407968,793.182366,793.960194,794.741258,795.525473,796.313038,797.103886,797.897977,798.695629,799.496630,800.301060,801.109049,801.920460,802.735193,803.553427,804.375095,805.200605,806.029324,806.861603,807.697489,808.536874,809.379850,810.226412,811.076702,811.930588,812.788113,813.649261,814.514194,815.382849,816.255111,817.131170,818.010901,818.894558,819.781864,820.672995,821.568075,822.466958,823.369633,824.276190,825.186675,826.101010,827.019326,827.941601,828.867951,829.798151,830.732450,831.670880,832.613210,833.559628,834.510091,835.464704,836.423445,837.386299,838.353321,839.324577,840.300135,841.279897,842.263804,843.252009,844.244519,845.241402,846.242539,847.248028,848.257785,849.272166,850.290819,851.313928,852.341557,853.373603,854.410181,855.451251,856.497030,857.547225,858.602047,859.661408,860.725422,861.794092,862.867393,863.945405,865.028262,866.115822,867.208255,868.305338,869.407230,870.513968,871.625570,872.742075,873.863475,874.989759,876.121147,877.257424,878.398698,879.545191,880.696674,881.853450,883.015014,884.181605,885.353738,886.530788,887.712984,888.900556,890.093410,891.291432,892.494912,893.703444,894.917478,896.136977,897.361899,898.592184,899.827985,901.069238,902.316047,903.568345,904.826581,906.090077,907.359237,908.634097,909.914605,911.201071,912.493125,913.790897,915.094456,916.403904,917.719283,919.040433,920.367503,921.700530,923.039944,924.385045,925.736193,927.093440,928.456821,929.826200,931.201769,932.583494,933.971431,935.365638,936.766133,938.173181,939.586233,941.005778,942.431882,943.864357,945.303252,946.748576,948.200633,949.659181,951.124385,952.596175,954.074643,955.559798,957.051493,958.550288,960.055796,961.568240,963.087497,964.613740,966.146868,967.687072,969.234272,970.788478,972.349831,973.918275,975.493867,977.076676,978.666801,980.264130,981.868830,983.480943,985.100457,986.727274,988.361713,990.003710,991.653164,993.310110,994.974754,996.647040,998.327145,1000.014769,1001.710146,1003.413348,1005.124506,1006.843525,1008.570358,1010.305239,1012.048138,1013.799233,1015.558475,1017.325780,1019.101149,1020.884893,1022.676770,1024.477001,1026.285540,1028.102474,1029.927998,1031.762087,1033.604637,1035.455590,1037.315153,1039.183309,1041.060230,1042.945968,1044.840607,1046.744029,1048.656369,1050.577474,1052.507553,1054.446651,1056.395001,1058.352386,1060.318822,1062.294499,1064.279395,1066.273593,1068.277310,1070.290254,1072.312643,1074.344757,1076.386214,1078.437234,1080.497918,1082.568340,1084.648433,1086.738317,1088.838182,1090.947799,1093.067455,1095.197293,1097.336904,1099.486602,1101.646448,1103.816496,1105.997063,1108.187947,1110.388915,1112.600347,1114.822193,1117.054725,1119.297953,1121.551523,1123.815778,1126.090765,1128.376548,1130.673178,1132.980830,1135.299324,1137.628834,1139.969416,1142.321127,1144.684057,1147.058198,1149.443710,1151.840654,1154.248872,1156.668565,1159.099723,1161.542544,1163.997016,1166.463200,1168.941087,1171.430956,1173.932736,1176.446369,1178.972016,1181.509832,1184.059790,1186.621907,1189.196225,1191.782931,1194.382085,1196.993586,1199.617672,1202.254251,1204.903560,1207.565464,1210.240036,1212.927539,1215.628046,1218.341408,1221.067798,1223.807281,1226.559951,1229.325819,1232.104980,1234.897501,1237.703449,1240.522890,1243.355894,1246.202560,1249.062893,1251.936992,1254.824831,1257.726673,1260.642489,1263.572793,1266.516770,1269.475007,1272.447386,1275.434132,1278.435277,1281.450924,1284.481080,1287.525851,1290.585325,1293.659540,1296.748587,1299.852539,1302.971476,1306.105619,1309.254729,1312.419040,1315.598543,1318.793480,1322.003897
696.164817,696.526780,696.890757,697.255445,697.621533,697.992757,698.362114,698.737032,699.106456,699.475928,699.853476,700.226873,700.605425,700.985276,701.367369,701.750877,702.135010,702.519097,702.907445,703.296117,703.687363,704.078998,704.474177,704.871069,705.267350,705.666023,706.064682,706.467646,706.870615,707.275989,707.682394,708.091555,708.504051,708.912213,709.325287,709.740231,710.157507,710.576517,710.996513,711.418342,711.841824,712.267522,712.694686,713.123998,713.555152,713.986662,714.421552,714.857172,715.295501,715.735623,716.179169,716.621788,717.067217,717.513461,717.961404,718.411638,718.863848,719.317792,719.773571,720.231662,720.691261,721.153053,721.616389,722.081390,722.548613,723.017483,723.488274,723.961298,724.436033,724.913201,725.392168,725.872518,726.355066,726.839304,727.325914,727.814154,728.304706,728.796971,729.291915,729.788561,730.287106,730.787559,731.289754,731.794713,732.301692,732.811157,733.322499,733.835331,734.350587,734.868263,735.387687,735.909127,736.433221,736.958924,737.486616,738.016987,738.549388,739.083908,739.620829,740.159601,740.700544,741.243765,741.789116,742.336691,742.886440,743.438627,743.993483,744.550553,745.109545,745.671058,746.234745,746.800562,747.368884,747.939544,748.512507,749.088119,749.665743,750.245835,750.828234,751.413123,752.000548,752.590221,753.182595,753.776832,754.373904,754.973720,755.575965,756.180295,756.787141,757.396521,758.008763,758.623392,759.240485,759.860147,760.482539,761.107465,761.734799,762.365020,762.997859,763.633245,764.271041,764.911533,765.554738,766.200385,766.849005,767.500448,768.154484,768.811103,769.470391,770.132587,770.797469,771.465146,772.135683,772.808869,773.484557,774.163337,774.844835,775.529218,776.216536,776.906767,777.599697,778.295732,778.994583,779.696372,780.401134,781.108867,781.819795,782.533301,783.249793,783.969478,784.692058,785.417695,786.146386,786.878194,787.613021,788.350734,789.091591,789.835750,790.582748,791.333034,792.086461,792.842950,793.602710,794.365777,795.132128,795.901574,796.674232,797.450216,798.229370,799.011684,799.797518,800.586245,801.378530,802.174365,802.973328,803.776007,804.581806,805.391065,806.203663,807.020030,807.839556,808.662630,809.489137,810.319121,811.152631,811.989684,812.830274,813.674489,814.522400,815.373750,816.228885,817.087456,817.949847,818.815771,819.685355,820.558788,821.435810,822.316569,823.201279,824.089601,824.981696,825.877600,826.777332,827.681012,828.588332,829.499656,830.414980,831.334080,832.257361,833.184396,834.115370,835.050378,835.989352,836.932398,837.879493,838.830622,839.785876,840.745210,841.708802,842.676515,843.648295,844.624289,845.604505,846.589011,847.577689,848.570634,849.567868,850.569306,851.575304,852.585509,853.600169,854.619157,855.642591,856.670428,857.702891,858.739672,859.780996,860.826768,861.877103,862.932004,863.991491,865.055540,866.124301,867.197740,868.275799,869.358700,870.446179,871.538397,872.635390,873.737190,874.843788,875.955224,877.071583,878.192748,879.318839,880.450029,881.586120,882.727155,883.873374,885.024375,886.180599,887.341757,888.507950,889.679319,890.856058,892.037764,893.224822,894.416953,895.614227,896.816983,898.025056,899.238382,900.457117,901.681193,902.910721,904.145614,905.386175,906.632213,907.883654,909.140606,910.403194,911.671534,912.945366,914.224888,915.510039,916.800890,918.097541,919.400032,920.708203,922.022208,923.342333,924.668242,926.000032,927.337715,928.681434,930.031194,931.386896,932.748617,934.116438,935.490374,936.870485,938.256786,939.649544,941.048150,942.453280,943.864784,945.282574,946.706601,948.137122,949.574191,951.017651,952.467663,953.924159,955.387296,956.856884,958.332972,959.816056,961.305818,962.802268,964.305494,965.815600,967.332565,968.856330,970.387067,971.924698,973.469367,975.021015,976.579699,978.145487,979.718479,981.298561,982.885900,984.480468,986.082459,987.691568,989.308269,990.932237,992.563630,994.202397,995.848839,997.502608,999.164174,1000.833136,1002.509730,1004.194026,1005.886153,1007.586019,1009.293573,1011.009050,1012.732418,1014.463856,1016.203318,1017.950704,1019.706031,1021.469469,1023.241177,1025.020975,1026.808949,1028.605185,1030.409726,1032.223001,1034.044451,1035.874165,1037.712360,1039.559008,1041.414283,1043.278235,1045.150833,1047.032183,1048.922445,1050.821204,1052.728795,1054.645263,1056.570838,1058.505304,1060.448676,1062.401142,1064.362682,1066.333374,1068.313268,1070.302580,1072.301018,1074.309029,1076.326231,1078.352844,1080.388945,1082.434677,1084.489901,1086.554761,1088.629446,1090.713726,1092.807880,1094.911785,1097.025866,1099.149589,1101.283299,1103.427048,1105.581154,1107.745412,1109.919590,1112.104114,1114.298791,1116.504034,1118.719804,1120.945748,1123.182207,1125.429255,1127.686871,1129.955191,1132.234359,1134.524194,1136.824870,1139.136443,1141.458967,1143.792500,1146.137131,1148.492850,1150.859808,1153.238095,1155.627522,1158.028300,1160.440417,1162.864071,1165.299251,1167.745946,1170.204436,1172.674549,1175.156525,1177.650224,1180.155901,1182.673429,1185.203060,1187.744719,1190.298446,1192.864522,1195.442722,1198.033231,1200.636206,1203.251503,1205.879410,1208.519776,1211.172671,1213.838359,1216.516911,1219.208179,1221.912333,1224.629440,1227.359591,1230.102798,1232.859155,1235.628727,1238.411581,1241.207784,1244.017435,1246.840537,1249.677191,1252.527464,1255.391327,1258.269043,1261.160584,1264.066462,1266.985970,1269.919369,1272.866865,1275.828575,1278.804529,1281.794831,1284.799486,1287.818617,1290.852258,1293.900501,1296.963418,1300.041080,1303.133568,1306.241100,1309.363439,1312.500817,1315.653225,1318.820903,1322.003897
699.639610,700.002976,700.371369,700.742978,701.111082,701.471712,701.843241,702.217651,702.588131,702.963812,703.340526,703.719657,704.099164,704.480895,704.861832,705.247002,705.632459,706.020345,706.410426,706.799371,707.194246,707.587140,707.981034,708.377758,708.777519,709.176751,709.578442,709.981798,710.386934,710.795863,711.200322,711.609635,712.020719,712.434306,712.849002,713.265708,713.683666,714.103215,714.525024,714.948466,715.373599,715.800522,716.227972,716.658841,717.090307,717.524316,717.960606,718.400349,718.837782,719.278206,719.721175,720.164585,720.610361,721.058171,721.507529,721.958785,722.412038,722.867111,723.324156,723.782982,724.243520,724.705882,725.169912,725.635822,726.103886,726.573625,727.045580,727.519480,727.995236,728.472729,728.951915,729.433134,729.916602,730.401437,730.888484,731.377439,731.869134,732.362392,732.857410,733.354416,733.853526,734.354724,734.858295,735.364300,735.871828,736.380883,736.892635,737.406319,737.921978,738.439641,738.959808,739.481656,740.005480,740.532105,741.060545,741.591000,742.123655,742.658378,743.195095,743.734255,744.275375,744.818610,745.364092,745.912203,746.462573,747.015045,747.569660,748.126690,748.685942,749.247226,749.810950,750.376854,750.945137,751.516000,752.088862,752.664127,753.241729,753.821804,754.404371,754.989087,755.576295,756.165529,756.757454,757.352130,757.949352,758.548299,759.150077,759.754048,760.360812,760.970062,761.581669,762.195868,762.812740,763.432091,764.054050,764.678537,765.305663,765.935103,766.567149,767.201714,767.838999,768.478965,769.121585,769.766949,770.414710,771.065189,771.718326,772.374233,773.032929,773.694022,774.358345,775.025051,775.694367,776.366594,777.041583,777.719218,778.399850,779.083353,779.769617,780.458729,781.150642,781.845487,782.543235,783.243933,783.947754,784.654105,785.363512,786.075834,786.790993,787.509386,788.230663,788.954819,789.682111,790.412420,791.145523,791.881973,792.621313,793.363664,794.109212,794.857803,795.609525,796.364499,797.122786,797.884046,798.648471,799.416162,800.186963,800.960945,801.738223,802.518417,803.302268,804.089287,804.879522,805.673395,806.470428,807.270753,808.074547,808.881355,809.692107,810.506016,811.323292,812.143982,812.968130,813.795756,814.626899,815.461500,816.299791,817.141406,817.986818,818.835560,819.688052,820.544008,821.403582,822.266880,823.133743,824.004248,824.878510,825.756540,826.638192,827.523562,828.412687,829.305642,830.202255,831.102734,832.007141,832.915346,833.827534,834.743443,835.663216,836.586940,837.514606,838.446181,839.381768,840.321347,841.264899,842.212620,843.164260,844.120071,845.079896,846.043799,847.011857,847.984137,848.960522,849.941078,850.925839,851.914826,852.908078,853.905560,854.907376,855.913505,856.923928,857.938731,858.957929,859.981574,861.009580,862.041938,863.078770,864.120077,865.165882,866.216160,867.271024,868.330550,869.394556,870.463320,871.536570,872.614471,873.697040,874.784329,875.876322,876.973057,878.074670,879.180909,880.291993,881.408096,882.528893,883.654685,884.785590,885.921109,887.061582,888.207210,889.357681,890.513118,891.673810,892.839482,894.010198,895.186176,896.367173,897.553220,898.744671,899.941357,901.143216,902.350402,903.562848,904.780684,906.003763,907.232446,908.466522,909.705918,910.950783,912.201113,913.457153,914.718677,915.985673,917.258241,918.536444,919.820482,921.110027,922.405288,923.706350,925.013441,926.326167,927.644629,928.968891,930.299301,931.635367,932.977428,934.325415,935.679407,937.039421,938.405513,939.777701,941.156241,942.540550,943.931276,945.328341,946.731471,948.140799,949.556604,950.978695,952.407157,953.842071,955.283366,956.731200,958.185382,959.646049,961.113433,962.587479,964.068106,965.555404,967.049476,968.550301,970.057817,971.572197,973.093364,974.621458,976.156422,977.698312,979.247195,980.803169,982.366122,983.936218,985.513430,987.097951,988.689549,990.288476,991.894628,993.508123,995.128804,996.757077,998.392560,1000.035718,1001.686154,1003.344100,1005.009628,1006.682848,1008.363718,1010.052135,1011.748352,1013.452335,1015.164262,1016.884088,1018.611710,1020.347147,1022.090565,1023.842127,1025.601647,1027.369213,1029.144911,1030.928782,1032.721255,1034.521699,1036.330414,1038.147405,1039.972713,1041.806513,1043.648854,1045.499702,1047.359165,1049.227238,1051.103994,1052.989278,1054.883297,1056.786283,1058.698016,1060.618512,1062.547958,1064.486332,1066.433714,1068.390150,1070.355856,1072.330541,1074.314419,1076.307800,1078.310210,1080.321958,1082.343113,1084.373749,1086.413796,1088.463513,1090.522671,1092.591546,1094.670016,1096.758503,1098.856474,1100.964272,1103.081950,1105.209823,1107.347686,1109.495306,1111.653010,1113.820900,1115.999063,1118.187357,1120.386203,1122.595109,1124.814411,1127.044163,1129.284421,1131.535238,1133.796787,1136.068885,1138.351706,1140.645304,1142.949734,1145.265086,1147.591348,1149.928682,1152.277144,1154.636576,1157.007179,1159.389008,1161.782053,1164.186508,1166.602364,1169.029609,1171.468521,1173.918929,1176.381071,1178.854808,1181.340393,1183.837698,1186.346976,1188.868150,1191.401259,1193.946619,1196.503930,1199.073394,1201.655217,1204.249226,1206.855709,1209.474415,1212.105711,1214.749563,1217.406140,1220.075293,1222.757193,1225.451930,1228.159518,1230.880046,1233.613581,1236.360188,1239.119933,1241.892881,1244.679133,1247.478690,1250.291651,1253.118083,1255.957958,1258.811537,1261.679233,1264.560232,1267.455153,1270.363812,1273.286416,1276.223081,1279.173836,1282.138785,1285.117932,1288.111399,1291.119220,1294.141486,1297.178267,1300.229635,1303.295670,1306.376589,1309.472154,1312.582597,1315.707908,1318.848326,1322.003897
703.162782,703.524859,703.886811,704.258301,704.621801,704.993597,705.366267,705.740309,706.116044,706.493136,706.870567,707.249295,707.630751,708.013859,708.397789,708.784359,709.173376,709.561752,709.951484,710.341730,710.735335,711.131427,711.527313,711.925378,712.325234,712.726996,713.132125,713.532995,713.938632,714.345909,714.755554,715.166737,715.579610,715.993736,716.409451,716.827365,717.246580,717.667618,718.090899,718.514132,718.941524,719.368607,719.798449,720.230470,720.666188,721.100536,721.535147,721.974352,722.413652,722.854726,723.297882,723.742795,724.189655,724.638224,725.088651,725.540997,725.995391,726.451467,726.908754,727.368302,727.829588,728.292505,728.757907,729.224284,729.693291,730.164230,730.636523,731.110792,731.587100,732.064972,732.544993,733.026899,733.510479,733.996491,734.484374,734.974357,735.465964,735.959402,736.455252,736.952985,737.452820,737.955287,738.458865,738.964413,739.472530,739.982479,740.494184,741.008009,741.524421,742.042655,742.562793,743.085238,743.609517,744.135880,744.664467,745.195154,745.727769,746.262644,746.799455,747.338708,747.879911,748.423582,748.969893,749.517681,750.068025,750.620521,751.175099,751.732011,752.291007,752.852283,753.415873,753.982027,754.550140,755.120643,755.693482,756.268749,756.846281,757.426046,758.008170,758.592461,759.179310,759.768945,760.360928,760.954954,761.551253,762.149926,762.751234,763.355088,763.961375,764.570304,765.181496,765.795296,766.411680,767.030636,767.651950,768.275665,768.901936,769.530739,770.162099,770.796378,771.432941,772.072172,772.713932,773.358293,774.005248,774.655040,775.307410,775.962272,776.620116,777.280622,777.943617,778.609116,779.277579,779.948626,780.622621,781.299537,781.979039,782.661279,783.346356,784.034379,784.725112,785.418836,786.115585,786.814835,787.517087,788.222229,788.930134,789.641319,790.355086,791.071819,791.791579,792.514419,793.239980,793.968728,794.700368,795.434964,796.172637,796.913420,797.657216,798.404114,799.154396,799.907611,800.663794,801.423349,802.185874,802.951520,803.720380,804.492294,805.267485,806.045922,806.827520,807.612743,808.400967,809.192491,809.987354,810.785311,811.586982,812.391817,813.199931,814.011443,814.826316,815.644605,816.466367,817.291541,818.120152,818.952358,819.788041,820.627056,821.469753,822.315844,823.165489,824.018789,824.875577,825.736006,826.600019,827.467759,828.339064,829.214016,830.092652,830.975019,831.861146,832.750801,833.644432,834.541783,835.443047,836.347957,837.256681,838.169234,839.085676,840.005953,840.930165,841.858292,842.790316,843.726432,844.666463,845.610438,846.558423,847.510407,848.466466,849.426668,850.390893,851.359209,852.331649,853.308233,854.288876,855.273932,856.263175,857.256439,858.254078,859.255977,860.262135,861.272704,862.287554,863.306717,864.330216,865.358103,866.390400,867.427127,868.468260,869.514011,870.564152,871.618819,872.678165,873.741929,874.810269,875.883236,876.960814,878.043042,879.130053,880.221647,881.317906,882.418939,883.524922,884.635631,885.751225,886.871603,887.996703,889.126585,890.261760,891.401573,892.546290,893.696246,894.850988,896.010890,897.175708,898.345473,899.520463,900.700733,901.885996,903.076481,904.272119,905.473048,906.679156,907.890490,909.107408,910.329514,911.556901,912.789706,914.028067,915.271751,916.520868,917.775450,919.035517,920.301189,921.572499,922.849283,924.131755,925.420189,926.713888,928.013500,929.318757,930.629816,931.946751,933.269340,934.597832,935.932158,937.272397,938.618564,939.970715,941.328868,942.693278,944.063376,945.439829,946.822414,948.211028,949.605744,951.006861,952.414136,953.827654,955.247578,956.673831,958.106389,959.545260,960.990514,962.442381,963.900808,965.365712,966.837251,968.315323,969.800110,971.291538,972.789612,974.294421,975.806049,977.324439,978.849645,980.381735,981.920806,983.466745,985.019715,986.579821,988.146860,989.720994,991.302343,992.890802,994.486489,996.089246,997.699479,999.316839,1000.941687,1002.573728,1004.213161,1005.860149,1007.514522,1009.176552,1010.845938,1012.523035,1014.207776,1015.900337,1017.600672,1019.308679,1021.024411,1022.747924,1024.479490,1026.218887,1027.966201,1029.721517,1031.484877,1033.256730,1035.036279,1036.824187,1038.620139,1040.424275,1042.236768,1044.057667,1045.886875,1047.724686,1049.570908,1051.425674,1053.288830,1055.160581,1057.041159,1058.930343,1060.828148,1062.734761,1064.650158,1066.574419,1068.507589,1070.449884,1072.401011,1074.361184,1076.330694,1078.309122,1080.296718,1082.293572,1084.299755,1086.315198,1088.340148,1090.374406,1092.418127,1094.471466,1096.534576,1098.607015,1100.689123,1102.780952,1104.882551,1106.994237,1109.115803,1111.247016,1113.388253,1115.539463,1117.700913,1119.872612,1122.054204,1124.246030,1126.448135,1128.660579,1130.883412,1133.116806,1135.360578,1137.614901,1139.879829,1142.155415,1144.441748,1146.738816,1149.046708,1151.365540,1153.695399,1156.036096,1158.387841,1160.750619,1163.124627,1165.509853,1167.906284,1170.314117,1172.733422,1175.164194,1177.606374,1180.060214,1182.525584,1185.002738,1187.491597,1189.992200,1192.504732,1195.029250,1197.565653,1200.114175,1202.674722,1205.247528,1207.832457,1210.429580,1213.039156,1215.661257,1218.295732,1220.942750,1223.602376,1226.274700,1228.959732,1231.657564,1234.368260,1237.091885,1239.828504,1242.578183,1245.341020,1248.117017,1250.906272,1253.708851,1256.524725,1259.354154,1262.197552,1265.054104,1267.924391,1270.808336,1273.706038,1276.617650,1279.543198,1282.482786,1285.436418,1288.404214,1291.386210,1294.382492,1297.393133,1300.418204,1303.457782,1306.512085,1309.580874,1312.664380,1315.762592,1318.875750,1322.003897
706.714042,707.075504,707.443513,707.813095,708.184376,708.556477,708.930929,709.303969,709.681423,710.058960,710.438861,710.819025,711.202925,711.588572,711.971077,712.360527,712.747262,713.138372,713.530094,713.922341,714.316973,714.714090,715.110966,715.513201,715.910438,716.312371,716.716019,717.121923,717.529786,717.938479,718.348793,718.760674,719.174648,719.590051,720.007267,720.426481,720.845477,721.269350,721.692122,722.117805,722.545829,722.975361,723.406639,723.837689,724.272345,724.708063,725.144578,725.583193,726.023726,726.466224,726.910263,727.355979,727.803758,728.253411,728.704999,729.158045,729.612665,730.069017,730.527411,730.987538,731.449697,731.913239,732.379094,732.847004,733.316355,733.787583,734.260238,734.735032,735.211831,735.690173,736.170942,736.653516,737.138111,737.624480,738.112702,738.602807,739.095046,739.589192,740.085678,740.584325,741.084430,741.586277,742.090533,742.596641,743.104601,743.614721,744.127557,744.641681,745.158117,745.676506,746.196655,746.719061,747.243520,747.770057,748.298426,748.829123,749.362132,749.896869,750.433826,750.973378,751.515219,752.058576,752.604322,753.152588,753.702563,754.254923,754.809342,755.365976,755.924937,756.486196,757.049793,757.615703,758.183656,758.753944,759.326613,759.901413,760.478401,761.057838,761.639709,762.224230,762.811237,763.399892,763.990966,764.584326,765.180344,765.778831,766.379740,766.983265,767.588946,768.197525,768.808253,769.421385,770.037163,770.655066,771.275607,771.898626,772.524547,773.152574,773.783172,774.416430,775.052209,775.690471,776.331410,776.974948,777.621114,778.269723,778.921270,779.575423,780.232065,780.891078,781.553061,782.217631,782.885131,783.555277,784.228068,784.903540,785.581824,786.263005,786.946842,787.633624,788.323117,789.015703,789.710730,790.408776,791.109420,791.813348,792.519804,793.229173,793.941515,794.656820,795.374917,796.096112,796.820089,797.547034,798.276920,799.009900,799.745837,800.484884,801.227215,801.972316,802.720426,803.471704,804.226146,804.983532,805.744065,806.507734,807.274333,808.044304,808.817427,809.593951,810.373498,811.156284,811.942347,812.731458,813.524191,814.320040,815.119106,815.921507,816.727205,817.536303,818.348716,819.164524,819.983678,820.806413,821.632535,822.461922,823.294847,824.131284,824.971193,825.814481,826.661307,827.511725,828.365598,829.223195,830.084244,830.948910,831.817170,832.689091,833.564702,834.443769,835.326723,836.213490,837.103868,837.997858,838.895644,839.797188,840.702505,841.611617,842.524585,843.441392,844.362058,845.286666,846.215144,847.147501,848.083783,849.024016,849.968190,850.916456,851.868667,852.824889,853.785155,854.749485,855.717793,856.690433,857.667196,858.647863,859.632840,860.621963,861.615324,862.612980,863.614813,864.620915,865.631247,866.645882,867.664839,868.688141,869.715808,870.748007,871.784414,872.825255,873.870592,874.920542,875.974842,877.033666,878.097016,879.164923,880.237523,881.314611,882.396273,883.482614,884.573821,885.669640,886.770142,887.875429,888.985495,890.100210,891.219966,892.344275,893.473433,894.607672,895.746714,896.890610,898.039615,899.193445,900.352147,901.516070,902.685046,903.859059,905.038121,906.222331,907.411697,908.606190,909.805966,911.010969,912.221216,913.436706,914.657635,915.883777,917.115194,918.352038,919.594256,920.841887,922.095032,923.353726,924.617813,925.887499,927.163061,928.443912,929.730361,931.022481,932.320460,933.623931,934.933150,936.248108,937.568846,938.895403,940.227798,941.566084,942.910417,944.260531,945.616650,946.978799,948.347048,949.721148,951.101417,952.487908,953.880460,955.279156,956.684227,958.095394,959.512839,960.936485,962.366419,963.802865,965.245769,966.695047,968.150857,969.613181,971.081947,972.557334,974.039261,975.527817,977.023086,978.525010,980.033642,981.549049,983.071328,984.600421,986.136325,987.679303,989.229115,990.786003,992.349794,993.920683,995.498684,997.083738,998.675959,1000.275288,1001.881989,1003.495766,1005.116817,1006.745306,1008.381059,1010.024351,1011.674877,1013.332994,1014.998633,1016.671970,1018.352959,1020.041495,1021.737631,1023.441424,1025.153144,1026.872568,1028.599783,1030.334873,1032.077877,1033.829158,1035.588179,1037.355342,1039.130418,1040.913545,1042.704897,1044.504521,1046.312320,1048.128588,1049.953130,1051.786080,1053.627283,1055.476944,1057.335292,1059.202108,1061.077404,1062.961333,1064.853974,1066.755301,1068.665395,1070.584470,1072.512232,1074.448895,1076.394737,1078.349372,1080.313017,1082.285772,1084.267706,1086.258750,1088.259020,1090.268705,1092.287572,1094.315898,1096.353569,1098.400974,1100.457610,1102.523810,1104.599623,1106.685364,1108.780827,1110.885777,1113.000661,1115.125214,1117.259888,1119.404637,1121.559222,1123.723808,1125.898510,1128.083379,1130.278472,1132.483841,1134.699654,1136.925731,1139.162240,1141.409237,1143.666775,1145.934940,1148.213722,1150.503279,1152.803667,1155.114725,1157.436653,1159.769506,1162.113271,1164.468141,1166.834105,1169.211149,1171.599551,1173.999137,1176.410145,1178.832432,1181.266252,1183.711474,1186.168351,1188.636802,1191.116867,1193.608825,1196.112448,1198.627918,1201.155391,1203.694721,1206.246192,1208.809652,1211.385170,1213.973005,1216.573227,1219.185686,1221.810550,1224.447883,1227.097774,1229.760233,1232.435350,1235.123190,1237.823817,1240.537295,1243.263689,1246.003097,1248.755519,1251.521054,1254.299767,1257.091627,1259.896895,1262.715983,1265.548076,1268.393755,1271.252940,1274.125732,1277.012281,1279.912615,1282.826835,1285.754945,1288.697064,1291.653227,1294.623522,1297.608018,1300.606786,1303.619904,1306.647588,1309.689598,1312.746165,1315.817277,1318.903228,1322.003897
710.304452,710.672837,711.042504,711.412923,711.783230,712.157352,712.531983,712.908716,713.287262,713.664735,714.048595,714.430372,714.814307,715.197379,715.585433,715.972651,716.362504,716.752705,717.147119,717.539850,717.939122,718.332899,718.731283,719.131272,719.533624,719.937403,720.342361,720.749085,721.157045,721.567289,721.978747,722.392066,722.807519,723.222838,723.642276,724.061020,724.482680,724.906696,725.332079,725.759493,726.185880,726.616388,727.047953,727.480137,727.914482,728.350495,728.788657,729.228332,729.669866,730.112798,730.557912,731.004658,731.453199,731.903354,732.354762,732.808705,733.263906,733.721465,734.180190,734.641150,735.103963,735.568338,736.034571,736.502541,736.971959,737.443613,737.916933,738.392618,738.869645,739.348870,739.830006,740.313383,740.797969,741.284433,741.773092,742.264039,742.756884,743.251886,743.748256,744.246358,744.746917,745.249210,745.753383,746.260012,746.768645,747.279194,747.791484,748.305794,748.822076,749.340548,749.860942,750.383194,750.907454,751.434349,751.962704,752.493408,753.026093,753.561445,754.098779,754.637966,755.179318,755.722964,756.268447,756.816277,757.366103,757.918171,758.472402,759.029069,759.588108,760.149016,760.712231,761.277712,761.845376,762.415352,762.987382,763.561899,764.138717,764.718294,765.300018,765.883481,766.469353,767.057467,767.648184,768.241254,768.836974,769.435063,770.035359,770.638297,771.243636,771.851149,772.461250,773.073444,773.688485,774.305775,774.925783,775.547830,776.172619,776.799993,777.429650,778.061934,778.696779,779.334165,779.974141,780.616560,781.261920,781.909703,782.559972,783.212614,783.868243,784.526291,785.187111,785.850695,786.516854,787.185608,787.857147,788.531620,789.208515,789.888410,790.570961,791.256550,791.944614,792.635478,793.329158,794.025585,794.725082,795.426961,796.131942,796.839892,797.550464,798.264140,798.980625,799.699809,800.422060,801.147304,801.875448,802.606660,803.341074,804.078215,804.818308,805.561513,806.307824,807.057067,807.809379,808.564716,809.322915,810.084511,810.849159,811.616959,812.388079,813.162268,813.939522,814.719965,815.503828,816.290699,817.080803,817.874180,818.670841,819.470735,820.273945,821.080479,821.890212,822.703629,823.520204,824.340156,825.163500,825.990249,826.820432,827.653927,828.490950,829.331382,830.175282,831.022700,831.873726,832.728196,833.586191,834.447779,835.312941,836.181770,837.053992,837.930146,838.809839,839.693074,840.580032,841.470676,842.364983,843.263089,844.164938,845.070553,845.980055,846.893220,847.810283,848.731149,849.655864,850.584455,851.516909,852.453378,853.393716,854.337985,855.286221,856.238442,857.194667,858.154809,859.119349,860.087683,861.060020,862.036586,863.017275,864.002128,864.991105,865.984342,866.981678,867.983224,868.989008,869.999051,871.013373,872.032143,873.055033,874.082270,875.113915,876.150085,877.190517,878.235384,879.284687,880.338458,881.396831,882.459601,883.526904,884.598710,885.675307,886.756329,887.842091,888.932572,890.027668,891.127319,892.231687,893.340967,894.454819,895.573562,896.697055,897.825305,898.958408,900.096549,901.239316,902.387110,903.540014,904.697778,905.860490,907.028246,908.201017,909.378887,910.561795,911.750030,912.943220,914.141657,915.345447,916.554215,917.768304,918.987634,920.212210,921.442126,922.677427,923.918044,925.164185,926.415691,927.672759,928.935375,930.203334,931.476761,932.756046,934.040626,935.330847,936.626728,937.928258,939.235477,940.548426,941.867120,943.191615,944.522090,945.858217,947.200253,948.548239,949.902230,951.261978,952.627881,953.999765,955.377661,956.761701,958.151859,959.548095,960.950511,962.359028,963.773733,965.194851,966.622326,968.056141,969.496252,970.942873,972.395770,973.855216,975.321098,976.793504,978.272519,979.758081,981.250246,982.749078,984.254676,985.766979,987.286115,988.811954,990.344647,991.884344,993.430968,994.984194,996.544507,998.112028,999.686437,1001.267861,1002.856395,1004.452181,1006.054980,1007.665098,1009.282389,1010.907051,1012.538912,1014.178126,1015.824801,1017.479054,1019.140836,1020.810044,1022.486729,1024.170948,1025.862969,1027.562570,1029.269835,1030.984849,1032.707651,1034.438602,1036.177165,1037.923741,1039.678100,1041.440443,1043.210753,1044.989267,1046.775824,1048.570715,1050.373747,1052.185052,1054.004475,1055.832220,1057.668515,1059.513140,1061.366107,1063.227567,1065.097600,1066.976178,1068.863382,1070.759254,1072.664011,1074.577355,1076.499734,1078.430760,1080.370651,1082.319481,1084.277389,1086.244236,1088.220160,1090.205349,1092.199569,1094.203097,1096.215807,1098.238119,1100.269497,1102.310285,1104.360530,1106.420547,1108.490129,1110.569040,1112.657604,1114.755922,1116.864077,1118.981928,1121.109891,1123.247472,1125.395006,1127.552543,1129.720138,1131.897842,1134.085824,1136.283900,1138.492241,1140.710900,1142.939928,1145.179414,1147.429343,1149.689736,1151.960907,1154.242744,1156.535121,1158.838246,1161.152105,1163.476891,1165.812591,1168.159192,1170.516888,1172.885747,1175.265765,1177.656878,1180.059245,1182.473016,1184.898062,1187.334694,1189.782651,1192.242217,1194.713448,1197.196239,1199.690724,1202.197107,1204.715212,1207.245327,1209.787196,1212.341185,1214.907258,1217.485581,1220.076003,1222.678693,1225.293713,1227.921152,1230.561020,1233.213405,1235.878372,1238.555984,1241.246305,1243.949431,1246.665362,1249.394196,1252.135997,1254.890733,1257.658664,1260.439759,1263.234526,1266.042149,1268.863209,1271.697625,1274.545497,1277.406975,1280.282086,1283.170930,1286.073511,1288.989947,1291.920273,1294.864574,1297.822920,1300.795382,1303.782035,1306.783097,1309.798326,1312.827952,1315.871964,1318.930652,1322.003897
713.938607,714.308538,714.678235,715.050445,715.422732,715.798812,716.176643,716.553747,716.932031,717.310893,717.692790,718.077431,718.461505,718.847629,719.235342,719.625344,720.018807,720.410796,720.800709,721.195032,721.591858,721.990499,722.390554,722.791781,723.194750,723.598972,724.005302,724.413001,724.823130,725.234165,725.645487,726.060903,726.476213,726.893544,727.313257,727.734651,728.158012,728.580344,729.006638,729.433761,729.861580,730.291711,730.723403,731.156983,731.592364,732.029594,732.468189,732.908327,733.350701,733.794687,734.240154,734.687461,735.136458,735.587050,736.039724,736.493836,736.949785,737.407820,737.867178,738.328372,738.791620,739.255870,739.722440,740.191081,740.660985,741.133314,741.606938,742.083031,742.561111,743.040650,743.521650,744.004746,744.490116,744.977329,745.466521,745.957957,746.450430,746.944844,747.441827,747.940517,748.440981,748.943859,749.448530,749.954985,750.463676,750.973764,751.486200,752.000454,752.516827,753.034811,753.555511,754.077882,754.602037,755.128585,755.657117,756.188430,756.720982,757.255785,757.792740,758.331955,758.873055,759.416299,759.961515,760.509033,761.058729,761.610914,762.164910,762.721132,763.279499,763.840177,764.402954,764.968027,765.535188,766.104713,766.676583,767.250998,767.827616,768.405905,768.986595,769.569533,770.154938,770.742720,771.333172,771.925844,772.520773,773.118274,773.717931,774.320004,774.924391,775.531171,776.140366,776.752176,777.366068,777.982358,778.601249,779.222767,779.846473,780.472742,781.101528,781.732813,782.366670,783.003005,783.641997,784.283546,784.927498,785.573907,786.223043,786.874692,787.528898,788.185951,788.845485,789.507587,790.172427,790.840202,791.510298,792.183284,792.859080,793.537681,794.218761,794.902622,795.589062,796.278453,796.970637,797.665423,798.362844,799.063443,799.766965,800.472953,801.181884,801.893549,802.608130,803.325647,804.046202,804.769712,805.495989,806.225363,806.957529,807.692707,808.431002,809.172090,809.916222,810.663305,811.413241,812.166508,812.922739,813.682076,814.444697,815.210287,815.978903,816.750624,817.525842,818.303810,819.085037,819.869496,820.657137,821.447971,822.242096,823.039478,823.839872,824.643989,825.451205,826.261781,827.075565,827.892750,828.713303,829.537163,830.364373,831.194980,832.028990,832.866451,833.707455,834.551834,835.399672,836.251035,837.105875,837.964372,838.826328,839.691818,840.560906,841.433581,842.309785,843.189649,844.073104,844.960281,845.851140,846.745688,847.644050,848.546114,849.451811,850.361276,851.274562,852.191642,853.112538,854.037304,854.965919,855.898375,856.834720,857.774973,858.719152,859.667171,860.619508,861.575578,862.535537,863.499667,864.467829,865.440081,866.416375,867.396846,868.381335,869.369951,870.362722,871.359669,872.360810,873.366167,874.375908,875.389706,876.407781,877.430201,878.457081,879.488173,880.523600,881.563413,882.607739,883.656374,884.709451,885.767173,886.829132,887.895666,888.966828,890.042626,891.122813,892.207730,893.297136,894.391402,895.490060,896.593460,897.701706,898.814516,899.932082,901.054589,902.181740,903.313596,904.450479,905.592295,906.738903,907.890401,909.046839,910.208281,911.374645,912.546078,913.722684,914.904273,916.090935,917.282818,918.479742,919.681750,920.888996,922.101426,923.319075,924.542045,925.770370,927.003951,928.242983,929.487416,930.737083,931.992206,933.252709,934.518985,935.790492,937.067544,938.350128,939.638284,940.932054,942.231464,943.536529,944.847297,946.164031,947.486258,948.814237,950.148137,951.487949,952.833424,954.184961,955.542383,956.905723,958.275177,959.650520,961.031911,962.419384,963.812861,965.212428,966.618380,968.030446,969.448825,970.873398,972.304381,973.741538,975.185142,976.635078,978.091436,979.554297,981.023603,982.499405,983.981852,985.470793,986.966414,988.468762,989.977705,991.493467,993.015975,994.545374,996.081265,997.624229,999.174095,1000.730869,1002.294474,1003.865112,1005.442887,1007.027653,1008.619437,1010.218371,1011.824558,1013.437822,1015.058333,1016.686179,1018.321376,1019.964199,1021.614207,1023.271594,1024.936381,1026.608848,1028.288771,1029.976235,1031.671323,1033.374073,1035.084846,1036.803105,1038.529249,1040.263047,1042.004703,1043.754194,1045.511760,1047.277236,1049.050917,1050.832605,1052.622434,1054.420247,1056.226247,1058.040578,1059.863270,1061.694085,1063.533255,1065.380859,1067.236871,1069.101367,1070.974392,1072.856160,1074.746374,1076.645479,1078.553070,1080.469419,1082.394543,1084.328530,1086.271449,1088.223227,1090.184122,1092.153900,1094.132746,1096.120803,1098.118221,1100.124554,1102.140143,1104.165035,1106.199279,1108.243465,1110.296557,1112.359146,1114.431331,1116.513195,1118.604595,1120.705946,1122.816753,1124.937355,1127.067797,1129.208131,1131.358410,1133.518684,1135.689122,1137.869540,1140.060108,1142.260877,1144.471934,1146.693264,1148.924952,1151.167125,1153.419836,1155.682923,1157.956584,1160.240872,1162.535773,1164.841479,1167.157977,1169.485252,1171.823580,1174.172785,1176.533105,1178.904394,1181.286905,1183.680506,1186.085446,1188.501646,1190.929142,1193.368118,1195.818628,1198.280568,1200.754170,1203.239338,1205.736305,1208.244931,1210.765286,1213.297626,1215.841914,1218.398317,1220.966682,1223.547178,1226.139893,1228.744835,1231.362093,1233.991729,1236.633806,1239.288387,1241.955534,1244.635344,1247.327817,1250.033048,1252.751101,1255.481944,1258.225836,1260.982746,1263.753181,1266.536323,1269.332753,1272.142390,1274.965334,1277.801732,1280.651612,1283.515073,1286.392118,1289.282864,1292.187346,1295.105648,1298.037840,1300.983991,1303.944177,1306.918614,1309.907059,1312.909742,1315.926651,1318.958077,1322.003897
717.613436,717.984516,718.354144,718.730319,719.101446,719.479742,719.854509,720.234599,720.614761,720.995323,721.378035,721.762500,722.149111,722.538938,722.923902,723.313615,723.704723,724.098382,724.492987,724.889319,725.286827,725.685802,726.086721,726.489431,726.893020,727.299306,727.706562,728.114016,728.525463,728.936113,729.349965,729.766000,730.183107,730.602565,731.021692,731.441727,731.865500,732.289416,732.715057,733.142626,733.571679,734.002896,734.435898,734.870106,735.305408,735.743090,736.182644,736.623760,737.066317,737.510739,737.956700,738.404705,738.854054,739.305038,739.758065,740.212980,740.669120,741.127408,741.587253,742.048621,742.512030,742.977141,743.444176,743.912682,744.383461,744.856193,745.330527,745.806551,746.284103,746.764016,747.245728,747.729612,748.215386,748.702768,749.191556,749.682194,750.175821,750.670525,751.167336,751.666333,752.167240,752.669866,753.174184,753.680485,754.188888,754.699160,755.211431,755.725619,756.241943,756.760048,757.280218,757.802361,758.327067,758.853785,759.382196,759.912433,760.444993,760.979533,761.516298,762.055032,762.595794,763.138839,763.683783,764.231254,764.780530,765.332035,765.885659,766.441493,766.999481,767.559745,768.121834,768.686530,769.253334,769.822687,770.394162,770.967326,771.542835,772.120515,772.700761,773.283402,773.868594,774.455727,775.045207,775.637371,776.231496,776.828141,777.426981,778.027966,778.631592,779.237574,779.845756,780.456297,781.069331,781.684781,782.302739,782.923012,783.545789,784.170975,784.798842,785.429014,786.061775,786.697220,787.334924,787.974913,788.617609,789.262839,789.910540,790.561119,791.214092,791.869587,792.527772,793.188844,793.852188,794.518500,795.187269,795.859022,796.533154,797.210018,797.889437,798.571680,799.256739,799.944326,800.634556,801.327823,802.024006,802.722549,803.423972,804.128179,804.835197,805.545100,806.258000,806.973776,807.692278,808.413768,809.138103,809.865305,810.595651,811.328683,812.064750,812.803633,813.545508,814.290317,815.038249,815.789280,816.543463,817.300464,818.060519,818.823949,819.590163,820.359395,821.131826,821.907430,822.686156,823.468013,824.253172,825.041388,825.832765,826.627519,827.425454,828.226713,829.031062,829.838777,830.649797,831.464060,832.281608,833.102490,833.926728,834.754329,835.585410,836.419772,837.257576,838.098820,838.943476,839.791882,840.643353,841.498434,842.357084,843.219233,844.084842,844.954041,845.826785,846.703133,847.583116,848.466821,849.354062,850.245036,851.139571,852.037801,852.939779,853.845478,854.754919,855.668156,856.585166,857.505943,858.430533,859.358956,860.291228,861.227368,862.167414,863.111472,864.059214,865.011014,865.966816,866.926636,867.890397,868.858191,869.830042,870.805892,871.785807,872.769815,873.757936,874.750189,875.746790,876.747305,877.751991,878.760972,879.774326,880.791807,881.813537,882.839679,883.870022,884.904698,885.943729,886.987316,888.035068,889.087271,890.144001,891.205217,892.270934,893.341175,894.415803,895.495001,896.578960,897.667316,898.760314,899.857956,900.960187,902.067100,903.178881,904.295115,905.416205,906.542278,907.672971,908.808454,909.948779,911.093968,912.244084,913.399045,914.559160,915.724048,916.894000,918.069123,919.249116,920.434089,921.624145,922.819358,924.019679,925.225183,926.435818,927.651845,928.872925,930.099433,931.331289,932.568314,933.810578,935.058458,936.311548,937.570022,938.833953,940.103330,941.378192,942.658579,943.944519,945.236025,946.533144,947.836218,949.144538,950.458598,951.778486,953.104114,954.435475,955.772740,957.115764,958.464676,959.819512,961.180190,962.546820,963.919437,965.297960,966.682476,968.073280,969.470099,970.873133,972.282346,973.697701,975.119268,976.547070,977.981159,979.421567,980.868376,982.321526,983.781069,985.247145,986.719625,988.198803,989.684339,991.176494,992.675362,994.180868,995.693156,997.211862,998.737461,1000.269887,1001.809110,1003.355052,1004.907914,1006.467802,1008.034567,1009.608236,1011.188939,1012.776781,1014.371584,1015.973516,1017.582668,1019.199051,1020.822943,1022.453923,1024.092117,1025.737613,1027.390667,1029.051057,1030.718864,1032.394172,1034.077019,1035.767764,1037.465870,1039.171738,1040.885128,1042.606250,1044.335081,1046.071857,1047.816415,1049.569046,1051.329555,1053.098012,1054.874443,1056.658867,1058.451489,1060.252337,1062.061172,1063.878228,1065.703580,1067.537203,1069.379173,1071.229533,1073.088496,1074.955765,1076.831784,1078.716147,1080.609126,1082.510736,1084.421066,1086.340182,1088.268013,1090.204685,1092.150351,1094.104808,1096.068321,1098.040773,1100.022552,1102.013153,1104.012905,1106.021856,1108.040320,1110.068087,1112.104919,1114.151264,1116.206852,1118.272134,1120.347062,1122.431393,1124.525292,1126.628870,1128.742178,1130.865269,1132.998191,1135.141114,1137.293851,1139.456573,1141.629329,1143.812171,1146.005185,1148.208355,1150.421702,1152.645537,1154.879746,1157.124202,1159.379113,1161.644461,1163.920440,1166.207034,1168.504228,1170.812215,1173.131063,1175.460765,1177.801256,1180.152692,1182.515224,1184.888719,1187.273427,1189.669268,1192.076275,1194.494762,1196.924425,1199.365461,1201.818073,1204.282085,1206.757781,1209.245004,1211.743821,1214.254491,1216.777080,1219.311435,1221.857723,1224.416006,1226.986369,1229.568822,1232.163452,1234.770321,1237.389491,1240.021024,1242.664983,1245.321462,1247.990460,1250.672074,1253.366366,1256.073303,1258.793144,1261.525856,1264.271947,1267.030597,1269.802388,1272.587195,1275.385242,1278.196552,1281.021225,1283.859263,1286.710764,1289.575815,1292.454447,1295.346745,1298.252778,1301.172615,1304.106329,1307.054137,1310.015796,1312.991535,1315.981340,1318.985501,1322.003897
721.326081,721.699857,722.070363,722.444033,722.820940,723.196537,723.575016,723.953385,724.336253,724.717270,725.104886,725.486378,725.872499,726.260234,726.650077,727.041109,727.433946,727.827778,728.223154,728.620294,729.019367,729.418842,729.821444,730.224827,730.628555,731.036008,731.442855,731.852690,732.264617,732.678020,733.093384,733.508228,733.924254,734.343296,734.763286,735.184994,735.608211,736.033167,736.459937,736.888424,737.318330,737.749479,738.182161,738.617287,739.053914,739.492040,739.931777,740.373486,740.816565,741.261219,741.707575,742.156018,742.605990,743.057185,743.510478,743.965683,744.422069,744.880414,745.340471,745.802746,746.266143,746.731444,747.198956,747.668240,748.139103,748.611591,749.085800,749.562032,750.040469,750.520605,751.003001,751.486464,751.971883,752.458788,752.948449,753.439346,753.932893,754.427561,754.924868,755.423340,755.923764,756.426113,756.930559,757.437104,757.945064,758.455203,758.967267,759.481256,759.997221,760.515248,761.035744,761.557967,762.081852,762.607970,763.136122,763.666416,764.198594,764.732886,765.268926,765.807354,766.347801,766.890590,767.435176,767.981986,768.530878,769.081870,769.635076,770.190522,770.747696,771.307378,771.869223,772.433438,772.999783,773.567871,774.138278,774.710788,775.285970,775.863264,776.443021,777.024953,777.609114,778.195745,778.784613,779.375499,779.968787,780.564343,781.162350,781.762452,782.364940,782.969720,783.576897,784.186532,784.798567,785.412906,786.029705,786.648983,787.270662,787.894735,788.521471,789.150634,789.782094,790.415763,791.052094,791.690966,792.332229,792.976334,793.622788,794.271717,794.923421,795.577699,796.234590,796.893949,797.555885,798.220625,798.888130,799.557901,800.230321,800.905701,801.583478,802.263975,802.946949,803.632957,804.321852,805.013078,805.707068,806.403822,807.103336,807.805785,808.511059,809.219089,809.929852,810.643621,811.360159,812.079470,812.801718,813.527005,814.254937,814.985857,815.719462,816.456061,817.195843,817.938502,818.684263,819.432837,820.184410,820.939372,821.697016,822.457480,823.221240,823.988023,824.757914,825.530948,826.307084,827.086252,827.868592,828.654056,829.442980,830.234888,831.029988,831.828418,832.629958,833.434663,834.242644,835.053896,835.868434,836.686260,837.507543,838.332018,839.159903,839.991098,840.825673,841.663903,842.505306,843.350027,844.198287,845.050020,845.905189,846.763792,847.625914,848.491573,849.360791,850.233673,851.110090,851.990019,852.873550,853.760631,854.651462,855.545867,856.443981,857.345762,858.251353,859.160582,860.073550,860.990275,861.910776,862.835069,863.763192,864.695250,865.630935,866.570565,867.514137,868.461629,869.412976,870.368353,871.327660,872.290877,873.258098,874.229322,875.204577,876.183884,877.167456,878.154861,879.146403,880.142058,881.141910,882.146089,883.154297,884.166819,885.183462,886.204353,887.229512,888.259140,889.292897,890.330932,891.373461,892.420327,893.471643,894.527393,895.587440,896.651951,897.721266,898.794662,899.872712,900.955303,902.042410,903.134095,904.230553,905.331486,906.436956,907.547411,908.662398,909.782078,910.906501,912.035691,913.169709,914.308474,915.452188,916.600782,917.754155,918.912752,920.076049,921.244217,922.417365,923.595566,924.778746,925.966997,927.160420,928.358833,929.562495,930.771355,931.985456,933.204535,934.428869,935.658613,936.893602,938.133747,939.379286,940.630122,941.886356,943.147989,944.415059,945.687582,946.965602,948.249212,949.538555,950.833118,952.133382,953.439405,954.750880,956.068219,957.391174,958.719961,960.054489,961.394756,962.740851,964.092802,965.450646,966.814068,968.183852,969.559596,970.941325,972.329035,973.722895,975.122797,976.528813,977.940964,979.359301,980.783856,982.214712,983.651806,985.095190,986.545004,988.001119,989.463829,990.932785,992.408266,993.890447,995.379172,996.874250,998.375946,999.884356,1001.399368,1002.921121,1004.449519,1005.984726,1007.526940,1009.075732,1010.631409,1012.194008,1013.763631,1015.340101,1016.923585,1018.514172,1020.111875,1021.716969,1023.329033,1024.948194,1026.574537,1028.208184,1029.849315,1031.497608,1033.153281,1034.816370,1036.487234,1038.165336,1039.851075,1041.544211,1043.244953,1044.953278,1046.669421,1048.393219,1050.124961,1051.864451,1053.611760,1055.366912,1057.129925,1058.901006,1060.680179,1062.467206,1064.262320,1066.065595,1067.877005,1069.696626,1071.524500,1073.360839,1075.205345,1077.058463,1078.919784,1080.789580,1082.667867,1084.554730,1086.450237,1088.354315,1090.267078,1092.188712,1094.118979,1096.058157,1098.006125,1099.963272,1101.929091,1103.903912,1105.887780,1107.881010,1109.883390,1111.894684,1113.915212,1115.945074,1117.984352,1120.032899,1122.091133,1124.158556,1126.235499,1128.322040,1130.418148,1132.523954,1134.639598,1136.764893,1138.900009,1141.044994,1143.199901,1145.364812,1147.539712,1149.724687,1151.919859,1154.125280,1156.340789,1158.566580,1160.802706,1163.049150,1165.306104,1167.573553,1169.851480,1172.140161,1174.439417,1176.749484,1179.070216,1181.401864,1183.744294,1186.097754,1188.462164,1190.837556,1193.224115,1195.621893,1198.030784,1200.451018,1202.882499,1205.325348,1207.779749,1210.245447,1212.722803,1215.211779,1217.712541,1220.224935,1222.749126,1225.285174,1227.833168,1230.393113,1232.965097,1235.549181,1238.145427,1240.753896,1243.374649,1246.007782,1248.653292,1251.311274,1253.981791,1256.664809,1259.360586,1262.069531,1264.790825,1267.525081,1270.272113,1273.032122,1275.805221,1278.591434,1281.390860,1284.203500,1287.029451,1289.868799,1292.721576,1295.587865,1298.467734,1301.361251,1304.268491,1307.189668,1310.124538,1313.073330,1316.036029,1319.012926,1322.003897
725.080614,725.452810,725.825543,726.200112,726.576632,726.955069,727.336875,727.713024,728.094654,728.476672,728.861531,729.248065,729.635956,730.024754,730.414996,730.806498,731.199779,731.594685,731.990840,732.390030,732.789423,733.189448,733.592946,733.995864,734.401924,734.809736,735.219143,735.630372,736.040082,736.453584,736.868032,737.284013,737.701525,738.120443,738.541315,738.963681,739.387602,739.813353,740.240404,740.668677,741.098905,741.531194,741.964694,742.400205,742.837192,743.275640,743.715867,744.157368,744.600858,745.046384,745.492837,745.941149,746.391419,746.843065,747.296309,747.751438,748.209014,748.667266,749.127154,749.589681,750.053554,750.519486,750.986846,751.455659,751.926655,752.399612,752.874476,753.350926,753.829643,754.309473,754.790932,755.274791,755.760416,756.247654,756.737296,757.228561,757.721346,758.215971,758.712446,759.211240,759.711461,760.213721,760.717725,761.223655,761.731730,762.241589,762.753600,763.267595,763.783643,764.301425,764.820911,765.342620,765.866661,766.392331,766.920037,767.449749,767.981436,768.515128,769.050998,769.589213,770.129030,770.671155,771.215316,771.761335,772.309947,772.860314,773.412789,773.967392,774.524269,775.083471,775.644761,776.207771,776.773093,777.340472,777.910424,778.482389,779.056988,779.633628,780.212574,780.793815,781.376978,781.962340,782.550261,783.140088,783.732501,784.326951,784.923631,785.522737,786.124270,786.727951,787.334123,787.942620,788.553476,789.166695,789.782377,790.400466,791.020940,791.643979,792.269196,792.896662,793.526664,794.159168,794.794040,795.431712,796.071684,796.714220,797.359217,798.006980,798.657102,799.309775,799.964922,800.623094,801.283503,801.946370,802.611837,803.280217,803.951003,804.624385,805.300240,805.979180,806.660630,807.344509,808.031201,808.720557,809.412712,810.107657,810.805295,811.505722,812.208851,812.914936,813.623676,814.335168,815.049550,815.766957,816.486926,817.209771,817.935412,818.663758,819.395315,820.129851,820.867195,821.607442,822.350572,823.097095,823.846213,824.598142,825.353214,826.111300,826.872481,827.636708,828.403911,829.174142,829.947610,830.723927,831.503681,832.286462,833.072345,833.861462,834.653674,835.448963,836.247471,837.049185,837.854124,838.662288,839.473845,840.288531,841.106543,841.927844,842.752587,843.580574,844.411911,845.246455,846.084472,846.925859,847.770688,848.618848,849.470461,850.325564,851.184217,852.046356,852.911914,853.780990,854.653599,855.529687,856.409412,857.292726,858.179636,859.070223,859.964383,860.862191,861.763666,862.668824,863.577685,864.490263,865.406599,866.326617,867.250639,868.178156,869.109602,870.044963,870.984067,871.927123,872.873966,873.824772,874.779438,875.738028,876.700570,877.667083,878.637782,879.612336,880.590775,881.573277,882.559946,883.550826,884.545669,885.544743,886.547853,887.555128,888.566588,889.582427,890.602311,891.626387,892.654760,893.687613,894.724698,895.766003,896.811790,897.861812,898.916550,899.975323,901.038619,902.106314,903.178481,904.255133,905.336466,906.422181,907.512338,908.607321,909.706872,910.810955,911.919686,913.033087,914.151181,915.274007,916.401548,917.534047,918.671141,919.813314,920.960193,922.111766,923.268232,924.429601,925.595944,926.767207,927.943539,929.124755,930.310994,931.502570,932.698928,933.900614,935.107278,936.319099,937.536126,938.758278,939.985595,941.218222,942.456062,943.699215,944.947681,946.201500,947.460677,948.725343,949.995393,951.271121,952.551995,953.838483,955.130640,956.428159,957.731453,959.040272,960.354813,961.675041,963.000896,964.332487,965.669841,967.012993,968.361630,969.716606,971.077302,972.443960,973.816588,975.195130,976.579603,977.970194,979.366787,980.769467,982.178265,983.593263,985.014387,986.441723,987.875377,989.315360,990.761571,992.214104,993.673038,995.138466,996.610407,998.088595,999.573293,1001.064620,1002.562400,1004.066834,1005.577802,1007.095471,1008.620037,1010.151059,1011.688878,1013.233495,1014.785024,1016.343285,1017.908448,1019.480599,1021.059758,1022.646180,1024.239461,1025.839722,1027.447048,1029.061604,1030.683436,1032.312356,1033.948535,1035.592009,1037.243137,1038.901380,1040.567138,1042.240169,1043.920683,1045.608655,1047.304319,1049.007573,1050.718401,1052.437025,1054.163472,1055.897506,1057.639273,1059.388976,1061.146533,1062.912029,1064.685370,1066.466739,1068.256110,1070.053556,1071.859120,1073.672843,1075.494937,1077.325335,1079.163797,1081.010596,1082.865745,1084.729330,1086.601417,1088.481934,1090.370993,1092.268778,1094.175054,1096.090003,1098.013778,1099.946495,1101.887736,1103.837832,1105.796825,1107.765030,1109.742235,1111.728202,1113.723252,1115.727506,1117.740975,1119.763582,1121.795652,1123.836888,1125.887425,1127.947373,1130.016782,1132.095703,1134.184183,1136.282391,1138.390138,1140.507592,1142.634803,1144.771855,1146.918731,1149.075514,1151.242190,1153.419223,1155.606037,1157.802963,1160.010054,1162.227292,1164.454867,1166.692765,1168.940966,1171.199665,1173.468925,1175.748639,1178.039041,1180.339986,1182.651721,1184.974114,1187.307412,1189.651534,1192.006512,1194.372529,1196.749665,1199.137731,1201.537056,1203.947462,1206.369233,1208.802208,1211.246456,1213.702230,1216.169599,1218.648405,1221.138816,1223.640889,1226.154711,1228.680288,1231.217707,1233.767027,1236.328309,1238.901614,1241.487002,1244.084567,1246.694306,1249.316312,1251.950649,1254.597377,1257.256463,1259.928164,1262.612887,1265.309814,1268.019557,1270.741928,1273.477129,1276.225272,1278.986380,1281.760550,1284.547784,1287.348178,1290.161818,1292.988732,1295.829007,1298.682708,1301.549902,1304.430663,1307.325205,1310.233284,1313.155127,1316.090720,1319.040351,1322.003897
728.870756,729.245538,729.618283,729.997918,730.371051,730.748779,731.127860,731.509526,731.892287,732.276603,732.661569,733.048220,733.435877,733.825746,734.216847,734.609589,735.004886,735.399109,735.796796,736.196305,736.595554,736.997750,737.401420,737.806667,738.213937,738.619719,739.029313,739.439494,739.851019,740.264762,740.679558,741.096162,741.514301,741.933733,742.355142,742.778113,743.201836,743.627894,744.055463,744.484380,744.915395,745.347891,745.782145,746.217592,746.654537,747.093193,747.533870,747.975860,748.419131,748.864386,749.311605,749.760024,750.210127,750.662427,751.116109,751.571409,752.028124,752.487124,752.947766,753.410238,753.873943,754.339389,754.807069,755.276428,755.747885,756.220945,756.695607,757.171838,757.649521,758.129722,758.611599,759.095498,759.580724,760.068361,760.557036,761.048165,761.540784,762.035246,762.531552,763.029758,763.529586,764.031646,764.535496,765.041232,765.548986,766.058708,766.570707,767.083929,767.599391,768.116667,768.636027,769.157525,769.680745,770.205926,770.733080,771.262205,771.793548,772.327151,772.862260,773.399767,773.939029,774.480404,775.024096,775.569539,776.117236,776.666892,777.218787,777.772944,778.329193,778.887152,779.447361,780.009715,780.574312,781.141097,781.710605,782.282023,782.855402,783.431162,784.008933,784.589087,785.171206,785.755734,786.342289,786.931132,787.522143,788.115569,788.711319,789.309164,789.909535,790.512228,791.117139,791.724574,792.334212,792.946122,793.560457,794.177362,794.796400,795.417645,796.041355,796.667576,797.296233,797.927366,798.561029,799.196941,799.835628,800.476715,801.120113,801.766084,802.414655,803.065958,803.719515,804.375522,805.034082,805.695509,806.359334,807.025653,807.694380,808.366172,809.040375,809.717059,810.396455,811.078555,811.763239,812.450723,813.140954,813.833748,814.529324,815.227685,815.928754,816.632493,817.339109,818.048668,818.760678,819.475559,820.193184,820.913460,821.636945,822.363252,823.092363,823.824323,824.559190,825.297236,826.037923,826.781333,827.527827,828.277361,829.029793,829.785283,830.543656,831.305072,832.069658,832.836979,833.607707,834.381402,835.158195,835.938053,836.720999,837.506963,838.296084,839.088352,839.883782,840.682376,841.484196,842.289304,843.097551,843.909192,844.723956,845.541929,846.363255,847.187724,848.015580,848.846782,849.681340,850.519163,851.360373,852.205007,853.053125,853.904660,854.759547,855.617883,856.479685,857.344934,858.213677,859.085976,859.961801,860.841248,861.724168,862.610678,863.500785,864.394503,865.291851,866.192845,867.097628,868.005861,868.918027,869.833693,870.753157,871.676489,872.603489,873.534365,874.468952,875.407424,876.349670,877.295781,878.245758,879.199627,880.157602,881.119355,882.084912,883.054500,884.028079,885.005692,885.987472,886.973265,887.963000,888.956825,889.954746,890.956966,891.963146,892.973485,893.987951,895.006759,896.029867,897.057040,898.088608,899.124324,900.164349,901.209062,902.257586,903.310716,904.368132,905.429942,906.496185,907.567031,908.642188,909.721793,910.806096,911.894783,912.988025,914.085842,915.188256,916.295307,917.406984,918.523404,919.644537,920.770467,921.901143,923.036394,924.176385,925.321194,926.470829,927.625361,928.784793,929.949100,931.118272,932.292676,933.471760,934.656066,935.845242,937.039380,938.238715,939.443098,940.652562,941.867170,943.086883,944.311786,945.541918,946.777280,948.017909,949.263875,950.515133,951.771895,953.033917,954.301114,955.573951,956.852232,958.135965,959.425269,960.720115,962.020493,963.326398,964.637919,965.955083,967.277919,968.606461,969.940393,971.280572,972.626445,973.978049,975.335595,976.698961,978.068160,979.443381,980.824506,982.211621,983.604755,985.003990,986.409252,987.820626,989.238349,990.662091,992.091976,993.528146,994.970609,996.419463,997.874757,999.336263,1000.803941,1002.278309,1003.758954,1005.246180,1006.739834,1008.240174,1009.747114,1011.260495,1012.780564,1014.307319,1015.840875,1017.381053,1018.928019,1020.481861,1022.042780,1023.610481,1025.185110,1026.766604,1028.355046,1029.950601,1031.553315,1033.162999,1034.779823,1036.403823,1038.035358,1039.673886,1041.319808,1042.972881,1044.633315,1046.301082,1047.976418,1049.659220,1051.349471,1053.047390,1054.753006,1056.466083,1058.186764,1059.915252,1061.651464,1063.395485,1065.147221,1066.906853,1068.674354,1070.449798,1072.233226,1074.024678,1075.824366,1077.631991,1079.448006,1081.271970,1083.104184,1084.944676,1086.793531,1088.650675,1090.516220,1092.390349,1094.272827,1096.163835,1098.063518,1099.972009,1101.888874,1103.814446,1105.748770,1107.691890,1109.644394,1111.605244,1113.575026,1115.553910,1117.541761,1119.538617,1121.544838,1123.560043,1125.584394,1127.618000,1129.660909,1131.713174,1133.774840,1135.846072,1137.926685,1140.016844,1142.116598,1144.225997,1146.345122,1148.473959,1150.612588,1152.761133,1154.919644,1157.087958,1159.266267,1161.454623,1163.653008,1165.861612,1168.080419,1170.309411,1172.548860,1174.798588,1177.058829,1179.329436,1181.610657,1183.902356,1186.204783,1188.517852,1190.841598,1193.176200,1195.521711,1197.878023,1200.245266,1202.623639,1205.012964,1207.413523,1209.825158,1212.247932,1214.682103,1217.127734,1219.584671,1222.053078,1224.533013,1227.024562,1229.527731,1232.042605,1234.569243,1237.107705,1239.658052,1242.220343,1244.794671,1247.381032,1249.979521,1252.590197,1255.213027,1257.848264,1260.495876,1263.156366,1265.828915,1268.514098,1271.211834,1273.922217,1276.645394,1279.381387,1282.130294,1284.892115,1287.666945,1290.454869,1293.255917,1296.070172,1298.897699,1301.738566,1304.592845,1307.460750,1310.342035,1313.236927,1316.145412,1319.067777,1322.003897
732.701892,733.075301,733.449680,733.825628,734.203974,734.583326,734.963453,735.345013,735.727978,736.112264,736.498596,736.885410,737.275421,737.666207,738.056759,738.450840,738.846689,739.242176,739.640476,740.039918,740.443261,740.845392,741.246410,741.651795,742.057827,742.465319,742.874796,743.285716,743.697962,744.111869,744.527185,744.944324,745.363051,745.782462,746.204120,746.627029,747.051492,747.477990,747.906141,748.335722,748.766829,749.199313,749.633225,750.069251,750.506538,750.945114,751.385487,751.827813,752.271576,752.716820,753.164068,753.612856,754.063128,754.514844,754.968713,755.424403,755.881680,756.340220,756.800622,757.262916,757.726912,758.193067,758.660758,759.130003,759.600949,760.073633,760.547670,761.024431,761.502243,761.982267,762.464066,762.947306,763.432833,763.919628,764.408284,764.898810,765.391099,765.885114,766.381088,766.879127,767.378803,767.880419,768.384041,768.889480,769.397050,769.906219,770.417142,770.930285,771.445286,771.962162,772.480902,773.001599,773.524214,774.048882,774.575578,775.104600,775.635020,776.167852,776.702428,777.238980,777.777790,778.318279,778.861187,779.405860,779.952899,780.501955,781.053237,781.606316,782.161399,782.718470,783.278056,783.839822,784.403989,784.969978,785.537988,786.108336,786.680829,787.255397,787.832270,788.410944,788.991955,789.575172,790.160667,790.748293,791.338315,791.930395,792.525065,793.121968,793.720992,794.322363,794.926030,795.531867,796.140291,796.750941,797.363855,797.978911,798.596365,799.216309,799.838646,800.463549,801.090728,801.720188,802.352494,802.986894,803.623675,804.263011,804.905000,805.549484,806.196270,806.845460,807.497342,808.151775,808.808571,809.467855,810.129530,810.794172,811.461310,812.130763,812.802914,813.477733,814.155147,814.835152,815.517940,816.203309,816.891283,817.582043,818.275468,818.971525,819.670431,820.372092,821.076303,821.783263,822.492954,823.205359,823.920811,824.638843,825.359869,826.083607,826.810120,827.539885,828.272141,829.007184,829.745184,830.486098,831.229977,831.976753,832.726409,833.479182,834.234792,834.993299,835.755018,836.519765,837.287536,838.058175,838.831918,839.608664,840.388486,841.171394,841.957403,842.746529,843.538796,844.334337,845.132885,845.934801,846.739777,847.547899,848.359284,849.173923,849.991619,850.812716,851.637105,852.464702,853.295607,854.129983,854.967642,855.808601,856.652932,857.500639,858.351745,859.206231,860.064143,860.925579,861.790463,862.658810,863.530553,864.405958,865.284818,866.167220,867.053180,867.942715,868.835968,869.732603,870.633088,871.537007,872.444630,873.356020,874.271118,875.189951,876.112419,877.038633,877.968674,878.902440,879.839994,880.781364,881.726764,882.675862,883.628733,884.585464,885.546153,886.510797,887.479498,888.452190,889.428713,890.409246,891.393794,892.382558,893.375199,894.371916,895.372676,896.377695,897.386939,898.400143,899.417530,900.439254,901.465124,902.495470,903.529646,904.568196,905.611103,906.658266,907.709755,908.765766,909.825997,910.890586,911.959716,913.033270,914.111220,915.193653,916.280590,917.372031,918.468080,919.568740,920.674075,921.783995,922.898541,924.017705,925.141476,926.269944,927.403138,928.541131,929.683906,930.831493,931.983825,933.141166,934.303328,935.470489,936.642333,937.819201,939.001092,940.187900,941.379639,942.576471,943.778365,944.985282,946.197320,947.414478,948.636796,949.864353,951.097067,952.335013,953.578454,954.826842,956.080592,957.339789,958.604342,959.874343,961.149730,962.430518,963.716816,965.008552,966.305814,967.608629,968.917030,970.230936,971.550342,972.875805,974.206854,975.543654,976.886118,978.234392,979.588461,980.948344,982.314090,983.685730,985.063292,986.446857,987.836351,989.231850,990.633614,992.041290,993.455008,994.874910,996.301104,997.733635,999.172106,1000.616934,1002.067831,1003.525313,1004.988966,1006.459096,1007.935546,1009.418577,1010.908078,1012.403956,1013.906391,1015.415403,1016.931107,1018.453263,1019.982214,1021.517870,1023.060492,1024.609782,1026.165888,1027.728743,1029.298432,1030.875120,1032.458850,1034.049433,1035.647039,1037.251703,1038.863784,1040.482652,1042.108968,1043.742227,1045.382725,1047.030436,1048.685593,1050.348093,1052.017917,1053.695286,1055.380226,1057.072501,1058.772357,1060.479687,1062.194825,1063.917425,1065.647719,1067.385746,1069.131580,1070.885191,1072.646653,1074.416007,1076.193463,1077.978722,1079.772236,1081.573563,1083.383003,1085.200585,1087.026322,1088.860349,1090.702567,1092.553230,1094.412099,1096.279358,1098.155150,1100.039322,1101.932292,1103.833541,1105.743396,1107.661900,1109.589367,1111.525582,1113.470306,1115.423859,1117.386474,1119.357821,1121.338381,1123.327773,1125.326157,1127.333642,1129.350278,1131.376109,1133.411186,1135.455555,1137.509382,1139.572478,1141.645009,1143.727025,1145.818606,1147.919734,1150.030494,1152.150866,1154.281315,1156.421263,1158.571041,1160.730697,1162.900215,1165.079783,1167.269383,1169.468997,1171.678816,1173.898903,1176.129149,1178.369786,1180.620667,1182.882040,1185.153769,1187.436101,1189.728952,1192.032354,1194.346487,1196.671403,1199.006994,1201.353504,1203.710783,1206.079105,1208.458327,1210.848498,1213.249876,1215.662419,1218.086292,1220.521338,1222.967720,1225.425498,1227.894754,1230.375495,1232.867805,1235.371743,1237.887368,1240.414740,1242.953917,1245.504993,1248.067962,1250.642918,1253.229920,1255.828934,1258.440213,1261.063723,1263.699968,1266.348127,1269.008775,1271.681830,1274.367385,1277.065587,1279.776458,1282.500093,1285.236493,1287.985770,1290.747955,1293.523129,1296.311359,1299.112708,1301.927250,1304.755037,1307.596301,1310.450790,1313.318730,1316.200105,1319.095202,1322.003897
736.569889,736.944570,737.320427,737.697001,738.075090,738.454091,738.835199,739.217373,739.601243,739.987201,740.374273,740.761712,741.152749,741.542643,741.935575,742.330026,742.725314,743.124742,743.522449,743.920174,744.321796,744.723508,745.126715,745.532278,745.939018,746.347078,746.756761,747.168293,747.580874,747.995202,748.410300,748.827481,749.246057,749.666180,750.088335,750.511660,750.937174,751.363755,751.791402,752.221005,752.652302,753.085017,753.518928,753.954484,754.392350,754.831215,755.271392,755.713828,756.157893,756.603222,757.049869,757.498377,757.949360,758.401382,758.855126,759.310491,759.767353,760.226354,760.686903,761.149504,761.613367,762.079029,762.546333,763.015218,763.485691,763.958769,764.432965,764.908890,765.386931,765.866596,766.347863,766.830732,767.315476,767.801874,768.290219,768.780335,769.272411,769.766163,770.261776,770.759425,771.258679,771.760235,772.263083,772.767808,773.274769,773.783312,774.293973,774.806432,775.320778,775.836866,776.354985,776.875125,777.397305,777.921627,778.447514,778.975529,779.505328,780.037308,780.571068,781.106829,781.644794,782.184641,782.726710,783.270908,783.817142,784.364994,784.915161,785.467203,786.021624,786.578255,787.137057,787.697839,788.260547,788.825566,789.392534,789.961549,790.532990,791.106156,791.681652,792.259222,792.839121,793.421184,794.005402,794.591796,795.180855,795.771743,796.364885,796.960308,797.558032,798.157877,798.760209,799.364867,799.971641,800.580512,801.191789,801.805488,802.421731,803.040170,803.660916,804.284086,804.909833,805.537698,806.168071,806.800670,807.436018,808.073817,808.713873,809.356328,810.001448,810.648942,811.298795,811.951118,812.605874,813.263373,813.923409,814.585713,815.250770,815.918327,816.588361,817.261070,817.936437,818.614358,819.294835,819.978055,820.663963,821.352398,822.043483,822.737447,823.433867,824.132992,824.834781,825.539298,826.246696,826.956679,827.669632,828.385233,829.103537,829.824994,830.548932,831.275678,832.005183,832.737619,833.472964,834.211116,834.952191,835.696237,836.443091,837.192760,837.945550,838.701457,839.460244,840.221842,840.986485,841.754074,842.524679,843.298314,844.074989,844.854722,845.637539,846.423563,847.212703,848.004808,848.800100,849.598465,850.400073,851.204789,852.012542,852.823632,853.637916,854.455416,855.276231,856.100316,856.927598,857.758143,858.592018,859.429205,860.269723,861.113556,861.960748,862.811354,863.665427,864.522852,865.383605,866.247951,867.115683,867.986889,868.861582,869.739781,870.621627,871.506784,872.395556,873.288000,874.183951,875.083576,875.986837,876.893711,877.804244,878.718400,879.636309,880.557868,881.483141,882.412153,883.345120,884.281709,885.221993,886.166114,887.114008,888.065832,889.021635,889.981350,890.944827,891.912214,892.883724,893.859012,894.838275,895.821532,896.808802,897.800163,898.795683,899.795096,900.798608,901.806366,902.818200,903.834098,904.854483,905.878719,906.907148,907.939836,908.976763,910.017967,911.063644,912.113494,913.167590,914.226146,915.288988,916.356232,917.427888,918.503956,919.584539,920.669646,921.759161,922.853497,923.952158,925.055430,926.163184,927.275508,928.392478,929.514099,930.640503,931.771572,932.907286,934.047910,935.193255,936.343299,937.498323,938.658067,939.822739,940.992091,942.166531,943.345830,944.530062,945.719260,946.913437,948.112653,949.316909,950.526297,951.740731,952.960293,954.185005,955.415127,956.650112,957.890373,959.135915,960.386907,961.643212,962.904700,964.171549,965.443857,966.721497,968.004573,969.293113,970.587149,971.886600,973.191620,974.502354,975.818606,977.140585,978.468167,979.801401,981.140369,982.485055,983.835511,985.191764,986.553894,987.921829,989.295646,990.675504,992.061264,993.452970,994.850618,996.254425,997.664343,999.080435,1000.502566,1001.930687,1003.364962,1004.805608,1006.252378,1007.705519,1009.164970,1010.630708,1012.102905,1013.581371,1015.066287,1016.557673,1018.055642,1019.559955,1021.070952,1022.588544,1024.112991,1025.644018,1027.181704,1028.726048,1030.277113,1031.835063,1033.399940,1034.971556,1036.550079,1038.135543,1039.728187,1041.327740,1042.934503,1044.548090,1046.168797,1047.796729,1049.431720,1051.074065,1052.723612,1054.380581,1056.044998,1057.716626,1059.395709,1061.082140,1062.776253,1064.477702,1066.186716,1067.903335,1069.627632,1071.359576,1073.099241,1074.846666,1076.602062,1078.365127,1080.136315,1081.915181,1083.702026,1085.496877,1087.299746,1089.110769,1090.929845,1092.757098,1094.592678,1096.436377,1098.288468,1100.148799,1102.017785,1103.894906,1105.780490,1107.674580,1109.577486,1111.488995,1113.408866,1115.337417,1117.274908,1119.220932,1121.175796,1123.139769,1125.112468,1127.094053,1129.084632,1131.084253,1133.092966,1135.110815,1137.137965,1139.174227,1141.219767,1143.274632,1145.338903,1147.412561,1149.495688,1151.588333,1153.690616,1155.802586,1157.924078,1160.055284,1162.196254,1164.346968,1166.507616,1168.678178,1170.858636,1173.049262,1175.249874,1177.460705,1179.681607,1181.912827,1184.154228,1186.405957,1188.668166,1190.940770,1193.223867,1195.517567,1197.821761,1200.136576,1202.462212,1204.798489,1207.145687,1209.503644,1211.872426,1214.252286,1216.643287,1219.045272,1221.458406,1223.882743,1226.318342,1228.765286,1231.223580,1233.693308,1236.174528,1238.667299,1241.171678,1243.687726,1246.215533,1248.755094,1251.306503,1253.869817,1256.445001,1259.032309,1261.631705,1264.243693,1266.867450,1269.503553,1272.151916,1274.812634,1277.485852,1280.171591,1282.869947,1285.580918,1288.304617,1291.041074,1293.790369,1296.552568,1299.327735,1302.115941,1304.917239,1307.731859,1310.559549,1313.400535,1316.254799,1319.122628,1322.003897
740.477534,740.852082,741.227764,741.605725,741.983982,742.364494,742.746709,743.128701,743.513806,743.900655,744.287120,744.675846,745.066441,745.459032,745.852917,746.246001,746.641060,747.038450,747.436194,747.835465,748.236882,748.639478,749.043880,749.449374,749.856432,750.264911,750.674363,751.085576,751.498762,751.913124,752.328640,752.746451,753.165421,753.586312,754.008238,754.431615,754.856622,755.283423,755.711536,756.140714,756.571798,757.004560,757.438645,757.874422,758.311933,758.751075,759.191644,759.633436,760.077034,760.522486,760.969727,761.418538,761.868691,762.320637,762.774353,763.229680,763.686807,764.145544,764.605898,765.067862,765.531556,765.996901,766.463929,766.932836,767.403631,767.875671,768.349851,768.825525,769.302597,769.781730,770.262431,770.744959,771.229286,771.715421,772.203375,772.693251,773.184831,773.678017,774.173269,774.670308,775.169010,775.669494,776.172034,776.676188,777.182631,777.690555,778.200371,778.712080,779.225767,779.741279,780.259129,780.778455,781.299867,781.823055,782.348073,782.875366,783.404266,783.935221,784.468376,785.003357,785.540578,786.079803,786.621058,787.163970,787.708755,788.255848,788.805231,789.356741,789.910238,790.465705,791.023017,791.582706,792.144221,792.708112,793.273757,793.841525,794.411475,794.983507,795.557757,796.134253,796.712907,797.293606,797.876729,798.461813,799.049181,799.638604,800.230355,800.824317,801.420634,802.019222,802.619883,803.222647,803.827753,804.435416,805.045226,805.657365,806.271898,806.888653,807.507876,808.129412,808.753216,809.379267,810.007914,810.639065,811.272471,811.908393,812.546600,813.187154,813.830135,814.475490,815.123331,815.773854,816.426799,817.082103,817.739992,818.400265,819.063147,819.728586,820.396504,821.067027,821.740066,822.415757,823.094211,823.775022,824.458472,825.144751,825.833436,826.524777,827.218783,827.915449,828.614793,829.316817,830.021857,830.729209,831.439730,832.152689,832.868417,833.586898,834.307938,835.032015,835.758844,836.488506,837.221074,837.956376,838.694631,839.435558,840.179500,840.926534,841.676436,842.429071,843.184695,843.943207,844.704676,845.469119,846.236544,847.006971,847.780449,848.557181,849.336668,850.119277,850.904915,851.693614,852.485495,853.280423,854.078327,854.879506,855.683817,856.491388,857.301999,858.115924,858.932981,859.753238,860.576761,861.403531,862.233568,863.066855,863.903471,864.743363,865.586693,866.433308,867.283265,868.136585,868.993305,869.853430,870.716976,871.583957,872.454522,873.328423,874.205665,875.086613,875.971015,876.858985,877.750502,878.645631,879.544311,880.446542,881.352387,882.261930,883.175067,884.091859,885.012532,885.936752,886.864649,887.796193,888.731538,889.670641,890.613694,891.560584,892.511152,893.465555,894.424003,895.386149,896.352190,897.322146,898.296033,899.273931,900.255906,901.241703,902.231496,903.225462,904.223424,905.225362,906.231705,907.241813,908.256030,909.274421,910.296965,911.323698,912.354818,913.390024,914.429388,915.473047,916.521055,917.573299,918.629845,919.690755,920.756030,921.825729,922.899876,923.978724,925.061688,926.149147,927.241134,928.337560,929.438514,930.544084,931.654221,932.768912,933.888300,935.012427,936.141053,937.274524,938.412754,939.555521,940.703278,941.855590,943.012782,944.174723,945.341575,946.513281,947.689874,948.871365,950.057815,951.249281,952.445686,953.647112,954.853581,956.065145,957.281984,958.503628,959.730516,960.962639,962.200045,963.442522,964.690244,965.943321,967.201612,968.465226,969.734188,971.008527,972.288273,973.573344,974.863963,976.160070,977.461755,978.768908,980.081658,981.399966,982.723915,984.053490,985.388740,986.729693,988.076429,989.428883,990.787238,992.151364,993.521318,994.897086,996.278764,997.666599,999.060456,1000.460161,1001.865823,1003.277507,1004.695172,1006.119141,1007.549131,1008.985390,1010.427857,1011.876505,1013.331507,1014.792673,1016.260184,1017.734057,1019.214407,1020.700993,1022.194154,1023.693809,1025.200196,1026.713060,1028.232471,1029.758429,1031.291034,1032.830337,1034.376491,1035.929270,1037.488841,1039.055239,1040.628701,1042.208956,1043.796304,1045.390358,1046.991414,1048.599577,1050.214678,1051.837014,1053.466431,1055.103148,1056.747192,1058.398323,1060.056786,1061.722473,1063.395718,1065.076172,1066.764066,1068.459437,1070.162359,1071.872800,1073.590833,1075.316496,1077.050000,1078.791042,1080.540075,1082.296654,1084.061079,1085.833376,1087.613556,1089.401754,1091.197870,1093.002026,1094.814371,1096.634697,1098.463187,1100.299956,1102.145149,1103.998338,1105.859846,1107.729718,1109.607995,1111.495265,1113.390485,1115.294240,1117.206696,1119.127720,1121.057345,1122.995930,1124.943091,1126.898988,1128.863729,1130.837358,1132.819926,1134.811477,1136.812175,1138.821830,1140.840606,1142.868550,1144.905708,1146.952163,1149.007894,1151.072982,1153.147409,1155.231637,1157.325086,1159.428086,1161.540686,1163.662865,1165.794811,1167.936504,1170.087926,1172.249346,1174.420584,1176.601770,1178.793056,1180.994293,1183.205727,1185.427221,1187.659020,1189.901038,1192.153307,1194.416005,1196.689182,1198.972728,1201.266869,1203.571505,1205.886755,1208.212798,1210.549473,1212.896843,1215.255161,1217.624491,1220.004674,1222.395874,1224.798146,1227.211573,1229.636159,1232.071986,1234.519114,1236.977597,1239.447496,1241.928867,1244.421800,1246.926291,1249.442430,1251.970275,1254.509887,1257.061228,1259.624552,1262.200263,1264.787540,1267.386993,1269.998430,1272.622092,1275.257963,1277.906187,1280.566786,1283.239855,1285.925389,1288.623504,1291.334227,1294.057637,1296.793801,1299.542780,1302.304646,1305.079451,1307.867424,1310.668313,1313.482342,1316.309494,1319.150055,1322.003897
744.422387,744.797449,745.174458,745.553140,745.931337,746.313807,746.695866,747.078832,747.464366,747.850485,748.241200,748.629090,749.017472,749.409717,749.802742,750.196272,750.592043,750.989382,751.387948,751.788134,752.189411,752.592310,752.996564,753.401632,753.808796,754.217695,754.627918,755.039249,755.452288,755.867245,756.283363,756.700940,757.119788,757.540326,757.962544,758.386117,758.810867,759.237114,759.665011,760.094604,760.525563,760.958383,761.392451,761.828316,762.265467,762.704050,763.144429,763.586748,764.030583,764.475944,764.922631,765.371237,765.821253,766.273188,766.726716,767.181922,767.638363,768.097115,768.557082,769.018422,769.482324,769.947271,770.414018,770.882355,771.352486,771.824232,772.297663,772.772609,773.249645,773.728186,774.208405,774.690709,775.174429,775.660326,776.147468,776.636620,777.127666,777.620448,778.114899,778.611190,779.109219,779.609334,780.111116,780.614649,781.120136,781.627345,782.136419,782.647583,783.160831,783.675408,784.192031,784.710552,785.230929,785.753426,786.277499,786.803780,787.332109,787.862247,788.394626,788.929035,789.464981,790.002695,790.542642,791.084813,791.628910,792.175405,792.723593,793.273581,793.825824,794.379987,794.936397,795.494608,796.054829,796.617130,797.181510,797.748083,798.317024,798.887771,799.460676,800.035787,800.613011,801.192267,801.773810,802.357380,802.943285,803.531276,804.121589,804.714157,805.308756,805.905458,806.504574,807.105999,807.709443,808.315436,808.923615,809.534106,810.146912,810.761867,811.379102,811.998718,812.620840,813.245381,813.872148,814.501313,815.132807,815.766544,816.402643,817.041308,817.682088,818.325644,818.971666,819.619907,820.270649,820.923769,821.579416,822.237600,822.898225,823.561456,824.227106,824.895376,825.566228,826.239659,826.915377,827.594077,828.275082,828.958746,829.645013,830.333866,831.025223,831.719445,832.416378,833.115698,833.818136,834.523004,835.230503,835.940745,836.653546,837.369227,838.087652,838.808976,839.532923,840.259680,840.989367,841.721588,842.456878,843.195065,843.936066,844.679883,845.426564,846.176077,846.928491,847.683821,848.442081,849.203277,849.967637,850.734874,851.504948,852.278096,853.054216,853.833379,854.615580,855.400811,856.188957,856.980298,857.774819,858.572382,859.373111,860.176852,860.983783,861.793851,862.607116,863.423577,864.243236,865.066080,865.892190,866.721510,867.554256,868.390117,869.229308,870.071738,870.917614,871.766773,872.619285,873.475291,874.334560,875.197235,876.063190,876.932734,877.805746,878.682149,879.562082,880.445556,881.332512,882.222945,883.116923,884.014525,884.915649,885.820356,886.728871,887.640858,888.556467,889.475659,890.398538,891.325189,892.255522,893.189587,894.127538,895.069285,896.014641,896.963796,897.916768,898.873576,899.834236,900.798879,901.767434,902.739747,903.715994,904.696332,905.680584,906.668730,907.661197,908.657453,909.657568,910.661790,911.670125,912.682591,913.699304,914.720044,915.744774,916.773877,917.807168,918.844590,919.886234,920.932154,921.982349,923.036879,924.095772,925.159102,926.226846,927.298714,928.374995,929.455800,930.540927,931.630593,932.724682,933.823328,934.926528,936.034370,937.146616,938.263487,939.385263,940.511357,941.642343,942.777784,943.917927,945.062878,946.212500,947.366993,948.526211,949.690226,950.859098,952.032882,953.211500,954.395048,955.583507,956.776943,957.975538,959.179034,960.387341,961.600860,962.819668,964.043478,965.272341,966.506346,967.745658,968.990078,970.239736,971.494656,972.754864,974.020392,975.290997,976.567383,977.849090,979.136118,980.428608,981.726603,983.030122,984.339078,985.653624,986.973753,988.299491,989.630919,990.968103,992.310820,993.659362,995.013627,996.373611,997.739482,999.111264,1000.489082,1001.872575,1003.261962,1004.657292,1006.058463,1007.465858,1008.879172,1010.298748,1011.724240,1013.155905,1014.593821,1016.037798,1017.488013,1018.944486,1020.407330,1021.876304,1023.351746,1024.833604,1026.322027,1027.816847,1029.318105,1030.825801,1032.340076,1033.860850,1035.388409,1036.922479,1038.463228,1040.010691,1041.565224,1043.126195,1044.694263,1046.268922,1047.850465,1049.438998,1051.034352,1052.636821,1054.246252,1055.862864,1057.486681,1059.117464,1060.755458,1062.400553,1064.053081,1065.712696,1067.379626,1069.053908,1070.735614,1072.424713,1074.121276,1075.825342,1077.536949,1079.256306,1080.983354,1082.717816,1084.459992,1086.209909,1087.967576,1089.733127,1091.506461,1093.287700,1095.076993,1096.874130,1098.679294,1100.492592,1102.314188,1104.143634,1105.981259,1107.827107,1109.681218,1111.544179,1113.414947,1115.294106,1117.181823,1119.077960,1120.982552,1122.895958,1124.817791,1126.748212,1128.687326,1130.635182,1132.591821,1134.557293,1136.531641,1138.515028,1140.507265,1142.508514,1144.518822,1146.538270,1148.566836,1150.604601,1152.651546,1154.708142,1156.773779,1158.848814,1160.933287,1163.027244,1165.130667,1167.243741,1169.366447,1171.498764,1173.640963,1175.792862,1177.954691,1180.126300,1182.307936,1184.499459,1186.701016,1188.912757,1191.134595,1193.366627,1195.608928,1197.861487,1200.124331,1202.397690,1204.681383,1206.975689,1209.280445,1211.595714,1213.921748,1216.258502,1218.606138,1220.964498,1223.333742,1225.713928,1228.105136,1230.507370,1232.920713,1235.345221,1237.780951,1240.227960,1242.686305,1245.156076,1247.637267,1250.129967,1252.634236,1255.150034,1257.677615,1260.216942,1262.768514,1265.331510,1267.906538,1270.493409,1273.092317,1275.703372,1278.326594,1280.962077,1283.609817,1286.269908,1288.942431,1291.627413,1294.324933,1297.035055,1299.757842,1302.493365,1305.241673,1308.002996,1310.777082,1313.564152,1316.364190,1319.177481,1322.003897
748.405723,748.781703,749.160475,749.537953,749.917899,750.299733,750.683020,751.068290,751.453177,751.837634,752.226038,752.614781,753.004664,753.396351,753.789698,754.184024,754.580078,754.977172,755.376025,755.776150,756.176952,756.580430,756.985042,757.390725,757.797720,758.206302,758.617059,759.028889,759.441717,759.856197,760.272333,760.690001,761.109251,761.529258,761.950811,762.374149,762.798950,763.225280,763.653232,764.082582,764.513777,764.946126,765.379649,765.815040,766.252913,766.691790,767.131997,767.573450,768.016977,768.461919,768.908758,769.357004,769.807111,770.258524,770.711726,771.166684,771.622971,772.080811,772.540566,773.001746,773.464635,773.929269,774.395575,774.863301,775.332824,775.804103,776.277083,776.751577,777.227847,777.705892,778.186024,778.667196,779.150497,779.635443,780.122385,780.610757,781.101030,781.593018,782.086689,782.582489,783.079805,783.579009,784.079912,784.582761,785.087373,785.593920,786.102543,786.612482,787.124566,787.638175,788.153933,788.671523,789.191051,789.712748,790.236124,790.761444,791.288785,791.818157,792.348965,792.881960,793.416928,793.953975,794.493131,795.034207,795.577029,796.121830,796.668751,797.217805,797.768743,798.321537,798.876307,799.433152,799.992262,800.553334,801.116439,801.681642,802.248772,802.818328,803.389793,803.963290,804.539035,805.116768,805.696820,806.278872,806.863230,807.449857,808.038560,808.629075,809.221992,809.817402,810.414699,811.014291,811.616160,812.220473,812.826772,813.435322,814.046182,814.659422,815.274824,815.892848,816.513153,817.135470,817.760124,818.387167,819.016521,819.648261,820.282342,820.918966,821.558026,822.199195,822.842837,823.488849,824.137442,824.788317,825.441743,826.097632,826.755942,827.416824,828.080241,828.746176,829.414377,830.085498,830.758915,831.434953,832.113439,832.794488,833.478070,834.164512,834.853383,835.544801,836.239215,836.935940,837.635313,838.337431,839.041952,839.749347,840.459447,841.172363,841.887897,842.606285,843.327312,844.050935,844.777563,845.507058,846.239300,846.974303,847.712117,848.452706,849.196141,849.942440,850.691605,851.443852,852.198810,852.956786,853.717610,854.481316,855.248002,856.017672,856.790323,857.565917,858.344421,859.126141,859.910767,860.698558,861.489303,862.283074,863.079974,863.879950,864.683062,865.489306,866.298686,867.111189,867.926894,868.745811,869.567918,870.393227,871.221757,872.053462,872.888548,873.726850,874.568440,875.413463,876.261683,877.113226,877.967991,878.826103,879.687965,880.552975,881.421490,882.293388,883.168743,884.047506,884.929742,885.815532,886.704763,887.597656,888.494013,889.393905,890.297339,891.204287,892.114848,893.029108,893.946978,894.868499,895.793834,896.722896,897.655478,898.591789,899.531841,900.475651,901.423237,902.374727,903.330051,904.289053,905.251881,906.218706,907.189482,908.163999,909.142744,910.125217,911.111504,912.101723,913.096017,914.094362,915.096758,916.103316,917.113787,918.128313,919.147058,920.169847,921.196771,922.227885,923.263187,924.302736,925.346558,926.394730,927.447225,928.503755,929.564607,930.629869,931.699424,932.773371,933.851664,934.934422,936.021621,937.113406,938.209481,939.310087,940.415303,941.525139,942.639571,943.758357,944.881755,946.009821,947.142536,948.279984,949.422034,950.568827,951.720340,952.876696,954.037758,955.203654,956.374370,957.549933,958.730392,959.915991,961.106182,962.301376,963.501660,964.707099,965.917360,967.132673,968.353147,969.578638,970.809256,972.045025,973.285971,974.532125,975.783501,977.039941,978.301937,979.569235,980.841766,982.119701,983.402987,984.691706,985.985840,987.285438,988.590527,989.901134,991.217337,992.539205,993.866512,995.199549,996.538210,997.882504,999.232733,1000.588693,1001.950414,1003.317765,1004.690975,1006.069906,1007.454788,1008.845708,1010.242448,1011.645349,1013.054065,1014.468852,1015.889776,1017.316682,1018.749711,1020.188894,1021.634344,1023.085818,1024.543655,1026.007802,1027.478407,1028.955389,1030.438526,1031.928079,1033.424103,1034.926516,1036.435603,1037.951091,1039.473147,1041.001803,1042.537417,1044.079359,1045.628278,1047.183675,1048.745842,1050.314882,1051.890627,1053.473370,1055.062957,1056.659606,1058.263342,1059.874027,1061.491595,1063.116247,1064.748211,1066.387139,1068.033258,1069.686606,1071.347254,1073.015169,1074.690423,1076.373053,1078.063097,1079.760762,1081.465991,1083.178504,1084.898602,1086.626309,1088.361635,1090.104714,1091.855443,1093.613943,1095.380362,1097.154491,1098.936511,1100.726529,1102.524708,1104.330598,1106.144530,1107.966544,1109.796683,1111.635530,1113.482042,1115.336804,1117.199856,1119.071456,1120.951194,1122.839597,1124.736270,1126.641490,1128.555189,1130.477480,1132.408406,1134.348015,1136.296349,1138.253570,1140.219488,1142.194266,1144.177950,1146.170617,1148.172247,1150.182920,1152.202681,1154.231650,1156.269873,1158.317182,1160.373767,1162.439677,1164.514888,1166.599589,1168.693757,1170.797372,1172.910703,1175.033567,1177.166094,1179.308434,1181.460437,1183.622346,1185.794023,1187.975713,1190.167327,1192.368896,1194.580597,1196.802478,1199.034427,1201.276669,1203.529103,1205.791845,1208.065075,1210.348627,1212.642565,1214.947141,1217.262415,1219.588228,1221.924742,1224.272011,1226.630089,1228.999059,1231.378922,1233.769760,1236.171631,1238.584589,1241.008690,1243.443993,1245.890585,1248.348460,1250.817707,1253.298384,1255.790452,1258.294163,1260.809478,1263.336900,1265.875602,1268.426161,1270.988487,1273.562673,1276.148862,1278.747072,1281.357398,1283.979834,1286.614474,1289.261399,1291.920633,1294.592257,1297.276332,1299.972923,1302.682097,1305.404064,1308.138576,1310.885855,1313.645965,1316.418888,1319.204908,1322.003897
752.428611,752.805602,753.182893,753.564657,753.943373,754.322872,754.705399,755.089774,755.474955,755.860790,756.248389,756.637726,757.028038,757.419846,757.813061,758.208000,758.603929,759.000791,759.399842,759.800086,760.201465,760.604489,761.008498,761.414842,761.822477,762.230909,762.641014,763.052808,763.466087,763.880606,764.296065,764.713054,765.131755,765.551812,765.973875,766.396868,766.821594,767.248069,767.675420,768.104390,768.535106,768.967888,769.401798,769.836921,770.273615,770.711873,771.151808,771.593354,772.036764,772.481626,772.927929,773.375854,773.825684,774.276597,774.728909,775.183506,775.639000,776.096606,776.555679,777.016727,777.479036,777.942895,778.408668,778.875930,779.344813,779.815240,780.287599,780.761893,781.237388,781.714729,782.193825,782.674781,783.157323,783.641612,784.127450,784.615007,785.104481,785.595962,786.088880,786.583863,787.080236,787.578527,788.078575,788.580729,789.084393,789.589805,790.097168,790.606277,791.117368,791.630316,792.145178,792.661888,793.180336,793.700792,794.223273,794.747676,795.273613,795.801542,796.331559,796.863668,797.397407,797.933296,798.470969,799.010494,799.552413,800.096116,800.641539,801.188965,801.738425,802.289942,802.843466,803.399058,803.956484,804.516099,805.077668,805.641547,806.207283,806.775014,807.345011,807.917014,808.491092,809.067320,809.645722,810.226479,810.809037,811.393483,811.980608,812.569608,813.160763,813.754253,814.350042,814.947755,815.547720,816.150037,816.754338,817.361120,817.970085,818.581719,819.195225,819.810914,820.428849,821.049228,821.671963,822.296764,822.924108,823.553886,824.185913,824.820068,825.456680,826.095649,826.737109,827.380876,828.027051,828.675691,829.326770,829.980248,830.636432,831.294730,831.955500,832.619123,833.285044,833.953368,834.624210,835.297540,835.973386,836.652009,837.332977,838.016766,838.702888,839.391597,840.082904,840.776935,841.473254,842.172438,842.874376,843.578911,844.286149,844.995996,845.708521,846.423735,847.141685,847.862546,848.586100,849.312339,850.041379,850.773118,851.507652,852.244988,852.985304,853.728316,854.474142,855.223000,855.974529,856.728940,857.486316,858.246536,859.009720,859.775790,860.544820,861.316755,862.091795,862.869742,863.650677,864.434571,865.221533,866.011533,866.804563,867.600687,868.399886,869.202146,870.007546,870.816096,871.627773,872.442588,873.260562,874.081647,874.906048,875.733602,876.564383,877.398533,878.235800,879.076313,879.920022,880.766992,881.617646,882.471397,883.328550,884.189002,885.052911,885.920125,886.790743,887.664781,888.542320,889.423451,890.307888,891.195785,892.087162,892.981997,893.880536,894.782382,895.687919,896.597037,897.509933,898.426407,899.346364,900.269975,901.197251,902.128210,903.062868,904.001355,904.943649,905.889442,906.839073,907.792545,908.749928,909.710973,910.675847,911.645007,912.617687,913.594052,914.574457,915.558818,916.547176,917.539613,918.535879,919.536118,920.540416,921.548834,922.561208,923.577696,924.598286,925.622996,926.651973,927.685178,928.722607,929.764046,930.809602,931.859457,932.913714,933.972117,935.034813,936.101832,937.173301,938.249213,939.329324,940.413871,941.502812,942.596524,943.694532,944.796964,945.903826,947.015318,948.131256,949.251785,950.377009,951.506783,952.641242,953.780302,954.924058,956.072535,957.225731,958.383672,959.546406,960.713970,961.886543,963.063653,964.245740,965.432852,966.624844,967.821699,969.023506,970.230427,971.442265,972.659145,973.881092,975.108132,976.340295,977.577638,978.819959,980.067703,981.320566,982.578687,983.842110,985.110852,986.384826,987.664181,988.948911,990.239041,991.534598,992.835793,994.142295,995.454276,996.771946,998.095044,999.423807,1000.758262,1002.098524,1003.444257,1004.795689,1006.152767,1007.515498,1008.884101,1010.258645,1011.639004,1013.025236,1014.417277,1015.815413,1017.219338,1018.629266,1020.045216,1021.467193,1022.895382,1024.329467,1025.769817,1027.216359,1028.669284,1030.128434,1031.593654,1033.065184,1034.543040,1036.027250,1037.517988,1039.015017,1040.518504,1042.028513,1043.545304,1045.068443,1046.598246,1048.134515,1049.677439,1051.227122,1052.783394,1054.346549,1055.916551,1057.493386,1059.077055,1060.667683,1062.265075,1063.869430,1065.480978,1067.099368,1068.724828,1070.357395,1071.997138,1073.644025,1075.298127,1076.959480,1078.628121,1080.304258,1081.987831,1083.678560,1085.376727,1087.082413,1088.795568,1090.516345,1092.244642,1093.980578,1095.724300,1097.475600,1099.234655,1101.001575,1102.776519,1104.559039,1106.349463,1108.147833,1109.954188,1111.769113,1113.591563,1115.422121,1117.260829,1119.107942,1120.963052,1122.826681,1124.698437,1126.578595,1128.467086,1130.364022,1132.269445,1134.183403,1136.105937,1138.037209,1139.977027,1141.925553,1143.882833,1145.848943,1147.823863,1149.807670,1151.800411,1153.802065,1155.813092,1157.832909,1159.861844,1161.899944,1163.947254,1166.003754,1168.069629,1170.144858,1172.229418,1174.323579,1176.427157,1178.540381,1180.663100,1182.795558,1184.937616,1187.089417,1189.251111,1191.422609,1193.604007,1195.795283,1197.996709,1200.208027,1202.429560,1204.661125,1206.902993,1209.155018,1211.417343,1213.689927,1215.973020,1218.266685,1220.570760,1222.885407,1225.210678,1227.546655,1229.893339,1232.250812,1234.619128,1236.998342,1239.388510,1241.789687,1244.201930,1246.625327,1249.059871,1251.505649,1253.962720,1256.431043,1258.910870,1261.402162,1263.905420,1266.419817,1268.945929,1271.483666,1274.033120,1276.594432,1279.167621,1281.752781,1284.349905,1286.959087,1289.580406,1292.213886,1294.859608,1297.517632,1300.188021,1302.870842,1305.566306,1308.274162,1310.994632,1313.727780,1316.473586,1319.232335,1322.003897
756.491130,756.866007,757.242956,757.622563,758.002098,758.382595,758.765124,759.148601,759.533792,759.920452,760.308158,760.697639,761.088304,761.479593,761.872890,762.267568,762.663859,763.060876,763.459681,763.859532,764.261215,764.664524,765.068798,765.474511,765.881922,766.290770,766.700735,767.111546,767.524237,767.938163,768.354244,768.771077,769.189351,769.609422,770.031342,770.453873,770.878145,771.304155,771.731913,772.160723,772.591055,773.022737,773.456033,773.890952,774.327491,774.765934,775.205721,775.647155,776.089762,776.534214,776.979957,777.427017,777.875836,778.326507,778.778429,779.232036,779.687797,780.144877,780.603147,781.063252,781.524930,781.988180,782.453058,782.919645,783.388227,783.858085,784.329532,784.802905,785.277766,785.754513,786.232864,786.712709,787.194235,787.677754,788.163105,788.650044,789.138722,789.628932,790.120908,790.614702,791.110322,791.607993,792.106919,792.607795,793.110502,793.615228,794.121580,794.629704,795.139666,795.651473,796.165353,796.681006,797.198585,797.717852,798.238939,798.762000,799.286917,799.813660,800.342467,800.873099,801.405490,801.940190,802.476530,803.014908,803.555111,804.097226,804.641205,805.187367,805.735301,806.285389,806.837348,807.391287,807.947377,808.505523,809.065577,809.627714,810.191861,810.758101,811.326340,811.896612,812.469467,813.043939,813.620350,814.199057,814.780018,815.362913,815.947942,816.535344,817.124766,817.716257,818.309917,818.905903,819.503820,820.104174,820.706641,821.311736,821.918690,822.527850,823.139083,823.752923,824.368799,824.986977,825.607508,826.230312,826.855446,827.482677,828.112307,828.744366,829.378619,830.015271,830.654338,831.295763,831.939552,832.585826,833.234578,833.885489,834.538857,835.195089,835.853364,836.514198,837.177412,837.843079,838.511129,839.181981,839.855143,840.531074,841.209285,841.890036,842.573416,843.259309,843.947521,844.638654,845.332324,846.028549,846.727488,847.428973,848.133183,848.839838,849.549273,850.261566,850.976500,851.694067,852.414381,853.137345,853.863208,854.591658,855.322900,856.056884,856.793661,857.533415,858.275784,859.020979,859.769083,860.519975,861.273775,862.030511,862.790055,863.552391,864.317741,865.086016,865.857222,866.631326,867.408440,868.188534,868.971596,869.757694,870.546806,871.338919,872.134175,872.932443,873.733737,874.538159,875.345692,876.156245,876.970065,877.786980,878.607049,879.430427,880.256838,881.086470,881.919215,882.755154,883.594711,884.437300,885.283225,886.132381,886.984928,887.840712,888.699832,889.562304,890.428208,891.297637,892.170301,893.046356,893.925820,894.808787,895.695162,896.584963,897.478220,898.375069,899.275625,900.179685,901.087155,901.998206,902.912848,903.831098,904.752973,905.678601,906.607962,907.540762,908.477354,909.417598,910.361741,911.309458,912.260947,913.216631,914.175757,915.138518,916.105182,917.075750,918.050235,919.028716,920.010946,920.997067,921.987164,922.981298,923.979305,924.981342,925.987396,926.997487,928.011950,929.030173,930.052562,931.079200,932.109706,933.144423,934.183453,935.226557,936.273833,937.325359,938.381244,939.441464,940.505828,941.574519,942.647513,943.725183,944.807057,945.893262,946.983802,948.078878,949.178319,950.282227,951.390749,952.503699,953.621285,954.743351,955.870015,957.001300,958.137205,959.277768,960.422998,961.572943,962.727848,963.887335,965.051299,966.220337,967.394347,968.572992,969.756502,970.944962,972.138295,973.336542,974.539749,975.747940,976.961139,978.179447,979.402712,980.631024,981.864504,983.103102,984.346904,985.595857,986.850074,988.109433,989.374087,990.644025,991.919275,993.200047,994.485998,995.777330,997.074172,998.376424,999.684096,1000.997441,1002.316492,1003.640777,1004.970743,1006.306208,1007.647295,1008.993939,1010.346359,1011.704717,1013.068697,1014.438359,1015.813826,1017.195288,1018.582440,1019.975494,1021.374469,1022.779458,1024.190346,1025.607186,1027.030153,1028.459392,1029.894541,1031.335996,1032.783415,1034.237082,1035.696880,1037.162969,1038.635478,1040.114171,1041.599212,1043.090837,1044.588792,1046.093155,1047.604072,1049.121341,1050.645224,1052.175612,1053.712609,1055.256248,1056.806683,1058.363835,1059.927705,1061.498416,1063.075774,1064.659978,1066.251255,1067.849254,1069.454204,1071.066140,1072.685131,1074.311143,1075.944248,1077.584480,1079.231877,1080.886644,1082.548722,1084.217830,1085.894250,1087.578059,1089.269211,1090.967856,1092.673891,1094.387435,1096.108634,1097.837279,1099.573547,1101.317547,1103.069153,1104.828768,1106.595869,1108.370779,1110.153537,1111.944728,1113.743306,1115.549854,1117.364411,1119.187233,1121.017911,1122.856746,1124.704005,1126.559300,1128.422789,1130.294576,1132.174707,1134.063222,1135.960167,1137.865584,1139.779635,1141.702126,1143.633220,1145.572960,1147.521425,1149.478591,1151.444537,1153.419242,1155.403174,1157.395721,1159.397239,1161.407763,1163.427341,1165.455949,1167.493771,1169.540786,1171.596972,1173.662595,1175.737471,1177.821730,1179.915519,1182.018686,1184.131475,1186.253745,1188.385740,1190.527369,1192.678662,1194.839794,1197.010811,1199.191601,1201.382288,1203.583067,1205.793754,1208.014627,1210.245520,1212.486494,1214.737798,1216.999494,1219.271419,1221.553734,1223.846491,1226.149744,1228.463573,1230.787979,1233.123041,1235.468815,1237.825354,1240.192714,1242.570950,1244.960149,1247.360303,1249.771499,1252.193793,1254.627243,1257.071807,1259.527737,1261.994992,1264.474074,1266.964154,1269.465808,1271.978944,1274.503656,1277.040082,1279.588242,1282.148226,1284.720031,1287.303747,1289.899453,1292.507174,1295.126987,1297.758954,1300.403137,1303.059602,1305.728558,1308.409755,1311.103414,1313.809597,1316.528286,1319.259762,1322.003897
760.586575,760.961897,761.338969,761.717663,762.097145,762.478655,762.861223,763.244880,763.630540,764.016897,764.404058,764.793734,765.184198,765.575871,765.968823,766.363339,766.759260,767.156641,767.555670,767.955186,768.356768,768.759670,769.164146,769.569570,769.975905,770.384120,770.793688,771.205041,771.617296,772.031093,772.446613,772.863858,773.281715,773.701128,774.122200,774.545151,774.969080,775.394597,775.821282,776.249648,776.679808,777.111316,777.544795,777.979425,778.415845,778.853120,779.292099,779.732971,780.174915,780.618242,781.063611,781.510303,781.958755,782.408813,782.860578,783.313456,783.768063,784.224217,784.681908,785.141182,785.602168,786.065131,786.529310,786.995160,787.462383,787.931612,788.402475,788.875000,789.349014,789.824561,790.301967,790.781311,791.262246,791.744835,792.229014,792.714767,793.202254,793.691504,794.182848,794.675627,795.170057,795.666716,796.164747,796.664348,797.166171,797.669561,798.174931,798.682018,799.190878,799.701638,800.214482,800.728836,801.244931,801.763052,802.282677,802.804367,803.328155,803.853550,804.381020,804.910460,805.441695,805.974633,806.509517,807.046193,807.584912,808.125517,808.668135,809.212531,809.759052,810.307544,810.857928,811.410446,811.964800,812.521365,813.079694,813.640143,814.202680,814.767325,815.333941,815.902632,816.473078,817.045821,817.620591,818.197577,818.776432,819.357778,819.940800,820.526016,821.113499,821.703127,822.294626,822.888613,823.484798,824.083190,824.683613,825.286260,825.890939,826.498107,827.107462,827.718930,828.332494,828.948475,829.566775,830.187134,830.809869,831.434844,832.062068,832.691687,833.323636,833.957882,834.594441,835.233564,835.874870,836.518520,837.164722,837.813316,838.464113,839.117450,839.773132,840.431138,841.091523,841.754592,842.420324,843.088118,843.758474,844.431402,845.106750,845.784607,846.464910,847.147885,847.833363,848.521450,849.212079,849.905362,850.600986,851.299369,852.000366,852.704157,853.410538,854.119500,854.831160,855.545576,856.262512,856.982178,857.704519,858.429581,859.157439,859.888106,860.621391,861.357487,862.096356,862.837998,863.582601,864.329869,865.080036,865.832859,866.588679,867.347367,868.108927,868.873330,869.640684,870.410959,871.184144,871.960306,872.739423,873.521481,874.306623,875.094717,875.885775,876.679938,877.477078,878.277212,879.080557,879.886925,880.696525,881.509080,882.324780,883.143618,883.965505,884.790576,885.619093,886.450630,887.285439,888.123413,888.964712,889.809182,890.656921,891.507945,892.362334,893.220171,894.081212,894.945530,895.813206,896.684321,897.558765,898.436569,899.317760,900.202653,901.090820,901.982599,902.877717,903.776344,904.678490,905.584170,906.493402,907.406313,908.322883,909.242869,910.166469,911.093716,912.024748,912.959298,913.897542,914.839905,915.785632,916.734916,917.688025,918.645007,919.605730,920.570418,921.538775,922.510942,923.487005,924.467001,925.450842,926.438589,927.430281,928.425926,929.425860,930.429469,931.437166,932.448971,933.464711,934.484475,935.508323,936.536358,937.568441,938.604665,939.645052,940.689898,941.738693,942.791719,943.848969,944.910677,945.976741,947.046923,948.121348,949.200119,950.283355,951.370885,952.462842,953.559265,954.660148,955.765462,956.875240,957.989569,959.108408,960.231806,961.359785,962.492355,963.629564,964.771723,965.918162,967.069246,968.225317,969.386118,970.551556,971.721841,972.896895,974.076758,975.261475,976.451071,977.645569,978.844999,980.049515,981.258618,982.473052,983.692421,984.916824,986.146346,987.380988,988.620661,989.865516,991.115542,992.370766,993.631347,994.897094,996.168074,997.444326,998.726058,1000.013009,1001.305514,1002.603249,1003.906775,1005.215476,1006.529694,1007.849374,1009.174541,1010.505189,1011.841738,1013.183691,1014.531389,1015.884672,1017.243662,1018.608538,1019.979028,1021.355310,1022.737413,1024.125431,1025.519246,1026.918912,1028.324634,1029.736488,1031.154134,1032.578004,1034.007735,1035.443609,1036.885509,1038.333594,1039.787993,1041.248468,1042.715185,1044.188377,1045.667795,1047.153503,1048.645659,1050.144058,1051.648958,1053.160252,1054.678042,1056.202363,1057.733364,1059.270969,1060.815281,1062.366111,1063.923576,1065.487769,1067.058919,1068.636673,1070.221259,1071.812712,1073.411099,1075.016388,1076.628647,1078.247913,1079.874220,1081.508006,1083.148516,1084.796163,1086.450996,1088.113094,1089.782407,1091.459086,1093.143026,1094.834347,1096.533194,1098.239357,1099.953012,1101.674267,1103.402997,1105.139602,1106.883560,1108.635193,1110.394539,1112.161905,1113.937074,1115.719800,1117.510398,1119.309168,1121.115561,1122.930017,1124.752758,1126.583324,1128.422078,1130.268919,1132.123959,1133.987238,1135.858803,1137.738694,1139.627070,1141.523740,1143.428864,1145.342485,1147.264680,1149.195425,1151.134799,1153.082845,1155.039542,1157.005347,1158.979678,1160.962860,1162.954938,1164.955958,1166.965896,1168.984937,1171.013058,1173.050236,1175.096737,1177.152378,1179.217385,1181.291607,1183.375285,1185.468280,1187.570732,1189.682791,1191.804366,1193.935550,1196.076322,1198.226952,1200.387179,1202.557326,1204.737207,1206.927094,1209.126837,1211.336578,1213.556276,1215.786178,1218.026346,1220.276616,1222.537149,1224.807995,1227.089209,1229.380869,1231.682976,1233.995608,1236.318821,1238.652668,1240.997202,1243.352479,1245.718585,1248.095511,1250.483344,1252.882139,1255.291953,1257.712745,1260.144763,1262.588411,1265.042862,1267.508614,1269.985798,1272.474323,1274.974282,1277.485812,1280.008933,1282.543735,1285.090211,1287.648454,1290.218540,1292.800494,1295.394394,1298.000299,1300.618270,1303.248375,1305.890820,1308.545354,1311.212200,1313.891417,1316.582987,1319.287190,1322.003897
764.718718,765.094527,765.472192,765.850563,766.230597,766.611824,766.994407,767.377400,767.762823,768.149328,768.536645,768.925806,769.315978,769.707875,770.101042,770.495295,770.890816,771.287921,771.686665,772.086297,772.487591,772.889430,773.293231,773.698644,774.105087,774.512632,774.921990,775.333142,775.745496,776.158859,776.573316,776.989657,777.407875,777.826935,778.247429,778.669490,779.092965,779.518161,779.944896,780.373445,780.803146,781.234115,781.666348,782.100213,782.535915,782.972807,783.410878,783.851015,784.292695,784.735533,785.180087,785.626524,786.074062,786.523237,786.973839,787.426052,787.879828,788.335353,788.792703,789.251119,789.711306,790.172858,790.636371,791.101321,791.568075,792.036315,792.506019,792.977483,793.450768,793.925806,794.402196,794.880374,795.359953,795.841335,796.324445,796.809326,797.296380,797.784445,798.274407,798.766076,799.259526,799.754762,800.251643,800.750233,801.251025,801.753259,802.257235,802.763532,803.271473,803.780751,804.291777,804.804605,805.319407,805.836013,806.354693,806.875296,807.397390,807.921615,808.447557,808.975249,809.504810,810.036093,810.569463,811.104754,811.641852,812.180776,812.721907,813.264696,813.809716,814.356540,814.905374,815.456043,816.008603,816.563476,817.120085,817.678839,818.239796,818.802437,819.366943,819.933695,820.502623,821.073252,821.646177,822.221347,822.798165,823.377307,823.958490,824.541768,825.126966,825.714740,826.304329,826.896354,827.490319,828.086216,828.684706,829.285147,829.887697,830.492460,831.099287,831.708605,832.320019,832.933465,833.549294,834.167321,834.787594,835.410140,836.035033,836.662134,837.291527,837.923391,838.557525,839.193946,839.832762,840.473913,841.117314,841.763218,842.411249,843.061731,843.714534,844.369907,845.027931,845.687997,846.350603,847.015599,847.683014,848.353055,849.025316,849.700205,850.377642,851.057537,851.739977,852.424998,853.112358,853.802403,854.495012,855.190364,855.888237,856.588760,857.291912,857.997519,858.705760,859.416679,860.130221,860.846489,861.565386,862.287094,863.011409,863.738400,864.468149,865.200727,865.936071,866.674020,867.414809,868.158238,868.904601,869.653792,870.405791,871.160575,871.918254,872.678797,873.442193,874.208501,874.977717,875.749876,876.524946,877.302946,878.083860,878.867821,879.654700,880.444517,881.237475,882.033409,882.832475,883.634483,884.439554,885.247702,886.058835,886.873091,887.690728,888.511367,889.335142,890.162026,890.992189,891.825457,892.661929,893.501620,894.344743,895.191001,896.040495,896.893211,897.749339,898.608601,899.471242,900.337221,901.206424,902.079308,902.955395,903.834883,904.717923,905.604258,906.494041,907.387287,908.284124,909.184414,910.088264,910.995590,911.906328,912.820702,913.738778,914.660316,915.585463,916.514653,917.447160,918.383195,919.322841,920.266301,921.213467,922.164362,923.119163,924.077653,925.039727,926.005772,926.975580,927.949215,928.926712,929.908081,930.893618,931.882904,932.875999,933.873197,934.874307,935.879236,936.888224,937.901313,938.918382,939.939472,940.964655,941.994211,943.027608,944.065193,945.106881,946.152945,947.203276,948.257633,949.316144,950.378909,951.446048,952.517385,953.593064,954.673177,955.757527,956.846279,957.939400,959.036964,960.138967,961.245422,962.356360,963.471792,964.591766,965.716529,966.845703,967.979206,969.117505,970.260655,971.408260,972.560530,973.717603,974.879349,976.045823,977.217071,978.393117,979.573985,980.759772,981.950327,983.145650,984.346125,985.551451,986.761759,987.977037,989.197383,990.422675,991.653062,992.888536,994.129253,995.374973,996.625906,997.881976,999.143239,1000.409895,1001.681751,1002.958921,1004.241664,1005.529390,1006.822663,1008.121183,1009.425112,1010.734468,1012.049212,1013.369762,1014.695622,1016.027131,1017.364129,1018.706755,1020.055138,1021.409053,1022.768663,1024.133995,1025.505143,1026.881931,1028.264598,1029.653138,1031.047722,1032.448083,1033.854391,1035.266544,1036.684738,1038.108853,1039.539049,1040.975454,1042.417829,1043.866340,1045.321220,1046.782217,1048.249398,1049.722917,1051.202570,1052.688615,1054.180943,1055.679657,1057.184789,1058.696490,1060.214682,1061.739467,1063.270657,1064.808366,1066.352689,1067.903852,1069.461503,1071.025869,1072.596983,1074.174914,1075.759628,1077.351192,1078.949641,1080.555011,1082.167740,1083.787069,1085.413412,1087.046817,1088.687363,1090.334999,1091.989875,1093.651887,1095.321152,1096.997815,1098.681665,1100.372878,1102.071472,1103.777584,1105.491362,1107.212354,1108.940889,1110.677004,1112.420738,1114.172674,1115.931763,1117.698589,1119.473450,1121.255820,1123.046068,1124.844455,1126.650586,1128.464734,1130.286828,1132.116979,1133.955227,1135.801616,1137.656187,1139.519098,1141.390157,1143.269522,1145.157238,1147.053378,1148.957921,1150.870942,1152.792484,1154.722526,1156.661534,1158.608894,1160.564961,1162.529770,1164.503365,1166.485723,1168.477026,1170.477250,1172.486373,1174.504661,1176.531926,1178.568297,1180.613921,1182.668739,1184.732708,1186.805972,1188.888675,1190.980729,1193.082225,1195.193141,1197.313718,1199.443778,1201.583442,1203.732904,1205.891979,1208.060943,1210.239628,1212.428094,1214.626590,1216.835067,1219.053683,1221.282276,1223.521004,1225.769919,1228.029099,1230.298543,1232.578330,1234.868514,1237.169147,1239.480282,1241.801973,1244.134273,1246.477269,1248.830951,1251.195406,1253.570687,1255.956754,1258.353855,1260.761949,1263.181535,1265.611785,1268.053304,1270.505898,1272.969762,1275.444997,1277.931623,1280.429695,1282.939305,1285.460445,1287.993225,1290.537667,1293.093849,1295.661828,1298.241666,1300.833422,1303.437161,1306.053091,1308.680961,1311.320990,1313.973240,1316.637688,1319.314618,1322.003897
768.888755,769.264961,769.641994,770.020021,770.399723,770.781166,771.163248,771.546531,771.931416,772.317711,772.705362,773.094122,773.483940,773.875362,774.268439,774.662514,775.058185,775.454771,775.852326,776.251623,776.652594,777.054385,777.457741,777.862496,778.268891,778.676619,779.085191,779.494987,779.906743,780.320169,780.734552,781.150174,781.567388,781.985960,782.406191,782.828333,783.251937,783.676412,784.102360,784.529545,784.958343,785.388862,785.820873,786.253948,786.688254,787.124981,787.562569,788.001649,788.442546,788.885141,789.328834,789.774069,790.220973,790.669242,791.119146,791.570901,792.023726,792.478347,792.934211,793.391979,793.851109,794.312290,794.774672,795.238787,795.704139,796.171543,796.640582,797.111005,797.583174,798.056825,798.532000,799.008984,799.487794,799.968441,800.450565,800.934149,801.419627,801.906668,802.395281,802.886008,803.378259,803.872447,804.368038,804.865568,805.365172,805.866434,806.369187,806.873327,807.379508,807.887381,808.397186,808.909291,809.422688,809.937778,810.454959,810.973949,811.494534,812.016917,812.541077,813.067199,813.595151,814.125040,814.656704,815.190240,815.725815,816.263218,816.802613,817.343831,817.886969,818.432118,818.979057,819.527960,820.078930,820.631995,821.186882,821.743398,822.302420,822.863215,823.425940,823.990610,824.557611,825.126334,825.697242,826.270096,826.844995,827.421966,828.001087,828.582284,829.165766,829.751143,830.338692,830.928330,831.520105,832.113977,832.709843,833.307859,833.908172,834.510576,835.115203,835.721909,836.330780,836.941936,837.555214,838.170763,838.788617,839.408636,840.031005,840.655669,841.282681,841.911696,842.543205,843.177018,843.813253,844.451568,845.092049,845.735007,846.380384,847.028361,847.678395,848.330779,848.985577,849.642769,850.302511,850.964485,851.628819,852.295779,852.965119,853.636930,854.311335,854.988079,855.667196,856.348975,857.033256,857.720235,858.409914,859.101891,859.796349,860.493378,861.193021,861.895228,862.600028,863.307523,864.017705,864.730406,865.445781,866.163779,866.884592,867.608039,868.334153,869.062895,869.794423,870.528537,871.265529,872.005295,872.747813,873.493061,874.241147,874.992041,875.745732,876.502278,877.261644,878.023958,878.789094,879.557101,880.327965,881.101817,881.878532,882.658117,883.440742,884.226481,885.015033,885.806573,886.601115,887.398673,888.199208,889.002697,889.809382,890.619359,891.432233,892.248153,893.067288,893.889464,894.714780,895.543251,896.375107,897.210040,898.048078,898.889427,899.733888,900.581534,901.432492,902.286722,903.144290,904.005107,904.869239,905.736704,906.607657,907.481824,908.359375,909.240319,910.124784,911.012629,911.903963,912.798703,913.696797,914.598422,915.503693,916.412351,917.324546,918.240739,919.160114,920.083019,921.009416,921.939498,922.873259,923.810674,924.751915,925.696770,926.645130,927.597383,928.553319,929.513004,930.476471,931.443922,932.415077,933.390091,934.368833,935.351595,936.338188,937.328575,938.322822,939.321061,940.323361,941.329515,942.339678,943.354078,944.372364,945.394638,946.420955,947.451371,948.486239,949.525089,950.567881,951.614839,952.666076,953.721429,954.781008,955.844916,956.913061,957.985435,959.062134,960.143157,961.228527,962.318252,963.412368,964.510894,965.613839,966.721319,967.833457,968.949655,970.070499,971.196074,972.326202,973.460788,974.600042,975.743863,976.892357,978.045500,979.203338,980.365895,981.533262,982.705402,983.882237,985.063751,986.250243,987.441610,988.637840,989.839030,991.045093,992.256073,993.472064,994.693190,995.919207,997.150326,998.386468,999.627711,1000.874143,1002.125714,1003.382580,1004.644780,1005.911944,1007.184422,1008.462135,1009.745135,1011.033412,1012.327044,1013.626066,1014.930612,1016.240469,1017.555881,1018.876689,1020.203028,1021.535029,1022.872466,1024.215501,1025.564162,1026.918540,1028.278461,1029.644162,1031.015843,1032.393055,1033.776150,1035.165091,1036.559820,1037.960399,1039.366841,1040.779260,1042.197785,1043.622176,1045.052598,1046.489283,1047.931980,1049.380753,1050.835758,1052.296788,1053.764102,1055.237591,1056.717355,1058.203427,1059.695958,1061.194868,1062.700259,1064.211943,1065.730032,1067.254731,1068.785937,1070.323625,1071.867912,1073.418831,1074.976450,1076.540734,1078.111750,1079.689532,1081.274116,1082.865938,1084.464239,1086.069433,1087.681567,1089.300719,1090.926837,1092.560071,1094.200316,1095.847689,1097.502334,1099.164038,1100.832979,1102.509171,1104.192753,1105.883871,1107.582074,1109.287687,1111.000749,1112.721297,1114.449915,1116.185552,1117.928790,1119.679806,1121.438440,1123.204692,1124.978947,1126.760806,1128.550544,1130.348089,1132.153550,1133.966940,1135.788381,1137.617835,1139.455369,1141.301141,1143.154958,1145.016978,1146.887277,1148.765831,1150.652715,1152.547972,1154.451578,1156.364000,1158.284622,1160.213800,1162.151567,1164.097967,1166.052974,1168.016772,1169.989335,1171.970640,1173.960951,1175.960082,1177.968159,1179.985329,1182.011437,1184.046724,1186.091047,1188.144549,1190.207374,1192.279432,1194.360815,1196.451500,1198.551754,1200.661316,1202.780507,1204.909140,1207.047485,1209.195392,1211.352999,1213.520265,1215.697436,1217.884571,1220.081506,1222.288399,1224.505300,1226.732261,1228.969359,1231.216594,1233.474042,1235.741757,1238.019791,1240.308196,1242.607026,1244.916365,1247.236202,1249.566624,1251.907684,1254.259436,1256.621838,1258.995138,1261.379295,1263.774805,1266.180841,1268.597973,1271.026110,1273.465341,1275.915803,1278.377513,1280.850528,1283.334938,1285.830734,1288.338025,1290.856834,1293.387237,1295.929291,1298.483056,1301.048591,1303.625961,1306.215373,1308.816575,1311.429786,1314.055065,1316.692391,1319.342046,1322.003897
773.095378,773.471501,773.848379,774.226349,774.605920,774.986596,775.368654,775.752188,776.136616,776.522022,776.909278,777.297886,777.687654,778.079036,778.471493,778.864888,779.259702,779.656273,780.053555,780.452169,780.852387,781.254606,781.657304,782.061153,782.466366,782.873608,783.282180,783.691939,784.102681,784.515235,784.929116,785.344698,785.761948,786.180285,786.599676,787.020713,787.442912,787.866811,788.292134,788.719003,789.146984,789.576427,790.007522,790.439942,790.873714,791.309394,791.746707,792.185165,792.625085,793.066446,793.509271,793.953700,794.399960,794.847232,795.296292,795.746607,796.198626,796.652202,797.107596,797.564383,798.022598,798.482175,798.943538,799.406652,799.871318,800.337536,800.805257,801.274643,801.745491,802.218170,802.692447,803.168627,803.645964,804.124997,804.605779,805.088225,805.572541,806.058504,806.545935,807.035282,807.526414,808.019199,808.513826,809.010426,809.507926,810.007199,810.508531,811.011580,811.516492,812.023177,812.531412,813.041574,813.553594,814.067352,814.582682,815.099768,815.618750,816.139513,816.662226,817.186681,817.712857,818.241155,818.771170,819.302958,819.836836,820.372557,820.910096,821.449340,821.990727,822.534013,823.079325,823.626475,824.175420,824.726476,825.279260,825.834072,826.390786,826.949441,827.510391,828.073158,828.637806,829.204527,829.773278,830.344022,830.916862,831.491661,832.068819,832.647926,833.229129,833.812217,834.397398,834.984671,835.573945,836.165302,836.758920,837.354701,837.952471,838.552355,839.154472,839.758709,840.365068,840.973682,841.584510,842.197585,842.812845,843.430462,844.050130,844.671943,845.296265,845.922889,846.551596,847.182579,847.815568,848.450913,849.089293,849.729313,850.371787,851.016460,851.663579,852.313135,852.964936,853.619078,854.275586,854.934539,855.595906,856.259810,856.925994,857.594637,858.265581,858.939144,859.615215,860.293959,860.975125,861.658687,862.344679,863.033224,863.724270,864.417852,865.114065,865.812774,866.514189,867.218112,867.924684,868.633759,869.345565,870.059907,870.776905,871.496551,872.218892,872.943765,873.671464,874.401882,875.134998,875.870788,876.609363,877.350689,878.094757,878.841625,879.591321,880.343795,881.099067,881.857170,882.618071,883.381908,884.148540,884.917999,885.690399,886.465905,887.244144,888.025312,888.809422,889.596487,890.386470,891.179346,891.975401,892.774632,893.576674,894.381734,895.189912,896.001138,896.815406,897.632783,898.453447,899.277144,900.103990,900.933856,901.766883,902.603030,903.442423,904.285204,905.130928,905.979944,906.832245,907.687810,908.546795,909.408927,910.274373,911.143143,912.015365,912.891014,913.769914,914.652134,915.537704,916.426724,917.319307,918.215254,919.114665,920.017945,920.924361,921.834233,922.747524,923.664468,924.584930,925.509013,926.436930,927.368220,928.302999,929.241560,930.183859,931.129761,932.079349,933.032852,933.989979,934.950886,935.915441,936.883839,937.856181,938.832138,939.811874,940.795520,941.783121,942.774555,943.770028,944.769334,945.772609,946.779768,947.790929,948.806222,949.825588,950.848998,951.876263,952.907607,953.943141,954.982703,956.026463,957.074340,958.126425,959.182642,960.243105,961.307796,962.376727,963.449947,964.527451,965.609273,966.695487,967.786006,968.880947,969.980454,971.083989,972.192178,973.304983,974.422097,975.543781,976.669932,977.800657,978.935931,980.075800,981.220286,982.369481,983.523347,984.681903,985.844751,987.012747,988.185407,989.362862,990.545096,991.732210,992.924078,994.120850,995.322648,996.529229,997.740751,998.957290,1000.178758,1001.405240,1002.636907,1003.873673,1005.115448,1006.362498,1007.614497,1008.871625,1010.133991,1011.401514,1012.674244,1013.952246,1015.235530,1016.524254,1017.818197,1019.117603,1020.422310,1021.732445,1023.048169,1024.369222,1025.695779,1027.027865,1028.365589,1029.708731,1031.057560,1032.412278,1033.772427,1035.138470,1036.510040,1037.887420,1039.270525,1040.659403,1042.054157,1043.454914,1044.861434,1046.273913,1047.692490,1049.117000,1050.547485,1051.984095,1053.426694,1054.875329,1056.330164,1057.791041,1059.258181,1060.731669,1062.211530,1063.697555,1065.189864,1066.688467,1068.193567,1069.705062,1071.222925,1072.747272,1074.278171,1075.815585,1077.359582,1078.910194,1080.467456,1082.031401,1083.602466,1085.179890,1086.764088,1088.355104,1089.953016,1091.557774,1093.169525,1094.788162,1096.413804,1098.046593,1099.686317,1101.333151,1102.987110,1104.648330,1106.316959,1107.992544,1109.675410,1111.365594,1113.063134,1114.768612,1116.480977,1118.200810,1119.928287,1121.663248,1123.405692,1125.156002,1126.913781,1128.679301,1130.452489,1132.233455,1134.022238,1135.818877,1137.623416,1139.435892,1141.256464,1143.084937,1144.921470,1146.766138,1148.618914,1150.479874,1152.349059,1154.226512,1156.112209,1158.006606,1159.909117,1161.820065,1163.739495,1165.667448,1167.603901,1169.549034,1171.502822,1173.465242,1175.436556,1177.416578,1179.405434,1181.403270,1183.410024,1185.425655,1187.450302,1189.484109,1191.526987,1193.579026,1195.640201,1197.710780,1199.790500,1201.879582,1203.978138,1206.086033,1208.203525,1210.330446,1212.466852,1214.612991,1216.768813,1218.934475,1221.109813,1223.294983,1225.490035,1227.695048,1229.910017,1232.135021,1234.370111,1236.615338,1238.870754,1241.136411,1243.412362,1245.698690,1247.995384,1250.302529,1252.620179,1254.948387,1257.287110,1259.636595,1261.996800,1264.368222,1266.750031,1269.142799,1271.546432,1273.961020,1276.386698,1278.823484,1281.271465,1283.730633,1286.201077,1288.682873,1291.176041,1293.680658,1296.196781,1298.724468,1301.263778,1303.814775,1306.377665,1308.952196,1311.538585,1314.136892,1316.747095,1319.369475,1322.003897
777.338979,777.714220,778.090862,778.469370,778.848334,779.228176,779.609629,779.992874,780.377403,780.763025,781.149907,781.537419,781.927000,782.317434,782.709460,783.102231,783.496173,783.892170,784.289687,784.688018,785.087060,785.487675,785.890300,786.294309,786.699227,787.105515,787.513097,787.922295,788.333157,788.745375,789.158628,789.573260,789.989320,790.406650,790.825565,791.245738,791.667539,792.090549,792.514718,792.940557,793.367954,793.796450,794.227003,794.659064,795.092225,795.526752,795.962746,796.400290,796.839413,797.279914,797.721755,798.165162,798.610111,799.056576,799.504592,799.954252,800.405294,800.857793,801.311575,801.767143,802.224426,802.683213,803.143764,803.605535,804.068882,804.533747,805.000283,805.468493,805.938562,806.409760,806.882601,807.357344,807.833445,808.311519,808.791014,809.272233,809.755310,810.239767,810.726241,811.214313,811.704275,812.195355,812.688015,813.182732,813.678876,814.177068,814.677004,815.178534,815.681688,816.186895,816.693674,817.202100,817.712165,818.224122,818.737764,819.253352,819.770703,820.289773,820.810635,821.333351,821.857885,822.384355,822.912683,823.442761,823.974587,824.508397,825.044058,825.581535,826.121059,826.662638,827.205769,827.750810,828.297678,828.846552,829.397272,829.950209,830.505114,831.061603,831.620183,832.180694,832.743433,833.307773,833.874452,834.442974,835.013921,835.586729,836.161262,836.737981,837.316690,837.897365,838.480100,839.064831,839.651797,840.240997,840.831996,841.425117,842.020391,842.617737,843.217284,843.818948,844.422958,845.028930,845.637177,846.247614,846.860230,847.474939,848.092009,848.711330,849.332677,849.956291,850.581919,851.209970,851.840704,852.473254,853.108087,853.745195,854.384745,855.026476,855.670543,856.316846,856.965553,857.616632,858.270167,858.925974,859.584158,860.244577,860.907561,861.573122,862.240981,862.911299,863.584157,864.259361,864.936980,865.617039,866.299583,866.984680,867.672221,868.362303,869.055032,869.750271,870.447929,871.148227,871.851049,872.556398,873.264422,873.975006,874.688112,875.403932,876.122419,876.843564,877.567353,878.293764,879.022905,879.754743,880.489268,881.226603,881.966597,882.709347,883.454855,884.203138,884.954167,885.708082,886.464719,887.224101,887.986543,888.751760,889.519778,890.290667,891.064439,891.841161,892.620634,893.402994,894.188473,894.977067,895.768412,896.562765,897.360073,898.160418,898.963761,899.770314,900.579759,901.392281,902.207930,903.026538,903.848243,904.673004,905.501129,906.332212,907.166356,908.003725,908.844313,909.688098,910.535237,911.385456,912.238921,913.095643,913.955748,914.819278,915.685859,916.555755,917.428983,918.305504,919.185577,920.068910,920.955714,921.846207,922.739746,923.636768,924.537158,925.440960,926.348311,927.259210,928.173867,929.091801,930.013193,930.938270,931.867008,932.799272,933.735339,934.674859,935.618196,936.565079,937.515669,938.469903,939.428061,940.389756,941.355148,942.324370,943.297466,944.274314,945.255120,946.239674,947.228116,948.220358,949.216519,950.216728,951.220924,952.229080,953.241006,954.256923,955.276945,956.300904,957.328981,958.361099,959.397247,960.437570,961.481968,962.530551,963.583260,964.640168,965.701268,966.766594,967.836233,968.910058,969.988198,971.070864,972.157542,973.248568,974.344095,975.444085,976.548344,977.657132,978.770293,979.887953,981.010085,982.136736,983.267995,984.403747,985.544246,986.689089,987.838512,988.992730,990.151639,991.315225,992.483586,993.656631,994.834405,996.017134,997.204540,998.396780,999.593876,1000.795905,1002.002784,1003.214723,1004.431561,1005.653500,1006.880454,1008.112305,1009.349195,1010.591086,1011.838198,1013.090314,1014.347673,1015.610026,1016.877790,1018.150655,1019.428865,1020.712259,1022.000934,1023.295133,1024.594514,1025.899278,1027.209450,1028.525145,1029.846207,1031.172661,1032.504793,1033.842595,1035.185871,1036.534767,1037.889224,1039.249303,1040.615052,1041.986473,1043.363805,1044.746770,1046.135530,1047.530317,1048.930759,1050.337300,1051.749599,1053.167845,1054.592062,1056.022209,1057.458450,1058.900626,1060.348956,1061.803528,1063.264364,1064.731254,1066.204318,1067.683566,1069.169200,1070.661117,1072.159289,1073.663833,1075.174816,1076.692199,1078.216050,1079.746402,1081.283287,1082.826739,1084.377193,1085.933888,1087.497238,1089.067288,1090.644115,1092.227665,1093.818088,1095.415276,1097.019346,1098.630310,1100.248355,1101.873234,1103.505124,1105.144150,1106.790458,1108.443594,1110.103884,1111.771364,1113.446070,1115.128584,1116.817854,1118.514462,1120.218581,1121.930051,1123.648870,1125.375422,1127.109307,1128.850731,1130.599821,1132.356485,1134.120828,1135.892888,1137.672708,1139.460326,1141.255900,1143.059232,1144.870483,1146.689724,1148.516931,1150.352176,1152.195502,1154.046950,1155.906494,1157.774601,1159.650653,1161.535004,1163.427686,1165.328741,1167.238143,1169.156074,1171.082507,1173.017417,1174.961067,1176.913269,1178.874149,1180.843851,1182.822220,1184.809494,1186.805531,1188.810469,1190.824454,1192.847393,1194.879377,1196.920380,1198.970670,1201.029984,1203.098640,1205.176451,1207.263685,1209.360189,1211.466104,1213.581382,1215.706272,1217.840828,1219.984887,1222.138604,1224.302028,1226.475210,1228.658226,1230.851072,1233.053825,1235.266536,1237.489256,1239.722036,1241.964926,1244.217980,1246.481279,1248.754814,1251.038667,1253.332891,1255.637442,1257.952568,1260.278224,1262.614906,1264.961785,1267.319356,1269.687747,1272.066865,1274.456799,1276.857684,1279.269535,1281.692440,1284.126391,1286.571475,1289.027767,1291.495288,1293.974113,1296.464299,1298.965902,1301.478982,1304.003602,1306.539967,1309.087823,1311.647389,1314.218722,1316.801801,1319.396903,1322.003897
781.619022,781.993830,782.369524,782.747027,783.126027,783.506149,783.887731,784.269933,784.653822,785.038973,785.424953,785.812218,786.200575,786.590492,786.981830,787.374676,787.768430,788.162658,788.559090,788.957176,789.356439,789.756863,790.158215,790.561266,790.965720,791.371521,791.778918,792.187565,792.597289,793.008457,793.420895,793.834543,794.249841,794.666627,795.084510,795.503761,795.924269,796.346836,796.770061,797.195452,797.622412,798.050095,798.479330,798.910001,799.342194,799.776031,800.211020,800.647552,801.085419,801.524801,801.965866,802.408362,802.852281,803.297635,803.744454,804.192490,804.642340,805.093966,805.547008,806.001529,806.457426,806.914996,807.373836,807.834375,808.296450,808.760319,809.225930,809.692422,810.161142,810.630969,811.102747,811.576133,812.051081,812.527691,813.005963,813.485819,813.967443,814.450982,814.935860,815.421950,815.909821,816.399541,816.890865,817.383923,817.878908,818.375334,818.873538,819.373613,819.875150,820.378289,820.883282,821.389957,821.898525,822.408768,822.920702,823.434378,823.949881,824.467226,824.986360,825.507344,826.030129,826.554626,827.080849,827.609056,828.139015,828.671120,829.204794,829.740343,830.277708,830.816830,831.357892,831.900835,832.445848,832.992814,833.541416,834.091924,834.644419,835.198949,835.755368,836.313592,836.873994,837.436512,838.001255,838.567485,839.135660,839.705796,840.278134,840.852225,841.428425,842.006581,842.587078,843.169525,843.753791,844.340180,844.928683,845.519242,846.111964,846.706818,847.303860,847.902854,848.504162,849.107516,849.712924,850.320509,850.930580,851.542462,852.156607,852.772683,853.391100,854.012208,854.635201,855.260185,855.887439,856.517123,857.148939,857.783028,858.419458,859.057954,859.698970,860.342215,860.987772,861.635654,862.285870,862.938281,863.593370,864.250639,864.910320,865.572454,866.237141,866.903998,867.573238,868.244903,868.919060,869.595607,870.274607,870.956140,871.640299,872.326817,873.015736,873.707167,874.401114,875.097655,875.796692,876.498283,877.202346,877.909070,878.618410,879.330355,880.044892,880.761998,881.481780,882.204207,882.929267,883.657052,884.387505,885.120627,885.856457,886.595003,887.336245,888.080311,888.827013,889.576581,890.328879,891.084022,891.841909,892.602609,893.366135,894.132552,894.901572,895.673647,896.448601,897.226656,898.007401,898.791095,899.577683,900.367267,901.159755,901.955407,902.753885,903.555498,904.359944,905.167401,905.977893,906.791562,907.608165,908.427845,909.250521,910.076358,910.905349,911.737472,912.572742,913.411309,914.252914,915.097822,915.945890,916.797292,917.651743,918.509443,919.370407,920.234594,921.102294,921.973125,922.847387,923.725268,924.606123,925.490391,926.377956,927.268861,928.163242,929.061098,929.962640,930.867386,931.775515,932.687255,933.602582,934.521360,935.443867,936.369749,937.299373,938.232526,939.169189,940.109524,941.053615,942.001208,942.952478,943.907386,944.866063,945.828551,946.794881,947.764889,948.738589,949.716138,950.697474,951.682777,952.671983,953.664944,954.661833,955.662509,956.667204,957.675816,958.688330,959.704861,960.725341,961.749906,962.778457,963.811106,964.847793,965.888576,966.933487,967.982589,969.035778,970.093129,971.154705,972.220505,973.290641,974.364799,975.443363,976.526374,977.613507,978.705075,979.800920,980.901167,982.005791,983.114835,984.228390,985.346339,986.468936,987.595876,988.727013,989.863118,991.003706,992.148906,993.298761,994.453196,995.612293,996.776172,997.944657,999.117871,1000.295836,1001.478627,1002.666152,1003.858520,1005.055927,1006.258198,1007.465375,1008.677291,1009.894193,1011.116014,1012.342874,1013.574690,1014.811605,1016.053486,1017.300367,1018.552569,1019.809783,1021.072252,1022.339814,1023.612555,1024.890751,1026.174027,1027.462591,1028.756471,1030.055756,1031.360277,1032.670242,1033.985890,1035.306742,1036.633157,1037.965094,1039.302496,1040.645421,1041.993917,1043.347989,1044.707870,1046.073284,1047.444394,1048.821430,1050.204139,1051.592583,1052.986845,1054.387000,1055.792881,1057.204721,1058.622424,1060.046019,1061.475782,1062.911545,1064.353478,1065.801258,1067.255205,1068.715227,1070.181609,1071.653995,1073.132611,1074.617486,1076.108688,1077.606177,1079.110022,1080.620253,1082.136902,1083.660003,1085.189820,1086.726104,1088.268754,1089.817986,1091.373876,1092.936371,1094.505619,1096.081512,1097.664166,1099.253592,1100.849977,1102.453074,1104.063057,1105.680053,1107.304205,1108.935060,1110.572942,1112.217887,1113.869930,1115.529653,1117.196004,1118.869562,1120.550501,1122.238660,1123.934037,1125.637013,1127.347190,1129.064770,1130.789883,1132.522434,1134.262528,1136.010202,1137.765499,1139.528455,1141.299228,1143.077620,1144.863789,1146.657774,1148.459649,1150.269388,1152.087063,1153.912715,1155.746319,1157.588339,1159.438158,1161.296129,1163.162282,1165.036660,1166.919304,1168.810188,1170.709491,1172.617120,1174.533336,1176.457950,1178.391088,1180.332892,1182.283207,1184.242271,1186.209939,1188.186350,1190.171648,1192.165741,1194.168717,1196.180550,1198.201508,1200.231325,1202.270221,1204.318307,1206.375446,1208.441895,1210.517483,1212.602365,1214.696491,1216.800106,1218.913265,1221.035804,1223.167878,1225.309535,1227.460824,1229.621821,1231.792523,1233.973005,1236.163318,1238.363511,1240.573635,1242.793741,1245.023911,1247.264134,1249.514491,1251.775036,1254.045819,1256.326795,1258.618212,1260.920025,1263.232729,1265.555494,1267.888922,1270.232817,1272.587409,1274.952677,1277.328758,1279.715665,1282.113486,1284.522210,1286.941927,1289.372708,1291.814575,1294.267602,1296.731844,1299.207359,1301.694205,1304.192443,1306.702279,1309.223458,1311.756197,1314.300555,1316.856507,1319.424332,1322.003897
785.934300,786.309398,786.685461,787.062410,787.440493,787.820124,788.200706,788.582281,788.965116,789.349157,789.734565,790.121995,790.509692,790.898827,791.288681,791.680569,792.074423,792.469078,792.864695,793.261366,793.659534,794.059531,794.460549,794.863115,795.266783,795.671860,796.077983,796.485415,796.894246,797.304448,797.716188,798.129334,798.543595,798.958834,799.376177,799.794607,800.214736,800.636407,801.058968,801.482952,801.908343,802.335225,802.763661,803.193440,803.624551,804.056962,804.490964,804.926430,805.363443,805.801715,806.241483,806.682678,807.125368,807.569399,808.015105,808.462274,808.911141,809.361384,809.812992,810.265895,810.720576,811.176697,811.634515,812.094097,812.554576,813.017029,813.480956,813.946617,814.413810,814.882316,815.352716,815.824848,816.298463,816.773653,817.250586,817.729053,818.208753,818.690005,819.173279,819.657962,820.144372,820.632679,821.122409,821.613857,822.107156,822.601872,823.098231,823.596408,824.096122,824.597665,825.100901,825.605771,826.112442,826.620681,827.131066,827.642865,828.156602,828.672104,829.189292,829.708215,830.228913,830.751468,831.275878,831.802160,832.330203,832.860115,833.391480,833.924796,834.460076,834.997287,835.536289,836.077216,836.619717,837.164250,837.710840,838.259253,838.809314,839.361681,839.915760,840.472413,841.030422,841.590212,842.152122,842.715924,843.281656,843.849365,844.418984,844.990842,845.564710,846.140299,846.717963,847.297692,847.879527,848.463281,849.049192,849.637297,850.227348,850.819403,851.413705,852.010064,852.608378,853.209044,853.811783,854.416481,855.023395,855.632150,856.243812,856.857135,857.472534,858.090193,858.710073,859.332114,859.956438,860.582917,861.211561,861.842503,862.475703,863.111161,863.748869,864.388897,865.031343,865.675800,866.322709,866.971900,867.623522,868.277598,868.934004,869.592586,870.253536,870.916921,871.582634,872.250747,872.921419,873.594580,874.269936,874.947743,875.627986,876.310657,876.995864,877.683580,878.373743,879.066409,879.761490,880.459195,881.159457,881.862273,882.567630,883.275503,883.986001,884.699091,885.414828,886.133121,886.854061,887.577639,888.303866,889.032760,889.764280,890.498560,891.235587,891.975152,892.717518,893.462673,894.210516,894.961115,895.714537,896.470687,897.229481,897.991182,898.755748,899.523358,900.293599,901.066730,901.842715,902.621603,903.403546,904.188242,904.975934,905.766505,906.559958,907.356379,908.155893,908.958265,909.763638,910.572024,911.383390,912.197760,913.015267,913.835842,914.659499,915.486389,916.316253,917.149353,917.985731,918.825011,919.667457,920.513075,921.361937,922.213934,923.069312,923.927800,924.789650,925.655049,926.523404,927.395002,928.269876,929.148020,930.029569,930.914521,931.803069,932.694788,933.589798,934.488346,935.390408,936.296040,937.204950,938.117415,939.033459,939.952915,940.875864,941.802410,942.732636,943.666288,944.603538,945.544348,946.488851,947.437255,948.389099,949.344679,950.303888,951.266865,952.233680,953.204118,954.178509,955.156573,956.138483,957.124096,958.113645,959.107029,960.104229,961.105361,962.110357,963.119295,964.132265,965.149157,966.170015,967.194882,968.223789,969.256799,970.293806,971.334900,972.380101,973.429450,974.483044,975.540675,976.602408,977.668477,978.738841,979.813388,980.892135,981.975167,983.062526,984.154188,985.250264,986.350638,987.455558,988.564734,989.678334,990.796054,991.918665,993.045715,994.177233,995.313359,996.454122,997.599297,998.749111,999.903549,1001.062636,1002.226393,1003.394887,1004.568048,1005.746166,1006.929032,1008.116696,1009.308993,1010.506167,1011.708151,1012.914996,1014.126791,1015.343572,1016.565175,1017.791752,1019.023242,1020.259964,1021.501610,1022.748422,1024.000216,1025.257181,1026.519411,1027.786669,1029.059124,1030.336802,1031.619800,1032.907927,1034.201465,1035.500485,1036.804668,1038.114319,1039.429442,1040.749843,1042.075716,1043.407063,1044.743887,1046.086423,1047.434393,1048.787959,1050.147356,1051.512318,1052.882917,1054.259304,1055.641340,1057.029071,1058.422657,1059.821939,1061.227136,1062.638332,1064.055550,1065.478578,1066.907473,1068.342429,1069.783460,1071.230525,1072.683594,1074.142783,1075.608122,1077.079676,1078.557407,1080.041381,1081.531629,1083.028182,1084.531072,1086.040577,1087.556409,1089.078504,1090.607064,1092.142166,1093.683756,1095.231980,1096.786730,1098.348121,1099.916294,1101.491046,1103.072518,1104.660754,1106.255880,1107.858039,1109.466777,1111.082417,1112.704995,1114.334545,1115.971648,1117.615251,1119.265933,1120.923868,1122.588939,1124.261029,1125.940586,1127.627207,1129.321156,1131.022477,1132.731101,1134.447135,1136.170587,1137.901578,1139.640065,1141.386114,1143.139880,1144.901166,1146.670129,1148.446842,1150.231276,1152.023506,1153.823569,1155.631508,1157.447448,1159.271385,1161.103189,1162.943030,1164.790948,1166.646984,1168.511112,1170.383510,1172.264151,1174.153009,1176.050346,1177.955972,1179.870011,1181.792606,1183.723695,1185.663233,1187.611357,1189.568210,1191.533639,1193.507913,1195.490825,1197.482545,1199.483272,1201.492744,1203.511276,1205.538682,1207.575225,1209.620753,1211.675404,1213.739131,1215.812177,1217.894600,1219.986232,1222.087227,1224.197634,1226.317501,1228.446902,1230.585834,1232.734370,1234.892561,1237.060455,1239.238102,1241.425552,1243.622855,1245.830093,1248.047253,1250.274417,1252.511636,1254.758962,1257.016349,1259.284043,1261.561999,1263.850711,1266.149349,1268.458479,1270.778008,1273.108063,1275.448656,1277.799923,1280.161876,1282.534603,1284.918093,1287.312433,1289.717696,1292.133902,1294.561124,1296.999417,1299.448839,1301.909445,1304.381298,1306.864601,1309.359100,1311.865010,1314.382390,1316.911214,1319.451762,1322.003897
790.287133,790.660939,791.036164,791.412509,791.789826,792.168259,792.547850,792.928891,793.311777,793.695185,794.079610,794.465396,794.852884,795.241869,795.631981,796.022693,796.415201,796.808550,797.203721,797.600115,797.997961,798.396814,798.796916,799.198102,799.600756,800.004678,800.410164,800.816741,801.225065,801.634353,802.044500,802.456702,802.869929,803.285071,803.701274,804.118977,804.537751,804.958020,805.379837,805.802753,806.227222,806.652872,807.080019,807.508693,807.938628,808.369998,808.802765,809.237215,809.672804,810.109673,810.548155,810.988112,811.429741,811.872870,812.317180,812.763068,813.210125,813.658875,814.109110,814.560980,815.014600,815.469132,815.925529,816.383565,816.842915,817.303970,817.766468,818.230878,818.696685,819.163962,819.632657,820.103108,820.575312,821.048691,821.523666,822.000276,822.478352,822.958220,823.439711,823.923007,824.407788,824.894276,825.382418,825.871990,826.363299,826.856183,827.350902,827.847120,828.345037,828.844709,829.346066,829.849140,830.353913,830.860301,831.368713,831.878821,832.390385,832.903708,833.419056,833.935923,834.454764,834.975240,835.497710,836.021538,836.547350,837.074862,837.604429,838.135666,838.668770,839.203664,839.740199,840.278918,840.819266,841.361610,841.905638,842.451899,843.000203,843.550028,844.101874,844.655407,845.210855,845.768398,846.327636,846.888898,847.452166,848.017414,848.584683,849.153675,849.724752,850.297833,850.872868,851.450033,852.029278,852.610362,853.193474,853.778738,854.366061,854.955299,855.546746,856.140269,856.735871,857.333476,857.933001,858.535116,859.139054,859.745076,860.353228,860.963492,861.575812,862.190444,862.807212,863.426096,864.047245,864.670420,865.295923,865.923623,866.553733,867.185920,867.820198,868.456878,869.095825,869.737068,870.380662,871.026738,871.674819,872.325203,872.977985,873.633028,874.290524,874.950303,875.612501,876.277072,876.943927,877.613167,878.284761,878.958803,879.635299,880.314254,880.995606,881.679413,882.365584,883.054350,883.745583,884.439339,885.135586,885.834298,886.535582,887.239474,887.945813,888.654753,889.366278,890.080383,890.797089,891.516373,892.238276,892.962874,893.690080,894.419931,895.152503,895.887698,896.625581,897.366220,898.109518,898.855540,899.604152,900.355613,901.109918,901.867139,902.627021,903.389655,904.155094,904.923592,905.694808,906.468801,907.245614,908.025363,908.807933,909.593596,910.381923,911.173231,911.967478,912.764677,913.564794,914.367853,915.173986,915.983125,916.795282,917.610608,918.428956,919.250388,920.074875,920.902333,921.732885,922.566589,923.403418,924.243316,925.086543,925.932911,926.782436,927.635474,928.491359,929.350465,930.212780,931.078296,931.947191,932.819332,933.695042,934.573853,935.455883,936.341379,937.230318,938.122756,939.018477,939.917583,940.820152,941.726119,942.635506,943.548415,944.464929,945.384791,946.308180,947.235051,948.165537,949.099767,950.037554,950.978853,951.923735,952.872307,953.824636,954.780510,955.740252,956.703596,957.670700,958.641426,959.616073,960.594339,961.576402,962.562321,963.552029,964.545571,965.543072,966.544386,967.549629,968.558771,969.571922,970.588978,971.610001,972.635038,973.664061,974.697133,975.734354,976.775616,977.820889,978.870238,979.923954,980.981708,982.043571,983.109626,984.179915,985.254412,986.333231,987.416253,988.503651,989.595357,990.691317,991.791302,992.896078,994.005196,995.118684,996.236682,997.359216,998.486098,999.617448,1000.753357,1001.893812,1003.038835,1004.188501,1005.342714,1006.501682,1007.665507,1008.833918,1010.006856,1011.184518,1012.366978,1013.554144,1014.746083,1015.943037,1017.144636,1018.351099,1019.562364,1020.778751,1021.999950,1023.226109,1024.457346,1025.693466,1026.934690,1028.181079,1029.432405,1030.688838,1031.950492,1033.217198,1034.489028,1035.766185,1037.048718,1038.336415,1039.629310,1040.927669,1042.231213,1043.540133,1044.854431,1046.174110,1047.499403,1048.830033,1050.166365,1051.508022,1052.855447,1054.208212,1055.566763,1056.930863,1058.300555,1059.676002,1061.057042,1062.443893,1063.836745,1065.235306,1066.639677,1068.049809,1069.465895,1070.887951,1072.315934,1073.749814,1075.189704,1076.635636,1078.087675,1079.545779,1081.010016,1082.480416,1083.957010,1085.440061,1086.929148,1088.424682,1089.926364,1091.434396,1092.948855,1094.469685,1095.997033,1097.530790,1099.071069,1100.618013,1102.171416,1103.731418,1105.298065,1106.871479,1108.451805,1110.038587,1111.632149,1113.232524,1114.839747,1116.454398,1118.075422,1119.703537,1121.338502,1122.980613,1124.629614,1126.285953,1127.949226,1129.619694,1131.297407,1132.982289,1134.674447,1136.373919,1138.080739,1139.794948,1141.516583,1143.245799,1144.982398,1146.726535,1148.478284,1150.237615,1152.004601,1153.779281,1155.561693,1157.351812,1159.150101,1160.955940,1162.769681,1164.591354,1166.420999,1168.258588,1170.104301,1171.958108,1173.819982,1175.690185,1177.568526,1179.455129,1181.350136,1183.253389,1185.165125,1187.085198,1189.013747,1190.950912,1192.896600,1194.850900,1196.813782,1198.785513,1200.765828,1202.755042,1204.752966,1206.759763,1208.775586,1210.800265,1212.833953,1214.876597,1216.928441,1218.989540,1221.059727,1223.139156,1225.227873,1227.325927,1229.433392,1231.550262,1233.676613,1235.812491,1237.957947,1240.113029,1242.277787,1244.452268,1246.636556,1248.830636,1251.034590,1253.248469,1255.472322,1257.706104,1259.950061,1262.204145,1264.468852,1266.743350,1269.028205,1271.323322,1273.628787,1275.944734,1278.271176,1280.608166,1282.955790,1285.314037,1287.682993,1290.062730,1292.453268,1294.854679,1297.267018,1299.690341,1302.124709,1304.570166,1307.026933,1309.494748,1311.973827,1314.464227,1316.965923,1319.479191,1322.003897
794.674869,795.047522,795.421671,795.796989,796.174000,796.552034,796.931269,797.310973,797.692557,798.075657,798.460288,798.845650,799.231854,799.619354,800.008122,800.398847,800.790414,801.183428,801.577533,801.972566,802.369315,802.767044,803.166000,803.566637,803.968344,804.371815,804.776115,805.181115,805.588296,805.996513,806.406705,806.817555,807.230280,807.644000,808.059335,808.475543,808.893300,809.312503,809.732784,810.154598,810.577803,811.002314,811.428437,811.855773,812.284480,812.714403,813.145856,813.578786,814.013204,814.449050,814.886553,815.325180,815.765221,816.206497,816.649431,817.093849,817.539816,817.987427,818.436136,818.886759,819.338572,819.791919,820.246929,820.703568,821.161579,821.621057,822.082141,822.544568,823.008810,823.474569,823.941792,824.410364,824.880520,825.352150,825.825481,826.300421,826.777233,827.255417,827.735283,828.216678,828.699542,829.184175,829.670205,830.158150,830.647476,831.138519,831.631384,832.125635,832.621635,833.119429,833.618913,834.120103,834.622975,835.127341,835.633570,836.141478,836.651060,837.162334,837.675724,838.190649,838.707221,839.225299,839.745287,840.267174,840.790986,841.316205,841.843434,842.372196,842.903112,843.435613,843.970205,844.506309,845.044310,845.584570,846.126543,846.670248,847.215558,847.762919,848.312179,848.863161,849.416142,849.971003,850.527838,851.086649,851.647187,852.209669,852.774157,853.340624,853.909105,854.479494,855.051850,855.626136,856.202503,856.780893,857.361289,857.943632,858.527948,859.114580,859.703030,860.293571,860.886202,861.480868,862.077462,862.676318,863.277034,863.879858,864.484935,865.092063,865.701316,866.312798,866.926181,867.541859,868.159856,868.779879,869.402094,870.026488,870.652940,871.281750,871.912763,872.546101,873.181692,873.819690,874.459671,875.101995,875.746524,876.393451,877.042680,877.694096,878.347908,879.004007,879.662401,880.323098,880.986172,881.651611,882.319501,882.989712,883.662317,884.337321,885.014654,885.694526,886.376815,887.061579,887.748782,888.438401,889.130609,889.825256,890.522334,891.221989,891.924166,892.628871,893.336096,894.045897,894.758243,895.473359,896.190777,896.910912,897.633716,898.359087,899.087147,899.817800,900.551112,901.287050,902.025609,902.766918,903.511014,904.257971,905.007555,905.759788,906.514793,907.272916,908.033510,908.796854,909.562997,910.332021,911.103991,911.878628,912.656053,913.436398,914.219622,915.005738,915.794711,916.586565,917.381431,918.179241,918.980007,919.783881,920.590781,921.400684,922.213412,923.029156,923.847975,924.669825,925.494745,926.322678,927.153876,927.988148,928.825561,929.666321,930.509902,931.356653,932.206538,933.059555,933.915884,934.775451,935.638395,936.504432,937.373619,938.246201,939.122349,940.001538,940.884193,941.770127,942.659339,943.551963,944.447935,945.347355,946.250311,947.156531,948.066209,948.979352,949.896089,950.816212,951.740044,952.667196,953.597912,954.532390,955.470249,956.411924,957.356992,958.305775,959.258242,960.214319,961.174103,962.137493,963.104597,964.075477,965.050059,966.028401,967.010615,967.996559,968.986347,969.980019,970.977479,971.978827,972.984055,973.993212,975.006283,976.023288,977.044221,978.069401,979.098356,980.131300,981.168395,982.209687,983.254875,984.304162,985.357570,986.415140,987.476917,988.542802,989.612972,990.687349,991.765898,992.848700,993.935452,995.026954,996.122656,997.222742,998.327283,999.436072,1000.549231,1001.666849,1002.788914,1003.915447,1005.046469,1006.182042,1007.322206,1008.467143,1009.616378,1010.770389,1011.928843,1013.091953,1014.259739,1015.432156,1016.609447,1017.791341,1018.977960,1020.169358,1021.365473,1022.566625,1023.772503,1024.983349,1026.198976,1027.419536,1028.645236,1029.875722,1031.111201,1032.351699,1033.597334,1034.847842,1036.103548,1037.364586,1038.630545,1039.901761,1041.178235,1042.459773,1043.746567,1045.038620,1046.335931,1047.638600,1048.946753,1050.260145,1051.579145,1052.903366,1054.233262,1055.568398,1056.909292,1058.255495,1059.607323,1060.964679,1062.327590,1063.696314,1065.070730,1066.450855,1067.836686,1069.228237,1070.625623,1072.028717,1073.437741,1074.852556,1076.273275,1077.699928,1079.132579,1080.571188,1082.015820,1083.466505,1084.923273,1086.386389,1087.855428,1089.330801,1090.812210,1092.299881,1093.793815,1095.294030,1096.800648,1098.313558,1099.832875,1101.358750,1102.890944,1104.429630,1105.974841,1107.526701,1109.085351,1110.650337,1112.221980,1113.800314,1115.385374,1116.977738,1118.576351,1120.181928,1121.794231,1123.413554,1125.039639,1126.672934,1128.313035,1129.960202,1131.614484,1133.275805,1134.944270,1136.619917,1138.302780,1139.992899,1141.690309,1143.395166,1145.107270,1146.826776,1148.553757,1150.288183,1152.030125,1153.779621,1155.536711,1157.301366,1159.074050,1160.854141,1162.641992,1164.437632,1166.241099,1168.052434,1169.871608,1171.698799,1173.533910,1175.377202,1177.228482,1179.087875,1180.955421,1182.831261,1184.715333,1186.607589,1188.508166,1190.417206,1192.334553,1194.260475,1196.194764,1198.137648,1200.089146,1202.049173,1204.017984,1205.995389,1207.981653,1209.976621,1211.980429,1213.993029,1216.014664,1218.045387,1220.085032,1222.133750,1224.191589,1226.258594,1228.334840,1230.420320,1232.515107,1234.619251,1236.732797,1238.855795,1240.988293,1243.130338,1245.282012,1247.443300,1249.614283,1251.795011,1253.985532,1256.185800,1258.396060,1260.616264,1262.846906,1265.087152,1267.337497,1269.598063,1271.868757,1274.149662,1276.440913,1278.742520,1281.054569,1283.377049,1285.710044,1288.053625,1290.407812,1292.772675,1295.148268,1297.534647,1299.931865,1302.339985,1304.759047,1307.189274,1309.630403,1312.082649,1314.546067,1317.020632,1319.506621,1322.003897
799.097062,799.469599,799.843236,800.217701,800.593410,800.970739,801.349310,801.729203,802.109694,802.491266,802.874177,803.258661,803.644487,804.031580,804.419675,804.809131,805.199673,805.591300,805.984087,806.378770,806.774356,807.171349,807.569602,807.968784,808.369108,808.771246,809.174396,809.579587,809.985552,810.393062,810.801649,811.211742,811.622866,812.035414,812.449257,812.864283,813.280956,813.698959,814.117986,814.538516,814.960388,815.383649,815.808124,816.234185,816.661589,817.090303,817.520557,817.952342,818.385297,818.819634,819.255286,819.692376,820.130966,820.571086,821.012981,821.456055,821.900395,822.346389,822.793815,823.242788,823.693280,824.145200,824.598583,825.053357,825.509593,825.967541,826.427051,826.888355,827.350523,827.814099,828.279459,828.746212,829.214732,829.685032,830.156628,830.629796,831.104742,831.580982,832.058933,832.538374,833.019459,833.502039,833.986362,834.472232,834.959719,835.448836,835.939657,836.432017,836.925965,837.421896,837.919352,838.418214,838.918870,839.421272,839.925272,840.431226,840.938998,841.448096,841.958782,842.471286,842.985693,843.501855,844.019500,844.539102,845.060540,845.583418,846.108336,846.634977,847.163327,847.693362,848.225569,848.759663,849.295278,849.832670,850.371941,850.913005,851.455960,852.000634,852.547302,853.095720,853.646121,854.198461,854.752401,855.308437,855.866504,856.426248,856.988014,857.551655,858.117363,858.684889,859.254412,859.825977,860.399464,860.974836,861.552395,862.131884,862.713318,863.297033,863.882318,864.469750,865.059225,865.650642,866.244232,866.839737,867.437390,868.037215,868.639025,869.242860,869.848954,870.457060,871.067279,871.679650,872.294171,872.910686,873.529508,874.150479,874.773664,875.399059,876.026779,876.656759,877.288705,877.922985,878.559503,879.198141,879.839031,880.482203,881.127740,881.775418,882.425372,883.077640,883.732217,884.389122,885.048421,885.709992,886.373904,887.040208,887.708731,888.379772,889.053182,889.729018,890.407244,891.087903,891.770984,892.456465,893.144398,893.834832,894.527708,895.223080,895.920946,896.621333,897.324309,898.029764,898.737597,899.448094,900.161207,900.876834,901.595097,902.315900,903.039354,903.765288,904.493833,905.225074,905.959230,906.695851,907.435179,908.177123,908.922101,909.669550,910.419646,911.172471,911.928041,912.686619,913.447718,914.211608,914.978228,915.747710,916.520012,917.295145,918.073076,918.853828,919.637532,920.424119,921.213602,922.006310,922.801693,923.600059,924.401278,925.205436,926.012568,926.822713,927.635834,928.451970,929.271205,930.093581,930.918872,931.747525,932.578934,933.413401,934.251025,935.091671,935.935539,936.782621,937.632991,938.486385,939.342861,940.202857,941.065963,941.932374,942.801900,943.674774,944.550856,945.430279,946.312978,947.199053,948.088591,948.981323,949.877438,950.777115,951.679973,952.586344,953.496261,954.409519,955.326208,956.246552,957.170299,958.097736,959.028489,959.962879,960.900820,961.842403,962.787560,963.736242,964.688560,965.644573,966.604208,967.567554,968.534568,969.505379,970.479870,971.458209,972.440230,973.426055,974.415676,975.409142,976.406436,977.407580,978.412538,979.421650,980.434651,981.451338,982.472028,983.496989,984.525703,985.558429,986.595185,987.636014,988.680958,989.729920,990.783075,991.840345,992.901694,993.967204,995.036569,996.110557,997.188717,998.271267,999.357907,1000.448834,1001.544068,1002.643595,1003.747506,1004.855786,1005.968457,1007.085578,1008.207192,1009.333405,1010.463960,1011.599117,1012.738579,1013.882618,1015.031289,1016.184439,1017.342291,1018.504779,1019.671816,1020.843527,1022.019935,1023.200975,1024.386968,1025.577602,1026.773118,1027.973320,1029.178427,1030.388501,1031.603311,1032.823027,1034.047769,1035.277345,1036.511871,1037.751466,1038.996264,1040.246013,1041.500795,1042.760742,1044.025706,1045.295833,1046.571125,1047.851583,1049.137305,1050.428415,1051.724706,1053.026437,1054.333449,1055.645777,1056.963411,1058.286684,1059.615167,1060.949177,1062.288615,1063.633509,1064.984235,1066.340439,1067.702218,1069.069524,1070.442549,1071.821307,1073.205668,1074.595855,1075.991727,1077.393399,1078.800897,1080.214288,1081.633529,1083.058686,1084.489786,1085.926862,1087.370175,1088.819472,1090.274651,1091.735925,1093.203348,1094.676923,1096.156665,1097.642695,1099.134915,1100.633405,1102.138347,1103.649492,1105.167012,1106.690940,1108.221398,1109.758529,1111.301874,1112.851757,1114.408210,1115.971544,1117.541506,1119.117872,1120.701078,1122.290886,1123.887588,1125.490928,1127.101352,1128.718454,1130.342495,1131.973455,1133.611460,1135.256412,1136.908416,1138.567505,1140.233718,1141.907090,1143.587775,1145.275574,1146.970641,1148.673046,1150.382761,1152.099855,1153.824367,1155.556333,1157.295726,1159.043008,1160.797557,1162.559725,1164.329539,1166.107038,1167.892262,1169.685180,1171.485971,1173.294606,1175.111135,1176.935576,1178.767981,1180.608390,1182.456945,1184.313580,1186.178249,1188.051087,1189.932135,1191.821535,1193.719257,1195.625191,1197.539504,1199.462395,1201.393596,1203.333424,1205.281686,1207.238545,1209.204152,1211.178334,1213.161245,1215.152830,1217.153331,1219.162802,1221.181075,1223.208300,1225.244525,1227.289796,1229.344184,1231.407684,1233.480368,1235.562284,1237.653478,1239.753998,1241.863891,1243.983207,1246.112023,1248.250326,1250.398195,1252.555679,1254.722827,1256.899591,1259.086216,1261.282654,1263.489397,1265.705611,1267.931789,1270.168056,1272.414314,1274.670648,1276.937190,1279.213953,1281.501020,1283.798378,1286.106112,1288.424294,1290.752940,1293.092121,1295.441891,1297.802303,1300.173412,1302.555278,1304.947942,1307.351626,1309.766066,1312.191475,1314.627910,1317.075343,1319.534051,1322.003897
803.554891,803.926792,804.299679,804.673710,805.048853,805.424923,805.801908,806.180270,806.560172,806.941487,807.323718,807.707244,808.091640,808.477563,808.864434,809.252774,809.642615,810.033275,810.425358,810.818811,811.213079,811.608294,812.005768,812.403804,812.804048,813.205107,813.607439,814.011247,814.415874,814.821962,815.229096,815.637922,816.047713,816.459070,816.871618,817.285393,817.700543,818.117028,818.535000,818.954050,819.374510,819.796348,820.219548,820.644324,821.070405,821.497778,821.926446,822.356410,822.787788,823.220759,823.655011,824.091322,824.528537,824.966901,825.406791,825.848291,826.291425,826.735978,827.181768,827.628833,828.077663,828.527852,828.979625,829.433064,829.887973,830.343803,830.801110,831.260174,831.720585,832.182629,832.646390,833.111630,833.578316,834.046735,834.516365,834.987699,835.460610,835.934909,836.410912,836.888346,837.367512,837.848271,838.330354,838.814298,839.299702,839.786681,840.275727,840.766015,841.257796,841.751324,842.246577,842.743392,843.242164,843.742502,844.244423,844.747795,845.252932,845.759831,846.268491,846.778779,847.290700,847.804653,848.319991,848.837174,849.356019,849.876692,850.399013,850.923130,851.449302,851.977216,852.506722,853.037893,853.570948,854.105817,854.642353,855.180904,855.721068,856.263219,856.807265,857.353016,857.900623,858.450169,859.001596,859.554699,860.109866,860.666919,861.225797,861.786573,862.349417,862.914187,863.480731,864.049210,864.619977,865.192363,865.767048,866.343244,866.921738,867.501933,868.084234,868.668492,869.254695,869.842997,870.433423,871.025789,871.620358,872.216776,872.815177,873.415748,874.018421,874.623168,875.229910,875.838871,876.449936,877.063182,877.678571,878.296069,878.916103,879.538000,880.162031,880.788202,881.416518,882.047030,882.679749,883.314706,883.951966,884.591321,885.232959,885.876831,886.522965,887.171449,887.822148,888.475138,889.130422,889.787931,890.447852,891.110125,891.774744,892.441697,893.111068,893.782719,894.456774,895.133201,895.812026,896.493272,897.176959,897.863074,898.551632,899.242787,899.936271,900.632223,901.330544,902.031478,902.734976,903.440991,904.149481,904.860559,905.574052,906.290093,907.008769,907.730127,908.454204,909.180765,909.909893,910.641953,911.376400,912.113497,912.853219,913.595619,914.340894,915.088750,915.839254,916.592437,917.348403,918.107118,918.868594,919.632843,920.399832,921.169583,921.942226,922.717693,923.496063,924.277464,925.061663,925.848573,926.638347,927.431020,928.226616,929.025142,929.826593,930.630995,931.438582,932.248948,933.062316,933.878972,934.698335,935.520684,936.346126,937.174502,938.006159,938.840778,939.678700,940.519580,941.363668,942.210821,943.061350,943.914835,944.771506,945.631466,946.494546,947.360906,948.230517,949.103341,949.979606,950.858992,951.741689,952.627877,953.517171,954.409907,955.306116,956.205591,957.108575,958.014837,958.924578,959.837934,960.754531,961.674754,962.598320,963.525516,964.456210,965.390351,966.328049,967.269355,968.214223,969.162712,970.114790,971.070584,972.030046,972.993139,973.959900,974.930370,975.904597,976.882538,977.864242,978.849724,979.838911,980.832032,981.829251,982.829924,983.834514,984.843163,985.855728,986.872092,987.892399,988.916737,989.945007,990.977338,992.013602,993.053975,994.098337,995.146767,996.199292,997.255599,998.316491,999.381607,1000.450689,1001.523978,1002.601479,1003.683179,1004.769165,1005.859425,1006.953978,1008.052841,1009.156185,1010.263921,1011.376032,1012.492578,1013.613330,1014.738556,1015.868295,1017.002546,1018.141186,1019.284420,1020.432167,1021.584450,1022.741325,1023.902728,1025.068977,1026.239761,1027.415226,1028.595468,1029.780353,1030.970038,1032.164603,1033.363818,1034.567853,1035.776827,1036.990489,1038.209159,1039.432881,1040.661368,1041.894906,1043.133386,1044.376941,1045.625423,1046.878976,1048.137602,1049.401301,1050.670306,1051.944336,1053.223759,1054.508186,1055.798069,1057.092974,1058.393416,1059.698944,1061.009876,1062.326111,1063.647740,1064.974829,1066.307444,1067.645540,1068.989112,1070.338109,1071.692724,1073.052970,1074.418800,1075.790185,1077.167236,1078.549982,1079.938485,1081.332705,1082.732704,1084.138512,1085.550157,1086.967903,1088.391323,1089.820828,1091.256117,1092.697391,1094.144705,1095.598057,1097.057466,1098.523050,1099.994711,1101.472527,1102.956683,1104.446926,1105.943429,1107.446223,1108.955430,1110.471192,1111.993052,1113.521330,1115.056059,1116.597549,1118.145546,1119.699825,1121.260824,1122.828300,1124.402549,1125.983310,1127.571032,1129.165306,1130.766393,1132.374272,1133.989069,1135.610686,1137.239225,1138.874720,1140.517209,1142.166726,1143.823425,1145.487105,1147.157921,1148.835942,1150.521137,1152.213577,1153.913298,1155.620338,1157.334733,1159.056609,1160.785956,1162.522644,1164.266838,1166.018576,1167.777897,1169.544771,1171.319374,1173.101676,1174.891648,1176.689548,1178.495185,1180.308678,1182.130170,1183.959499,1185.796902,1187.642228,1189.495615,1191.357202,1193.226892,1195.104772,1196.990812,1198.885180,1200.787893,1202.698880,1204.618345,1206.546148,1208.482534,1210.427349,1212.380725,1214.342613,1216.313256,1218.292706,1220.280793,1222.277668,1224.283378,1226.297966,1228.321478,1230.353987,1232.395484,1234.446044,1236.505711,1238.574532,1240.652555,1242.739826,1244.836392,1246.942332,1249.057632,1251.182369,1253.316593,1255.460352,1257.613598,1259.776573,1261.949229,1264.132059,1266.324228,1268.526336,1270.738182,1272.959992,1275.191744,1277.433568,1279.685475,1281.947550,1284.219778,1286.502243,1288.795017,1291.098114,1293.411607,1295.735547,1298.069987,1300.414981,1302.770589,1305.136851,1307.513988,1309.901735,1312.300306,1314.709755,1317.130055,1319.561482,1322.003897
808.049117,808.419451,808.790742,809.163411,809.537569,809.912763,810.289504,810.667064,811.045889,811.425817,811.806924,812.189129,812.572854,812.957692,813.343736,813.730885,814.119491,814.508780,814.899088,815.291663,815.685025,816.079880,816.476656,816.873860,817.272144,817.671880,818.072703,818.474994,818.878265,819.282909,819.689214,820.096351,820.504797,820.914822,821.325865,821.738240,822.151947,822.567072,822.983361,823.401073,823.820299,824.240890,824.662680,825.085742,825.510063,825.935864,826.363136,826.791882,827.222095,827.653574,828.086036,828.520169,828.956010,829.393019,829.831535,830.271307,830.712356,831.155227,831.599400,832.045160,832.492253,832.940921,833.390729,833.841664,834.294417,834.748520,835.204213,835.661525,836.120506,836.580681,837.042623,837.505830,837.970591,838.436863,838.904686,839.373985,839.844734,840.317203,840.791102,841.266392,841.743427,842.222200,842.702280,843.184246,843.667562,844.152336,844.638819,845.126969,845.616798,846.108302,846.601586,847.096183,847.592167,848.090185,848.589747,849.090906,849.593818,850.098187,850.604791,851.112572,851.622103,852.133312,852.646326,853.161062,853.677329,854.195707,854.715707,855.237330,855.760654,856.285886,856.812778,857.341289,857.871726,858.403853,858.937684,859.473617,860.011276,860.550568,861.091704,861.634766,862.179462,862.726204,863.274683,863.825073,864.377264,864.931389,865.487596,866.045408,866.605123,867.166935,867.730607,868.296367,868.863751,869.433112,870.004370,870.577548,871.152640,871.729743,872.308841,872.889895,873.473102,874.058128,874.645101,875.234072,875.825112,876.418217,877.013348,877.610563,878.209668,878.810990,879.414381,880.019858,880.627465,881.237489,881.849516,882.463395,883.079442,883.697581,884.317863,884.940297,885.564920,886.191775,886.820704,887.451846,888.085180,888.720709,889.358455,889.998506,890.640726,891.285185,891.931906,892.580797,893.232076,893.885619,894.541482,895.199698,895.860171,896.522913,897.187992,897.855400,898.525205,899.197384,899.871926,900.548851,901.228313,901.910037,902.594182,903.280664,903.969626,904.661071,905.355082,906.051451,906.750344,907.451680,908.155431,908.861673,909.570511,910.281946,910.996065,911.712732,912.431998,913.153621,913.877896,914.604765,915.334391,916.066455,916.801152,917.538560,918.278560,919.021183,919.766532,920.514574,921.265320,922.018781,922.774925,923.533772,924.295522,925.059969,925.827300,926.597555,927.370480,928.146110,928.924566,929.705871,930.490034,931.277045,932.066934,932.860001,933.655675,934.454235,935.256113,936.060576,936.868003,937.678351,938.491708,939.307976,940.127440,940.949959,941.775399,942.604083,943.435522,944.270371,945.108094,945.948922,946.792957,947.640039,948.490259,949.343691,950.200304,951.060063,951.923192,952.789371,953.658962,954.531632,955.407541,956.286754,957.169401,958.055392,958.944518,959.837000,960.732887,961.632296,962.534977,963.441052,964.350471,965.263440,966.179831,967.099592,968.022834,968.949608,969.879880,970.813662,971.750976,972.691992,973.636461,974.584549,975.536225,976.491530,977.450510,978.413124,979.379418,980.349408,981.323021,982.300485,983.281963,984.266916,985.255548,986.248146,987.244630,988.244829,989.248883,990.256882,991.268726,992.284543,993.304205,994.327887,995.355463,996.387030,997.422594,998.461852,999.505737,1000.553427,1001.605241,1002.661112,1003.721102,1004.785197,1005.853485,1006.925951,1008.002615,1009.083591,1010.168757,1011.258352,1012.352079,1013.450326,1014.552607,1015.659264,1016.770248,1017.885816,1019.005586,1020.129781,1021.258525,1022.391634,1023.529232,1024.671341,1025.817896,1026.969216,1028.124988,1029.285430,1030.450411,1031.620046,1032.794530,1033.973519,1035.157218,1036.345659,1037.538938,1038.736832,1039.939636,1041.147410,1042.359950,1043.577319,1044.799541,1046.026793,1047.258882,1048.495952,1049.738004,1050.985037,1052.237285,1053.494469,1054.756947,1056.024338,1057.297091,1058.574842,1059.857895,1061.146010,1062.439431,1063.738060,1065.042089,1066.351273,1067.665988,1068.986087,1070.311562,1071.642363,1072.978791,1074.320530,1075.667862,1077.020646,1078.378994,1079.742933,1081.112528,1082.487734,1083.868615,1085.255199,1086.647516,1088.045826,1089.449704,1090.859559,1092.275090,1093.696522,1095.123835,1096.557101,1097.996313,1099.441591,1100.892832,1102.350128,1103.813628,1105.283113,1106.758744,1108.240552,1109.728657,1111.223201,1112.723726,1114.230552,1115.743711,1117.263513,1118.789703,1120.322054,1121.861005,1123.406313,1124.958271,1126.516619,1128.081805,1129.653419,1131.231724,1132.816691,1134.408453,1136.006909,1137.612159,1139.224211,1140.843181,1142.469024,1144.101800,1145.741664,1147.388414,1149.042237,1150.703102,1152.371078,1154.046201,1155.728508,1157.418034,1159.114906,1160.819122,1162.530520,1164.249296,1165.975477,1167.709102,1169.450207,1171.198762,1172.954943,1174.718651,1176.490144,1178.269228,1180.056025,1181.850573,1183.653013,1185.463277,1187.281318,1189.107270,1190.941173,1192.783167,1194.633221,1196.491222,1198.357365,1200.231765,1202.114235,1204.005061,1205.904053,1207.811367,1209.727158,1211.651248,1213.583791,1215.524730,1217.474307,1219.432572,1221.399357,1223.374812,1225.358981,1227.351909,1229.353667,1231.364247,1233.383721,1235.412134,1237.449532,1239.495961,1241.551466,1243.616095,1245.689925,1247.772940,1249.865218,1251.966807,1254.077755,1256.198012,1258.327819,1260.467130,1262.616432,1264.774894,1266.943004,1269.120886,1271.308441,1273.505751,1275.712950,1277.930045,1280.157087,1282.394159,1284.641248,1286.898436,1289.165794,1291.443336,1293.731133,1296.029236,1298.337699,1300.656573,1302.985918,1305.325774,1307.676360,1310.037411,1312.409141,1314.791602,1317.184768,1319.588912,1322.003897
812.576477,812.945997,813.316809,813.688901,814.061844,814.435884,814.811316,815.187743,815.565506,815.944448,816.324352,816.705646,817.088025,817.471592,817.856194,818.241850,818.629541,819.018241,819.407946,819.799875,820.191848,820.585120,820.979719,821.375428,821.772411,822.170676,822.570327,822.971275,823.373287,823.776501,824.181055,824.586787,824.993828,825.402168,825.811790,826.222760,826.635109,827.048798,827.463849,827.880137,828.297858,828.716471,829.136675,829.558329,829.981159,830.405657,830.831329,831.258242,831.686760,832.116499,832.547734,832.980160,833.414005,833.849178,834.286099,834.724123,835.163811,835.604897,836.047421,836.491013,836.935845,837.382297,837.830149,838.279642,838.730553,839.183184,839.636975,840.092457,840.549311,841.007675,841.467521,841.928605,842.391277,842.855607,843.321295,843.788464,844.256999,844.727421,845.199254,845.672552,846.147605,846.624021,847.101859,847.581367,848.062621,848.545341,849.029596,849.515895,850.003353,850.492409,850.982859,851.475270,851.969096,852.464562,852.961866,853.460894,853.961254,854.463163,854.966838,855.472445,855.979404,856.488058,856.998707,857.510976,858.024865,858.540430,859.057770,859.576661,860.097392,860.619766,861.143953,861.669730,862.197495,862.727128,863.258126,863.791040,864.325868,864.862389,865.400620,865.940706,866.482661,867.026435,867.572012,868.119621,868.668818,869.219933,869.772849,870.327851,870.884892,871.443562,872.003995,872.566259,873.130468,873.696622,874.264590,874.834575,875.406642,875.980480,876.556288,877.133933,877.713668,878.295207,878.878872,879.464514,880.052167,880.641711,881.233398,881.827105,882.422851,883.020855,883.620776,884.222887,884.826991,885.433010,886.041112,886.651306,887.263601,887.878007,888.494644,889.113295,889.734065,890.357003,890.982077,891.609316,892.238785,892.870409,893.504199,894.140194,894.778280,895.418731,896.061404,896.706294,897.353532,898.002952,898.654580,899.308468,899.964692,900.623188,901.284018,901.947165,902.612630,903.280575,903.950722,904.623187,905.298099,905.975226,906.654855,907.336990,908.021422,908.708319,909.397601,910.089228,910.783410,911.479928,912.179009,912.880581,913.584992,914.291760,915.000841,915.712473,916.426617,917.143524,917.862768,918.584580,919.308971,920.036019,920.765558,921.497756,922.232579,922.970039,923.710146,924.452914,925.198306,925.946414,926.697231,927.450868,928.207205,928.966433,929.728151,930.492625,931.259866,932.029897,932.802726,933.578343,934.356829,935.138331,935.922429,936.709352,937.499524,938.292234,939.087838,939.886280,940.687709,941.492049,942.299355,943.109735,943.923166,944.739335,945.558636,946.380947,947.206206,948.034505,948.865944,949.700363,950.537854,951.378536,952.222238,953.069064,953.919192,954.772473,955.628755,956.488248,957.350846,958.216769,959.085858,959.958440,960.834004,961.712853,962.595034,963.480733,964.369579,965.261646,966.157068,967.056059,967.958209,968.863749,969.772728,970.685095,971.600918,972.520175,973.442956,974.369166,975.298935,976.232188,977.168950,978.109280,979.053171,980.000632,980.951693,981.906371,982.864589,983.826577,984.792497,985.761810,986.734719,987.711457,988.692103,989.676327,990.664322,991.656176,992.651790,993.651291,994.654549,995.661742,996.672740,997.687641,998.706452,999.729099,1000.755820,1001.786488,1002.821189,1003.859857,1004.902552,1005.949295,1007.000069,1008.054963,1009.113962,1010.177179,1011.244440,1012.316138,1013.391812,1014.471929,1015.555973,1016.644297,1017.736850,1018.833890,1019.935033,1021.040501,1022.150418,1023.264601,1024.383172,1025.506153,1026.633478,1027.765465,1028.901802,1030.042633,1031.188053,1032.337929,1033.492415,1034.651591,1035.815225,1036.983494,1038.156493,1039.334075,1040.516308,1041.703470,1042.895210,1044.091843,1045.293127,1046.499330,1047.710258,1048.926053,1050.146718,1051.372249,1052.602746,1053.838329,1055.078962,1056.324388,1057.575059,1058.830540,1060.091186,1061.357020,1062.627883,1063.903833,1065.185063,1066.471325,1067.762996,1069.059927,1070.362111,1071.669496,1072.982210,1074.300453,1075.623907,1076.952854,1078.287153,1079.626915,1080.972166,1082.322970,1083.679283,1085.041168,1086.408652,1087.781763,1089.160764,1090.545227,1091.935560,1093.331462,1094.733158,1096.140627,1097.553941,1098.973092,1100.398198,1101.829158,1103.266062,1104.709058,1106.157927,1107.612829,1109.073794,1110.540944,1112.014418,1113.493757,1114.979281,1116.471022,1117.969289,1119.473826,1120.984544,1122.501468,1124.024766,1125.554594,1127.090692,1128.633505,1130.182625,1131.738312,1133.300538,1134.869435,1136.444900,1138.027035,1139.615845,1141.211446,1142.813793,1144.422945,1146.039055,1147.661922,1149.291731,1150.928451,1152.572151,1154.222865,1155.880630,1157.545481,1159.217542,1160.896812,1162.583128,1164.276686,1165.977511,1167.685642,1169.401114,1171.123896,1172.854164,1174.591886,1176.337113,1178.089859,1179.850173,1181.618095,1183.393763,1185.177110,1186.968088,1188.766829,1190.573373,1192.387859,1194.210255,1196.040449,1197.878605,1199.724827,1201.579128,1203.441438,1205.311957,1207.190545,1209.077447,1210.972505,1212.875851,1214.787435,1216.707497,1218.636088,1220.573037,1222.518495,1224.472504,1226.435110,1228.406354,1230.386309,1232.374965,1234.372393,1236.378639,1238.393747,1240.417762,1242.450731,1244.492698,1246.543742,1248.603845,1250.673085,1252.751509,1254.839163,1256.935998,1259.042256,1261.157886,1263.283380,1265.417900,1267.561938,1269.715615,1271.878833,1274.051673,1276.234266,1278.426621,1280.628788,1282.840849,1285.062789,1287.294692,1289.536625,1291.788604,1294.050699,1296.322959,1298.605438,1300.898187,1303.201264,1305.514869,1307.838741,1310.173094,1312.517980,1314.873452,1317.239482,1319.616343,1322.003897
817.139737,817.508048,817.877703,818.248480,818.620333,818.993345,819.367468,819.742899,820.119183,820.497070,820.875731,821.255512,821.636439,822.019352,822.403168,822.788296,823.174580,823.561637,823.950054,824.339443,824.730081,825.122092,825.515425,825.910054,826.305543,826.702252,827.100298,827.499609,827.899919,828.301804,828.704891,829.109125,829.514694,829.921709,830.329886,830.739780,831.150506,831.562469,831.975522,832.390263,832.806126,833.223432,833.642307,834.062298,834.483426,834.906146,835.330116,835.755338,836.182056,836.610030,837.039287,837.470255,837.902526,838.335956,838.770959,839.207413,839.644904,840.083629,840.523891,840.965570,841.408811,841.853462,842.299799,842.747383,843.196531,843.647040,844.098948,844.552184,845.006910,845.463096,845.920732,846.379796,846.840341,847.302357,847.765945,848.231050,848.697585,849.165699,849.635423,850.106507,850.579108,851.053385,851.529109,852.006464,852.485440,852.965812,853.447929,853.931225,854.416446,854.903102,855.391319,855.881347,856.372855,856.865897,857.360365,857.856611,858.354619,858.854134,859.355337,859.858119,860.362715,860.869182,861.376934,861.886511,862.397628,862.910629,863.425057,863.941247,864.459129,864.978914,865.500414,866.023470,866.548146,867.074814,867.603089,868.133071,868.664873,869.198547,869.733896,870.271044,870.810057,871.350935,871.893443,872.437734,872.983992,873.532586,874.082429,874.634106,875.187622,875.743015,876.300166,876.859450,877.420423,877.983203,878.547951,879.114606,879.683171,880.253589,880.825898,881.400231,881.976508,882.554749,883.134866,883.717013,884.301268,884.887397,885.475677,886.065853,886.658166,887.252538,887.848707,888.446909,889.047152,889.649446,890.253799,890.860213,891.468832,892.079397,892.692079,893.306856,893.923732,894.542730,895.163934,895.787204,896.412628,897.040207,897.669858,898.301776,898.935971,899.572309,900.210826,900.851515,901.494400,902.139529,902.786927,903.436552,904.088470,904.742646,905.399227,906.057984,906.719023,907.382333,908.047960,908.715969,909.386297,910.059029,910.734114,911.411515,912.091206,912.773392,913.457853,914.144815,914.834325,915.526147,916.220841,916.917555,917.616776,918.318596,919.022762,919.729386,920.438514,921.150158,921.864327,922.581100,923.300310,924.022124,924.746509,925.473476,926.203035,926.935153,927.669955,928.407326,929.147516,929.890205,930.635745,931.383921,932.134640,932.888057,933.644193,934.403056,935.164637,935.929016,936.696199,937.466253,938.238822,939.014237,939.792797,940.573857,941.357683,942.144418,942.934011,943.726453,944.521799,945.320352,946.121566,946.925603,947.732612,948.542646,949.355564,950.171544,950.990425,951.812307,952.637195,953.465207,954.296176,955.130200,955.967631,956.807805,957.651114,958.497502,959.347017,960.199671,961.055631,961.914713,962.776858,963.642217,964.511106,965.382904,966.258047,967.136343,968.017912,968.902982,969.791138,970.682606,971.577449,972.475616,973.377133,974.282093,975.190381,976.102058,977.017234,977.935793,978.857832,979.783337,980.712313,981.644806,982.580807,983.520345,984.463345,985.410007,986.360367,987.314428,988.271796,989.232911,990.197727,991.166287,992.138481,993.114310,994.093946,995.077262,996.064312,997.055210,998.049829,999.048264,1000.050522,1001.056762,1002.066434,1003.080375,1004.098186,1005.119845,1006.145457,1007.175026,1008.208536,1009.246074,1010.287720,1011.333305,1012.383009,1013.436908,1014.494977,1015.556979,1016.623040,1017.693226,1018.767697,1019.846327,1020.929079,1022.016060,1023.107289,1024.202890,1025.302678,1026.406776,1027.515205,1028.627899,1029.745176,1030.866723,1031.992756,1033.123142,1034.257996,1035.397368,1036.541347,1037.689709,1038.842608,1040.000185,1041.162156,1042.329018,1043.500302,1044.676386,1045.857014,1047.042342,1048.232502,1049.427299,1050.626877,1051.831235,1053.040371,1054.254518,1055.473397,1056.697362,1057.926034,1059.159860,1060.398474,1061.642092,1062.890796,1064.144382,1065.403127,1066.666850,1067.935615,1069.209694,1070.488938,1071.773337,1073.062842,1074.357750,1075.657746,1076.963110,1078.273700,1079.589627,1080.910916,1082.237631,1083.569726,1084.907264,1086.250271,1087.598776,1088.953038,1090.312631,1091.677791,1093.048728,1094.425129,1095.807218,1097.194973,1098.588466,1099.987759,1101.392768,1102.803582,1104.220219,1105.642849,1107.071242,1108.505556,1109.945822,1111.392159,1112.844707,1114.303007,1115.767378,1117.237851,1118.714734,1120.197770,1121.686871,1123.182060,1124.683505,1126.191361,1127.705368,1129.225970,1130.752758,1132.285964,1133.825643,1135.371842,1136.924486,1138.483675,1140.049416,1141.621822,1143.200847,1144.786551,1146.379086,1147.978249,1149.584226,1151.196984,1152.816592,1154.443084,1156.076495,1157.716860,1159.364302,1161.018819,1162.680248,1164.348783,1166.024451,1167.707287,1169.397327,1171.094540,1172.799099,1174.510974,1176.230213,1177.956829,1179.690873,1181.432381,1183.181393,1184.938140,1186.702272,1188.474023,1190.253430,1192.040633,1193.835472,1195.638211,1197.448639,1199.266948,1201.093252,1202.927380,1204.769565,1206.619666,1208.477823,1210.344186,1212.218580,1214.101154,1215.991851,1217.890911,1219.798384,1221.714099,1223.638206,1225.570746,1227.511763,1229.461328,1231.419430,1233.386140,1235.361501,1237.345558,1239.338355,1241.339937,1243.350349,1245.369668,1247.397875,1249.435047,1251.481231,1253.536473,1255.600818,1257.674216,1259.756908,1261.848843,1263.950512,1266.061079,1268.181030,1270.310490,1272.449358,1274.597715,1276.755692,1278.923297,1281.100611,1283.287618,1285.484401,1287.691009,1289.907510,1292.133919,1294.370304,1296.616716,1298.873205,1301.139823,1303.416628,1305.703818,1308.001133,1310.308784,1312.626824,1314.955305,1317.294197,1319.643774,1322.003897
821.737361,822.104662,822.473095,822.842566,823.213116,823.584804,823.958012,824.332049,824.706940,825.083246,825.461058,825.840185,826.220420,826.601510,826.983755,827.366935,827.751506,828.137317,828.524363,828.912498,829.301748,829.692061,830.083682,830.476630,830.870559,831.265733,831.662331,832.060125,832.459020,832.859434,833.261248,833.664131,834.068163,834.473341,834.879742,835.287556,835.696577,836.106935,836.518743,836.932158,837.346271,837.761705,838.178761,838.596882,839.016335,839.437307,839.859404,840.283031,840.708012,841.134105,841.561634,841.990609,842.421044,842.852364,843.285151,843.719301,844.154875,844.591880,845.030325,845.470487,845.911922,846.354773,846.798762,847.244437,847.691274,848.139507,848.589259,849.040298,849.492978,849.946938,850.402233,850.859191,851.317631,851.777468,852.238850,852.701916,853.166151,853.631955,854.099278,854.568084,855.038509,855.510506,855.984017,856.458933,856.935148,857.413349,857.892763,858.374066,858.856694,859.340832,859.826573,860.313730,860.802721,861.293176,861.785350,862.279048,862.774267,863.271327,863.770011,864.270101,864.772206,865.275699,865.780780,866.287414,866.795829,867.305871,867.817654,868.331141,868.846296,869.363097,869.881505,870.401666,870.923556,871.447166,871.972491,872.499639,873.028515,873.559141,874.091561,874.625589,875.161396,875.699595,876.239159,876.780372,877.323477,877.868230,878.414875,878.963468,879.513756,880.065770,880.619624,881.175401,881.733041,882.292545,882.853836,883.417122,883.982136,884.549182,885.118131,885.688887,886.261789,886.836502,887.413299,887.991903,888.572505,889.155153,889.739779,890.326345,890.914779,891.505205,892.097632,892.692035,893.288517,893.887121,894.487637,895.090178,895.694795,896.301465,896.910192,897.521043,898.133960,898.748958,899.366059,899.985273,900.606521,901.230074,901.855706,902.483467,903.113388,903.745465,904.379644,905.016082,905.654691,906.295532,906.938714,907.583985,908.231504,908.881247,909.533242,910.187504,910.844002,911.502770,912.163869,912.827365,913.493067,914.161108,914.831370,915.504059,916.178992,916.856496,917.536262,918.218839,918.903375,919.590357,920.279877,920.971645,921.665880,922.362521,923.061614,923.763170,924.467200,925.173725,925.882745,926.594260,927.308293,928.024853,928.744021,929.465624,930.189783,930.916565,931.646038,932.378186,933.112748,933.850077,934.589892,935.332359,936.077483,936.825256,937.575757,938.328992,939.085027,939.843575,940.604779,941.369090,942.135846,942.905341,943.677583,944.452653,945.230604,946.011178,946.794933,947.581383,948.370643,949.162568,949.957481,950.755356,951.556051,952.359746,953.166277,953.975746,954.788241,955.603624,956.421984,957.243670,958.068025,958.895424,959.725827,960.559275,961.395840,962.235513,963.078178,963.924047,964.772911,965.624988,966.480390,967.338699,968.200281,969.064947,969.932814,970.804112,971.678423,972.555974,973.436843,974.320932,975.208382,976.099063,976.993068,977.890386,978.791129,979.695180,980.602652,981.513479,982.427718,983.345397,984.266508,985.191077,986.119043,987.050566,987.985722,988.924499,989.866608,990.812174,991.761465,992.714418,993.670925,994.630984,995.594769,996.562149,997.533180,998.507977,999.486409,1000.468567,1001.454474,1002.444273,1003.437417,1004.434743,1005.435852,1006.440723,1007.449457,1008.462061,1009.478516,1010.498911,1011.523323,1012.551584,1013.583910,1014.620214,1015.660737,1016.704954,1017.753327,1018.805636,1019.862136,1020.922653,1021.987294,1023.056019,1024.128898,1025.206051,1026.287295,1027.372751,1028.462440,1029.556296,1030.654636,1031.757145,1032.863947,1033.975190,1035.090705,1036.210635,1037.335071,1038.463788,1039.596937,1040.734660,1041.876731,1043.023286,1044.174581,1045.330307,1046.490642,1047.655480,1048.824933,1049.999133,1051.177883,1052.361327,1053.549464,1054.742293,1055.940047,1057.142642,1058.349830,1059.561938,1060.778982,1062.000682,1063.227453,1064.459044,1065.695512,1066.937048,1068.183467,1069.434956,1070.691425,1071.953083,1073.219803,1074.491641,1075.768569,1077.050596,1078.337895,1079.630322,1080.927988,1082.230918,1083.539174,1084.852710,1086.171589,1087.495837,1088.825480,1090.160781,1091.501308,1092.847299,1094.198964,1095.556015,1096.918598,1098.286766,1099.660568,1101.040062,1102.425166,1103.815967,1105.212482,1106.614883,1108.022936,1109.436801,1110.856507,1112.282458,1113.713939,1115.151344,1116.594707,1118.044058,1119.499705,1120.961391,1122.429027,1123.902633,1125.382380,1126.868420,1128.360493,1129.859066,1131.363658,1132.874573,1134.391840,1135.915506,1137.445494,1138.981906,1140.524746,1142.074127,1143.630004,1145.192433,1146.761569,1148.337205,1149.919529,1151.508506,1153.104205,1154.706657,1156.315899,1157.931965,1159.554976,1161.184930,1162.821663,1164.465370,1166.116074,1167.773812,1169.438619,1171.110462,1172.789515,1174.475745,1176.169119,1177.869895,1179.577877,1181.293183,1183.015850,1184.746016,1186.483614,1188.228592,1189.981082,1191.741122,1193.508852,1195.284236,1197.067161,1198.857819,1200.656322,1202.462482,1204.276584,1206.098433,1207.928186,1209.765986,1211.611674,1213.465383,1215.327059,1217.196942,1219.075080,1220.961303,1222.855758,1224.758488,1226.669535,1228.588941,1230.516776,1232.453029,1234.397770,1236.351043,1238.312890,1240.283356,1242.262485,1244.250321,1246.246940,1248.252323,1250.266547,1252.289658,1254.321700,1256.362719,1258.412663,1260.471774,1262.540000,1264.617831,1266.704428,1268.800355,1270.905510,1273.020016,1275.143879,1277.277229,1279.420072,1281.572490,1283.734467,1285.906083,1288.087388,1290.278450,1292.479281,1294.689949,1296.910506,1299.141000,1301.381482,1303.632010,1305.892781,1308.163535,1310.444481,1312.735672,1315.037160,1317.348913,1319.671206,1322.003897
826.369856,826.735753,827.102751,827.470916,827.840071,828.210000,828.582167,828.955231,829.329155,829.704650,830.080705,830.457967,830.836264,831.216024,831.596809,831.978636,832.361749,832.745889,833.131187,833.517597,833.905324,834.294025,834.684204,835.075707,835.468250,835.861976,836.257017,836.653200,837.050765,837.449358,837.849197,838.250222,838.652421,839.055974,839.460898,839.867184,840.274948,840.683305,841.093200,841.504591,841.917029,842.330781,842.745866,843.162467,843.579957,843.999119,844.419322,844.840902,845.263937,845.688426,846.113744,846.540476,846.968564,847.398035,847.828976,848.261406,848.695392,849.130507,849.567023,850.004974,850.444099,850.884680,851.326452,851.769943,852.214544,852.660586,853.108063,853.556821,854.007209,854.459047,854.912357,855.367083,855.823371,856.280909,856.739858,857.200377,857.662351,858.125904,858.591092,859.057618,859.525497,859.994833,860.465965,860.938473,861.412376,861.887851,862.364825,862.843342,863.323213,863.804908,864.288029,864.772881,865.259215,865.746941,866.236477,866.727716,867.220287,867.714689,868.210547,868.707992,869.206941,869.707642,870.209911,870.713728,871.219337,871.726727,872.235455,872.745991,873.258131,873.771960,874.287405,874.804588,875.323553,875.844261,876.366542,876.890648,877.416362,877.943894,878.473397,879.004641,879.537409,880.071893,880.608291,881.146278,881.685952,882.227511,882.770753,883.315872,883.862709,884.411447,884.962004,885.514299,886.068523,886.624493,887.182397,887.742207,888.303966,888.867432,889.432894,890.000183,890.569379,891.140544,891.713671,892.288775,892.865749,893.444543,894.025281,894.607973,895.192591,895.779212,896.367961,896.958546,897.551107,898.145687,898.742283,899.340879,899.941550,900.544236,901.148951,901.755719,902.364553,902.975427,903.588415,904.203496,904.820684,905.439948,906.061337,906.684764,907.310396,907.938169,908.568073,909.200282,909.834536,910.470977,911.109588,911.750395,912.393369,913.038617,913.686029,914.335710,914.987737,915.641932,916.298369,916.956989,917.617978,918.281272,918.946841,919.614731,920.285196,920.957915,921.633029,922.310267,922.989842,923.671805,924.356184,925.042919,925.732056,926.423603,927.117573,927.813987,928.512842,929.214141,929.917904,930.624212,931.332967,932.044142,932.757787,933.474141,934.193103,934.914413,935.638423,936.364854,937.093870,937.825475,938.559713,939.296508,940.036020,940.778124,941.522950,942.270224,943.020223,943.773199,944.528573,945.286649,946.047392,946.810987,947.577300,948.346391,949.118311,949.892883,950.670090,951.450209,952.233217,953.018970,953.807648,954.599087,955.393387,956.190559,956.990699,957.793660,958.599706,959.408671,960.220443,961.035130,961.852788,962.673424,963.497263,964.323840,965.153495,965.986354,966.822088,967.661069,968.502988,969.348029,970.196109,971.047286,971.901688,972.759263,973.619870,974.483694,975.350683,976.220927,977.094320,977.970948,978.850873,979.733937,980.620403,981.510102,982.403149,983.299477,984.199141,985.102170,986.008553,986.918320,987.831407,988.748057,989.668095,990.591759,991.518661,992.449032,993.382865,994.320442,995.261441,996.205911,997.154026,998.105656,999.060854,1000.019736,1000.982170,1001.948246,1002.918126,1003.891540,1004.868584,1005.849259,1006.833866,1007.822161,1008.814206,1009.810047,1010.809687,1011.813209,1012.820497,1013.831681,1014.846767,1015.865778,1016.888919,1017.915663,1018.946482,1019.981220,1021.019876,1022.062552,1023.109259,1024.159957,1025.214714,1026.273582,1027.336583,1028.403633,1029.474819,1030.550162,1031.629594,1032.713433,1033.801343,1034.893593,1035.990018,1037.090719,1038.195756,1039.305227,1040.418883,1041.537010,1042.659407,1043.786155,1044.917544,1046.053193,1047.193464,1048.338083,1049.487211,1050.640979,1051.799190,1052.961987,1054.129369,1055.301334,1056.477980,1057.659454,1058.845619,1060.036322,1061.231978,1062.432218,1063.637188,1064.847180,1066.061777,1067.281327,1068.505644,1069.734858,1070.969048,1072.208254,1073.452403,1074.701442,1075.955609,1077.214769,1078.479018,1079.748275,1081.022647,1082.302161,1083.586842,1084.876751,1086.171842,1087.472176,1088.777780,1090.088913,1091.405146,1092.726716,1094.053659,1095.386174,1096.723971,1098.067197,1099.415906,1100.770142,1102.129966,1103.495305,1104.866212,1106.242870,1107.625043,1109.012892,1110.406444,1111.805728,1113.211147,1114.621986,1116.038637,1117.461135,1118.889787,1120.324067,1121.764688,1123.210869,1124.663044,1126.121243,1127.585620,1129.055914,1130.532591,1132.015169,1133.503951,1134.998967,1136.500261,1138.007758,1139.521557,1141.041663,1142.568188,1144.101085,1145.640412,1147.186320,1148.738639,1150.297451,1151.862825,1153.434792,1155.013387,1156.598642,1158.190592,1159.789358,1161.394798,1163.007173,1164.626231,1166.252164,1167.884998,1169.524767,1171.171506,1172.825182,1174.485968,1176.153762,1177.828819,1179.510944,1181.200254,1182.896787,1184.600677,1186.311858,1188.030277,1189.756066,1191.489262,1193.230002,1194.978252,1196.733897,1198.497102,1200.267964,1202.046498,1203.832629,1205.626558,1207.428141,1209.237619,1211.054834,1212.879917,1214.712912,1216.553762,1218.402705,1220.259789,1222.124843,1223.998013,1225.879343,1227.768872,1229.666670,1231.572725,1233.487107,1235.409857,1237.341019,1239.280635,1241.228750,1243.185405,1245.150645,1247.124545,1249.107086,1251.098344,1253.098364,1255.107189,1257.124768,1259.151341,1261.186855,1263.231798,1265.285334,1267.347949,1269.419763,1271.500676,1273.590767,1275.690164,1277.798875,1279.916947,1282.044459,1284.181395,1286.327836,1288.483848,1290.649443,1292.824689,1295.009634,1297.204329,1299.408822,1301.623163,1303.847410,1306.081758,1308.325946,1310.580185,1312.844525,1315.119017,1317.403631,1319.698638,1322.003897
831.036097,831.400386,831.765852,832.133473,832.501367,832.870858,833.241079,833.612443,833.984737,834.358233,834.733016,835.108636,835.485588,835.863543,836.242533,836.622771,837.004315,837.386743,837.770601,838.155769,838.541823,838.928974,839.317571,839.707229,840.098113,840.490308,840.883619,841.278123,841.673639,842.070494,842.468749,842.868117,843.268878,843.671108,844.073833,844.478172,844.883702,845.290584,845.698447,846.108036,846.518723,846.930609,847.343812,847.758179,848.173897,848.591060,849.009603,849.428878,849.849680,850.271899,850.695405,851.120268,851.546568,851.974211,852.403353,852.833675,853.265299,853.698205,854.132428,854.568095,855.005022,855.443220,855.882826,856.323855,856.766265,857.210102,857.655472,858.102097,858.550237,858.999902,859.450714,859.903008,860.356742,860.812078,861.268785,861.727029,862.186776,862.647764,863.110299,863.574389,864.039690,864.506551,864.974969,865.444801,865.916166,866.389041,866.863369,867.339271,867.816783,868.295744,868.776178,869.258310,869.742034,870.227127,870.714106,871.202356,871.692231,872.183623,872.676570,873.171134,873.667269,874.165101,874.664758,875.165528,875.668113,876.172322,876.678173,877.185607,877.694779,878.205747,878.718191,879.232269,879.748172,880.265775,880.784890,881.306072,881.828873,882.353465,882.879610,883.407325,883.936672,884.467870,885.000698,885.535273,886.071682,886.609767,887.149710,887.691428,888.234909,888.780137,889.327138,889.876176,890.426894,890.979517,891.533791,892.090021,892.648071,893.207982,893.769800,894.333569,894.899096,895.466754,896.036032,896.607208,897.180257,897.755252,898.332168,898.911165,899.491950,900.074662,900.659345,901.245995,901.834596,902.425187,903.017795,903.612386,904.208966,904.807562,905.408115,906.010770,906.615459,907.222171,907.830965,908.441802,909.054671,909.669604,910.286669,910.905836,911.527208,912.150595,912.776116,913.403752,914.033530,914.665463,915.299611,915.935787,916.574231,917.214870,917.857742,918.502763,919.149912,919.799490,920.451184,921.105053,921.761196,922.419903,923.080860,923.744049,924.409348,925.076948,925.746841,926.419073,927.093671,927.770575,928.449830,929.131446,929.815445,930.501814,931.190585,931.881817,932.575424,933.271423,933.969809,934.670678,935.374041,936.080023,936.788295,937.499048,938.212446,938.928222,939.646522,940.367389,941.090746,941.816655,942.545226,943.276473,944.010107,944.746264,945.485405,946.226857,946.970951,947.717643,948.467034,949.219238,949.974171,950.731495,951.491865,952.254666,953.020122,953.788431,954.559568,955.333478,956.110075,956.889458,957.671642,958.456685,959.244539,960.035369,960.828878,961.625447,962.424694,963.226824,964.031861,964.840023,965.650901,966.464663,967.281503,968.101347,968.924068,969.749968,970.578740,971.410566,972.245363,973.083189,973.924172,974.768255,975.615309,976.465590,977.318867,978.175275,979.034829,979.897548,980.763493,981.632505,982.504846,983.380366,984.259125,985.141109,986.026357,986.914894,987.806712,988.701759,989.600209,990.502068,991.407238,992.315958,993.227838,994.143111,995.061768,995.984161,996.909756,997.838900,998.771438,999.707496,1000.647042,1001.590192,1002.536812,1003.487130,1004.440896,1005.398251,1006.359251,1007.323514,1008.291899,1009.263800,1010.239367,1011.218644,1012.201734,1013.188422,1014.178889,1015.173164,1016.171357,1017.173181,1018.179149,1019.188631,1020.202099,1021.219396,1022.240522,1023.265576,1024.294569,1025.327462,1026.364322,1027.405167,1028.450118,1029.498991,1030.551905,1031.608881,1032.669852,1033.735134,1034.804411,1035.877796,1036.955465,1038.037220,1039.123213,1040.213540,1041.307953,1042.406648,1043.509690,1044.616862,1045.728636,1046.844535,1047.964955,1049.089619,1050.218687,1051.352182,1052.490233,1053.632644,1054.779558,1055.930971,1057.086886,1058.247525,1059.412811,1060.582494,1061.756898,1062.936039,1064.119636,1065.308079,1066.501187,1067.699049,1068.901565,1070.108863,1071.321023,1072.537956,1073.759869,1074.986633,1076.218305,1077.454853,1078.696287,1079.942777,1081.194180,1082.450604,1083.712074,1084.978649,1086.250285,1087.527041,1088.808943,1090.096016,1091.388520,1092.686024,1093.988764,1095.296778,1096.610287,1097.928927,1099.252919,1100.582310,1101.917086,1103.257377,1104.603056,1105.954211,1107.311009,1108.673218,1110.040995,1111.414368,1112.793364,1114.178388,1115.568723,1116.964760,1118.366535,1119.774352,1121.187686,1122.607249,1124.032259,1125.463150,1126.899951,1128.342771,1129.791705,1131.246418,1132.707137,1134.173943,1135.646865,1137.125947,1138.611114,1140.102463,1141.599999,1143.103833,1144.613918,1146.130311,1147.653162,1149.182300,1150.717808,1152.259752,1153.808165,1155.363079,1156.924527,1158.492543,1160.067092,1161.648495,1163.236549,1164.831156,1166.432507,1168.040628,1169.655551,1171.277312,1172.905875,1174.541415,1176.183827,1177.833367,1179.489838,1181.153357,1182.823960,1184.501783,1186.186756,1187.878827,1189.578127,1191.284693,1192.998660,1194.719935,1196.448580,1198.184580,1199.928060,1201.679130,1203.437619,1205.203756,1206.977399,1208.758686,1210.547765,1212.344458,1214.148912,1215.961068,1217.781164,1219.609247,1221.445144,1223.289003,1225.140864,1227.000767,1228.868755,1230.744894,1232.629174,1234.521661,1236.422399,1238.331429,1240.248793,1242.174535,1244.108697,1246.051353,1248.002484,1249.962164,1251.930438,1253.907349,1255.892941,1257.887161,1259.890248,1261.902150,1263.923355,1265.953023,1267.991641,1270.039330,1272.095987,1274.161691,1276.236571,1278.320632,1280.413921,1282.516517,1284.628403,1286.749660,1288.880351,1291.020491,1293.170144,1295.329359,1297.498186,1299.676672,1301.864867,1304.062827,1306.270748,1308.488368,1310.715896,1312.953382,1315.200794,1317.458349,1319.726070,1322.003897
835.736795,836.100176,836.464908,836.830228,837.196532,837.564016,837.932794,838.302373,838.673234,839.045078,839.418141,839.792143,840.167459,840.543838,840.921231,841.299948,841.679763,842.060678,842.442661,842.825998,843.210441,843.596286,843.983145,844.370984,844.759959,845.150214,845.541845,845.934671,846.328688,846.724123,847.120332,847.517723,847.916404,848.316328,848.717675,849.120125,849.523754,849.928635,850.334940,850.742301,851.150838,851.560735,851.972073,852.384741,852.798134,853.213124,853.629305,854.046686,854.465587,854.885971,855.307673,855.730566,856.154680,856.580028,857.006837,857.434824,857.864078,858.294688,858.726624,859.159897,859.594523,860.030526,860.467909,860.906752,861.346978,861.788521,862.231553,862.675706,863.121302,863.568458,864.017132,864.467088,864.918571,865.371504,865.825631,866.281383,866.738377,867.196757,867.656639,868.118040,868.580851,869.045277,869.510944,869.978103,870.446779,870.917218,871.388806,871.861872,872.336675,872.813030,873.290885,873.770329,874.251194,874.733445,875.217260,875.702624,876.189653,876.678110,877.168351,877.660069,878.153116,878.647888,879.144258,879.642215,880.141736,880.642991,881.145905,881.650277,882.156309,882.664116,883.173445,883.684795,884.197643,884.712095,885.228200,885.746087,886.265302,886.786208,887.308924,887.833199,888.359318,888.887034,889.416478,889.947730,890.480694,891.015420,891.551934,892.090228,892.630183,893.171956,893.715478,894.260743,894.807893,895.356818,895.907603,896.460165,897.014675,897.570875,898.129090,898.689090,899.250792,899.814387,900.379849,900.947186,901.516491,902.087667,902.660676,903.235574,903.812409,904.391158,904.971825,905.554478,906.139060,906.725587,907.314134,907.904578,908.496912,909.091344,909.687751,910.286188,910.886609,911.489030,912.093454,912.699958,913.308642,913.919222,914.531887,915.146645,915.763466,916.382370,917.003424,917.626494,918.251679,918.879054,919.508531,920.140205,920.773974,921.409935,922.048032,922.688307,923.330702,923.975314,924.622570,925.271749,925.923237,926.576777,927.232561,927.890580,928.550879,929.213486,929.878340,930.545486,931.214933,931.886639,932.560784,933.237206,933.916061,934.597166,935.280633,935.966466,936.654641,937.345332,938.038488,938.733917,939.431769,940.132050,940.834934,941.540189,942.247842,942.957971,943.670587,944.385801,945.103484,945.823768,946.546436,947.271565,947.999618,948.729983,949.462894,950.198409,950.936782,951.677487,952.420894,953.166909,953.915512,954.666728,955.420540,956.177223,956.936520,957.698608,958.463321,959.230763,960.000991,960.773965,961.549825,962.328297,963.109754,963.893815,964.680684,965.470383,966.263073,967.058520,967.856841,968.657911,969.461929,970.268953,971.078990,971.891738,972.707577,973.526256,974.347885,975.172589,976.000191,976.830926,977.664685,978.501356,979.341076,980.183860,981.029720,981.878674,982.730785,983.585892,984.444275,985.305731,986.170372,987.038165,987.909149,988.783351,989.660760,990.541325,991.425219,992.312448,993.202912,994.096851,994.993956,995.894217,996.797937,997.705175,998.615692,999.529511,1000.446732,1001.367394,1002.291466,1003.219061,1004.150184,1005.084653,1006.022625,1006.964105,1007.909148,1008.857431,1009.809638,1010.765336,1011.724617,1012.687524,1013.654160,1014.624306,1015.598191,1016.575796,1017.557120,1018.542278,1019.531064,1020.523492,1021.519904,1022.519885,1023.523692,1024.531338,1025.542834,1026.558139,1027.577320,1028.600396,1029.627417,1030.658406,1031.693275,1032.732113,1033.774938,1034.821808,1035.872664,1036.927544,1037.986592,1039.049640,1040.116790,1041.188110,1042.263670,1043.343269,1044.427115,1045.515073,1046.607354,1047.703794,1048.804595,1049.909568,1051.018837,1052.132430,1053.250477,1054.372780,1055.499481,1056.630578,1057.766066,1058.906046,1060.050832,1061.199772,1062.353228,1063.511511,1064.674041,1065.841236,1067.013130,1068.189595,1069.370604,1070.556283,1071.746654,1072.941799,1074.141754,1075.346445,1076.555819,1077.770111,1078.989188,1080.213142,1081.441892,1082.675544,1083.914124,1085.157654,1086.406196,1087.659702,1088.918233,1090.181812,1091.450700,1092.724465,1094.003342,1095.287368,1096.576739,1097.871165,1099.170791,1100.475669,1101.785843,1103.101373,1104.422184,1105.748329,1107.079856,1108.416923,1109.759296,1111.107132,1112.460457,1113.819391,1115.184064,1116.554030,1117.929591,1119.310779,1120.697902,1122.090699,1123.489079,1124.893062,1126.302814,1127.718365,1129.139821,1130.567278,1132.000399,1133.439411,1134.884395,1136.335379,1137.792407,1139.255401,1140.724461,1142.199588,1143.680894,1145.168331,1146.661955,1148.161917,1149.668043,1151.180418,1152.699105,1154.224137,1155.755546,1157.293364,1158.837622,1160.388289,1161.945682,1163.509598,1165.079939,1166.656895,1168.240490,1169.830757,1171.427730,1173.031375,1174.641862,1176.259158,1177.883309,1179.514325,1181.152254,1182.797131,1184.448990,1186.108063,1187.773994,1189.447016,1191.127163,1192.814471,1194.509144,1196.210947,1197.919961,1199.636311,1201.360107,1203.091176,1204.829749,1206.575680,1208.329107,1210.090173,1211.858714,1213.634861,1215.418659,1217.210047,1219.009263,1220.816353,1222.631144,1224.453783,1226.284309,1228.122763,1229.969211,1231.823642,1233.686122,1235.556693,1237.435396,1239.322272,1241.217364,1243.120712,1245.032360,1246.952382,1248.880756,1250.817557,1252.762828,1254.716613,1256.678954,1258.649799,1260.629385,1262.617660,1264.615110,1266.620896,1268.635613,1270.659054,1272.691442,1274.732748,1276.783098,1278.842498,1280.910994,1282.988664,1285.075491,1287.171554,1289.276917,1291.391592,1293.515645,1295.649124,1297.792076,1299.944549,1302.106600,1304.278262,1306.459752,1308.650800,1310.851614,1313.062244,1315.282657,1317.513069,1319.753502,1322.003897
840.471866,840.833487,841.196147,841.559817,841.924882,842.290712,842.657615,843.025571,843.394742,843.765044,844.136064,844.508510,844.882171,845.256810,845.632482,846.009520,846.387671,846.767022,847.147507,847.528868,847.911654,848.295604,848.680588,849.066748,849.454080,849.842618,850.232351,850.623003,851.014839,851.408203,851.802707,852.198177,852.595140,852.993130,853.392263,853.792952,854.194611,854.597449,855.001644,855.407144,855.813776,856.221515,856.630459,857.040692,857.452343,857.865202,858.279694,858.695156,859.112099,859.530143,859.949341,860.369865,860.791638,861.214716,861.639115,862.064727,862.491755,862.920030,863.349616,863.780674,864.213053,864.646871,865.081772,865.518234,865.955924,866.394933,866.835716,867.277607,867.720876,868.165749,868.611719,869.059426,869.508034,869.958176,870.409659,870.862667,871.317121,871.773047,872.230315,872.688990,873.149086,873.610645,874.073859,874.538260,875.004106,875.471653,875.940845,876.411427,876.883452,877.356798,877.831530,878.307963,878.785998,879.265380,879.746197,880.228778,880.712885,881.198244,881.685291,882.173899,882.664110,883.155824,883.649198,884.144086,884.640650,885.138696,885.638327,886.140130,886.643102,887.147605,887.653836,888.161818,888.671340,889.182251,889.694812,890.209144,890.724993,891.242646,891.761856,892.282752,892.805415,893.329748,893.855951,894.383716,894.913220,895.444302,895.977223,896.511940,897.048207,897.586387,898.126342,898.668017,899.211474,899.756854,900.303865,900.852846,901.403536,901.955948,902.510175,903.066224,903.624103,904.183844,904.745530,905.308942,905.874197,906.441336,907.010356,907.581244,908.154061,908.728756,909.305366,909.883919,910.464361,911.046597,911.630916,912.217175,912.805394,913.395547,913.987651,914.581752,915.177795,915.776011,916.376096,916.978168,917.582311,918.188454,918.796634,919.406913,920.019191,920.633478,921.249937,921.868391,922.488969,923.111819,923.736514,924.363410,924.992429,925.623513,926.256964,926.892596,927.530299,928.170077,928.812207,929.456346,930.102681,930.751205,931.401961,932.054978,932.710193,933.367652,934.027310,934.689316,935.353699,936.020238,936.689060,937.360183,938.033612,938.709323,939.387526,940.068060,940.750841,941.435985,942.123494,942.813402,943.505903,944.200597,944.897703,945.597233,946.299297,947.003765,947.710770,948.420074,949.131881,949.846430,950.563215,951.282580,952.004360,952.728993,953.455889,954.185419,954.917434,955.652081,956.389259,957.128877,957.871262,958.616347,959.364075,960.114358,960.867299,961.622907,962.381242,963.142436,963.906110,964.672541,965.441831,966.213697,966.988309,967.765842,968.546058,969.329073,970.114819,970.903321,971.694707,972.489035,973.286313,974.086237,974.889187,975.694913,976.503522,977.315139,978.129594,978.947198,979.767588,980.590908,981.417210,982.246507,983.078813,983.914145,984.752564,985.593927,986.438463,987.286018,988.136689,988.990441,989.847312,990.707330,991.570484,992.436721,993.306298,994.178970,995.054887,995.934145,996.816617,997.702109,998.590985,999.483178,1000.378826,1001.277574,1002.179647,1003.085061,1003.993928,1004.906206,1005.821735,1006.740668,1007.663025,1008.588843,1009.518078,1010.450507,1011.386778,1012.326460,1013.269642,1014.216468,1015.166743,1016.120580,1017.078000,1018.039195,1019.003819,1019.972296,1020.944264,1021.920023,1022.899366,1023.882353,1024.869017,1025.859464,1026.853673,1027.851603,1028.853320,1029.858842,1030.868220,1031.881475,1032.898520,1033.919442,1034.944260,1035.972906,1037.005694,1038.042288,1039.082864,1040.127532,1041.176114,1042.228769,1043.285570,1044.346313,1045.411207,1046.480116,1047.553098,1048.630442,1049.711809,1050.797427,1051.887152,1052.981100,1054.079292,1055.181856,1056.288595,1057.399651,1058.515020,1059.634703,1060.758953,1061.887595,1063.020476,1064.157957,1065.299841,1066.446121,1067.596924,1068.752365,1069.912153,1071.076502,1072.245433,1073.419090,1074.597319,1075.780235,1076.967722,1078.160014,1079.356976,1080.558617,1081.765107,1082.976299,1084.192303,1085.413140,1086.638871,1087.869448,1089.104930,1090.345342,1091.590707,1092.841286,1094.096645,1095.357018,1096.622443,1097.893140,1099.168743,1100.449473,1101.735354,1103.026432,1104.322788,1105.624278,1106.931022,1108.243177,1109.560508,1110.883172,1112.211194,1113.544602,1114.883513,1116.228057,1117.577789,1118.933007,1120.294025,1121.660313,1123.032581,1124.410048,1125.793147,1127.181904,1128.576348,1129.976586,1131.382713,1132.794391,1134.211850,1135.635160,1137.064359,1138.499487,1139.940465,1141.387391,1142.840268,1144.299207,1145.764158,1147.235177,1148.712414,1150.195696,1151.685104,1153.180704,1154.682526,1156.190602,1157.704963,1159.225641,1160.752668,1162.286164,1163.826123,1165.372379,1166.925123,1168.484377,1170.050175,1171.622549,1173.201464,1174.787091,1176.379394,1177.978421,1179.584179,1181.196716,1182.816067,1184.442264,1186.075444,1187.715536,1189.362485,1191.016422,1192.677381,1194.345499,1196.020738,1197.702981,1199.392419,1201.089065,1202.793013,1204.504160,1206.222704,1207.948498,1209.681784,1211.422398,1213.170470,1214.926044,1216.689059,1218.459750,1220.238166,1222.024130,1223.817789,1225.619182,1227.428348,1229.245327,1231.070186,1232.902911,1234.743569,1236.592201,1238.448847,1240.313548,1242.186345,1244.067281,1245.956427,1247.853762,1249.759361,1251.673264,1253.595515,1255.526156,1257.465132,1259.412682,1261.368751,1263.333825,1265.307065,1267.288954,1269.279612,1271.278936,1273.287043,1275.303938,1277.329746,1279.364474,1281.408198,1283.460900,1285.522658,1287.593518,1289.673544,1291.762748,1293.861193,1295.968928,1298.085999,1300.212454,1302.348348,1304.493715,1306.648769,1308.813241,1310.987338,1313.171110,1315.364522,1317.567789,1319.780935,1322.003897
845.240155,845.600027,845.961078,846.322950,846.685962,847.050225,847.415153,847.781425,848.148984,848.517426,848.887004,849.257738,849.629669,850.002639,850.376791,850.752104,851.128279,851.505964,851.884332,852.264157,852.644820,853.026732,853.410046,853.794244,854.179367,854.566034,854.953757,855.342589,855.732585,856.123927,856.516378,856.910042,857.304885,857.700764,858.097920,858.496595,858.896420,859.297056,859.698893,860.102162,860.506463,860.912188,861.319223,861.727815,862.137316,862.548095,862.959931,863.373111,863.787592,864.203160,864.620049,865.038258,865.457661,865.878439,866.300401,866.723705,867.148365,867.574494,868.001736,868.430266,868.860238,869.291428,869.724269,870.158360,870.593523,871.030275,871.468291,871.907874,872.348586,872.790465,873.233822,873.678473,874.124597,874.572311,875.021297,875.471656,875.923167,876.376272,876.830898,877.286913,877.744197,878.202957,878.663438,879.125438,879.588556,880.053293,880.519379,880.986837,881.455912,881.926342,882.398243,882.871674,883.346615,883.823149,884.300899,884.780310,885.261282,885.743761,886.227727,886.713230,887.200433,887.689018,888.179326,888.671085,889.164740,889.659629,890.156075,890.654313,891.154060,891.655442,892.158108,892.662419,893.168460,893.675979,894.185255,894.696063,895.208508,895.722778,896.238601,896.756200,897.275267,897.796097,898.318582,898.842760,899.368488,899.896073,900.425433,900.956439,901.489167,902.023633,902.559978,903.097912,903.637740,904.179298,904.722502,905.267477,905.814230,906.362767,906.913123,907.465378,908.019315,908.575048,909.132625,909.692033,910.253281,910.816391,911.381293,911.948174,912.516849,913.087382,913.659678,914.234010,914.810233,915.388341,915.968361,916.550313,917.134184,917.720077,918.307838,918.897551,919.489196,920.082850,920.678471,921.276127,921.875723,922.477340,923.080925,923.686552,924.294171,924.903981,925.515773,926.129476,926.745327,927.363248,927.983473,928.605662,929.229847,929.856196,930.484601,931.115307,931.747969,932.382771,933.019706,933.658817,934.300133,934.943590,935.589235,936.237054,936.887170,937.539497,938.193993,938.850712,939.509669,940.170885,940.834477,941.500252,942.168401,942.838643,943.511269,944.186205,944.863522,945.543269,946.225200,946.909483,947.596127,948.285242,948.976699,949.670610,950.366795,951.065401,951.766363,952.470211,953.176110,953.884625,954.595537,955.308923,956.024715,956.743006,957.463863,958.187183,958.912991,959.641269,960.372292,961.105889,961.841975,962.580648,963.321919,964.066020,964.812564,965.561722,966.313502,967.068101,967.825205,968.584987,969.347608,970.112913,970.880806,971.651426,972.424727,973.200837,973.979711,974.761667,975.546090,976.333463,977.123516,977.916415,978.712224,979.510862,980.312312,981.116783,981.923983,982.734085,983.547103,984.363049,985.181938,986.003785,986.828669,987.656395,988.487242,989.321040,990.157884,990.997741,991.840647,992.686629,993.535598,994.387737,995.243066,996.101418,996.962943,997.827720,998.695672,999.566625,1000.440746,1001.318268,1002.198998,1003.082839,1003.969930,1004.860287,1005.754158,1006.651091,1007.551334,1008.454902,1009.361819,1010.272118,1011.185756,1012.102510,1013.023026,1013.946873,1014.874239,1015.804971,1016.739203,1017.676885,1018.618106,1019.562905,1020.511125,1021.463115,1022.418513,1023.377618,1024.340221,1025.306385,1026.276139,1027.249592,1028.226671,1029.207482,1030.191944,1031.180123,1032.172071,1033.167806,1034.167243,1035.170467,1036.177497,1037.188264,1038.203084,1039.221617,1040.244039,1041.270462,1042.300706,1043.334930,1044.373205,1045.415328,1046.461417,1047.511605,1048.565705,1049.624050,1050.686306,1051.752703,1052.823138,1053.897691,1054.976389,1056.059360,1057.146406,1058.237667,1059.333141,1060.432826,1061.536808,1062.645416,1063.757990,1064.875061,1065.996429,1067.122025,1068.252199,1069.386774,1070.525622,1071.668924,1072.816700,1073.968973,1075.125820,1076.287279,1077.453275,1078.623862,1079.798946,1080.978720,1082.163169,1083.352206,1084.545940,1085.744394,1086.947590,1088.155587,1089.368337,1090.585900,1091.808298,1093.035791,1094.267945,1095.504994,1096.746973,1097.993908,1099.246019,1100.502938,1101.764886,1103.031887,1104.303985,1105.581262,1106.863574,1108.151038,1109.443813,1110.741662,1112.044742,1113.353077,1114.666694,1115.985996,1117.310257,1118.639885,1119.974894,1121.315597,1122.661463,1124.013202,1125.370032,1126.732384,1128.100287,1129.473890,1130.852930,1132.237872,1133.628230,1135.024304,1136.426093,1137.833657,1139.247036,1140.666152,1142.091100,1143.521884,1144.958613,1146.401237,1147.849812,1149.304486,1150.765086,1152.231694,1153.704372,1155.183153,1156.668066,1158.159142,1159.656412,1161.160061,1162.669748,1164.185927,1165.708278,1167.236990,1168.772086,1170.313599,1171.861559,1173.415932,1174.976887,1176.544388,1178.118482,1179.699176,1181.286517,1182.880537,1184.481272,1186.088854,1187.703213,1189.324294,1190.952226,1192.587043,1194.228880,1195.877640,1197.533386,1199.196125,1200.865932,1202.542899,1204.226922,1205.918199,1207.616583,1209.322210,1211.035221,1212.755452,1214.483032,1216.217905,1217.960307,1219.710283,1221.467657,1223.232576,1225.005077,1226.785198,1228.572980,1230.368487,1232.171705,1233.982701,1235.801514,1237.628184,1239.462752,1241.305256,1243.155739,1245.014240,1246.880833,1248.755494,1250.638298,1252.529285,1254.428497,1256.335977,1258.251670,1260.175811,1262.108347,1264.049763,1265.999218,1267.957198,1269.923818,1271.898976,1273.882748,1275.875260,1277.876516,1279.886560,1281.905470,1283.933226,1285.969905,1288.015553,1290.070233,1292.133957,1294.206788,1296.288772,1298.379956,1300.480387,1302.590119,1304.709185,1306.837800,1308.975692,1311.123070,1313.279980,1315.446389,1317.622511,1319.808368,1322.003897
850.041306,850.399576,850.758489,851.118708,851.480189,851.842584,852.206020,852.570719,852.936368,853.303122,853.671038,854.040081,854.410124,854.781306,855.153504,855.526695,855.900920,856.276354,856.653044,857.030827,857.409469,857.789527,858.170787,858.553070,858.936402,859.320996,859.706598,860.093572,860.481759,860.870917,861.261204,861.652752,862.045476,862.439657,862.834602,863.230658,863.628011,864.026475,864.426549,864.827780,865.230279,865.633910,866.038561,866.444408,866.851582,867.259905,867.669435,868.080261,868.492291,868.905467,869.320001,869.735731,870.152812,870.571143,870.990942,871.411783,871.834071,872.257637,872.682540,873.108794,873.536189,873.964858,874.395033,874.826727,875.259490,875.693372,876.128652,876.565278,877.003253,877.442775,877.883526,878.325612,878.768988,879.213607,879.659761,880.107435,880.556364,881.006726,881.458523,881.911769,882.366429,882.822606,883.280131,883.738908,884.199084,884.660741,885.123815,885.588432,886.054286,886.521812,886.990809,887.461078,887.932967,888.406291,888.881169,889.357419,889.835326,890.314830,890.795632,891.277987,891.762173,892.247612,892.734670,893.223146,893.713275,894.205119,894.698274,895.192819,895.688968,896.186810,896.686085,897.187091,897.689701,898.193952,898.699629,899.207054,899.716050,900.226619,900.738954,901.252781,901.768304,902.285373,902.804283,903.324840,903.847046,904.370931,904.896512,905.423931,905.952864,906.483629,907.016216,907.550324,908.086159,908.623728,909.163038,909.704247,910.247064,910.791641,911.337977,911.886101,912.436026,912.987702,913.541234,914.096597,914.653750,915.212689,915.773456,916.335939,916.900412,917.466728,918.034884,918.604903,919.176797,919.750711,920.326338,920.903907,921.483374,922.064730,922.648045,923.233279,923.820499,924.409627,925.000737,925.593759,926.188797,926.785765,927.384681,927.985627,928.588545,929.193502,929.800668,930.409912,931.020848,931.633931,932.249124,932.866321,933.485765,934.107110,934.730542,935.356070,935.983685,936.613431,937.245367,937.879367,938.515525,939.153815,939.794264,940.436946,941.081743,941.728723,942.377898,943.029393,943.683011,944.338947,944.996916,945.657209,946.319808,946.984621,947.651716,948.321218,948.992870,949.666922,950.343245,951.021829,951.702723,952.386112,953.071718,953.759747,954.450340,955.143021,955.838358,956.535910,957.235917,957.938264,958.643045,959.350431,960.060007,960.772152,961.486615,962.203722,962.923491,963.645604,964.370236,965.097399,965.827324,966.559580,967.294475,968.031862,968.771843,969.514588,970.259929,971.007808,971.758303,972.511389,973.267129,974.025537,974.786565,975.550342,976.317024,977.086322,977.858311,978.633021,979.410432,980.190787,980.973737,981.759487,982.548030,983.339543,984.133720,984.930734,985.730599,986.533327,987.338935,988.147446,988.958897,989.773139,990.590436,991.410616,992.233775,993.059878,993.888962,994.721053,995.556062,996.394171,997.235401,998.079583,998.926868,999.777414,1000.630974,1001.487400,1002.347080,1003.209916,1004.075974,1004.945069,1005.817341,1006.692940,1007.571707,1008.453596,1009.338720,1010.227095,1011.118741,1012.013694,1012.911908,1013.813490,1014.718098,1015.626387,1016.537933,1017.452875,1018.371175,1019.292883,1020.218154,1021.146715,1022.078935,1023.014414,1023.953564,1024.896076,1025.842071,1026.791672,1027.744715,1028.701372,1029.661571,1030.625416,1031.592828,1032.563870,1033.538595,1034.516952,1035.499060,1036.484799,1037.474256,1038.467447,1039.464428,1040.465120,1041.469611,1042.478012,1043.490150,1044.506122,1045.525993,1046.549872,1047.577479,1048.609089,1049.644575,1050.684132,1051.727493,1052.774934,1053.826316,1054.881720,1055.941171,1057.004688,1058.072400,1059.144108,1060.219952,1061.299933,1062.384038,1063.472702,1064.565232,1065.662157,1066.763156,1067.868541,1068.978239,1070.092167,1071.210437,1072.332968,1073.459868,1074.591158,1075.726978,1076.867176,1078.011865,1079.161037,1080.314596,1081.472736,1082.635354,1083.802619,1084.974384,1086.150756,1087.331757,1088.517446,1089.707774,1090.902799,1092.102544,1093.307267,1094.516535,1095.730580,1096.949437,1098.173131,1099.401711,1100.635320,1101.873667,1103.116945,1104.365199,1105.618509,1106.876729,1108.139979,1109.408284,1110.681799,1111.960287,1113.243904,1114.532677,1115.826629,1117.126163,1118.430553,1119.740206,1121.055137,1122.375657,1123.701371,1125.032578,1126.368906,1127.710650,1129.057837,1130.410616,1131.768945,1133.132622,1134.501826,1135.876637,1137.257080,1138.643129,1140.034910,1141.432313,1142.835436,1144.244280,1145.658954,1147.079408,1148.505697,1149.938002,1151.376048,1152.820017,1154.269939,1155.725844,1157.187760,1158.655720,1160.129752,1161.610042,1163.096247,1164.588821,1166.087442,1167.592301,1169.103419,1170.620827,1172.144556,1173.674640,1175.211040,1176.753927,1178.303277,1179.859097,1181.421433,1182.990319,1184.565785,1186.147967,1187.736793,1189.332206,1190.934335,1192.543214,1194.158977,1195.781526,1197.410922,1199.047146,1200.690321,1202.340554,1203.997670,1205.661898,1207.333091,1209.011384,1210.696918,1212.389527,1214.089340,1215.796399,1217.510642,1219.232304,1220.961430,1222.697844,1224.441691,1226.193007,1227.951833,1229.718204,1231.492188,1233.273769,1235.063012,1236.859957,1238.664643,1240.477110,1242.297396,1244.125543,1245.961621,1247.805609,1249.657577,1251.517567,1253.385619,1255.261776,1257.145980,1259.038468,1260.939185,1262.848172,1264.765915,1266.691571,1268.625625,1270.568194,1272.519173,1274.478638,1276.446715,1278.423406,1280.408755,1282.402840,1284.405640,1286.417231,1288.437676,1290.466985,1292.505221,1294.552429,1296.608656,1298.673946,1300.748347,1302.831912,1304.924673,1307.026844,1309.138154,1311.258808,1313.388855,1315.528259,1317.677234,1319.835801,1322.003897
854.875814,855.232148,855.589778,855.948194,856.307709,856.668340,857.030111,857.393141,857.756957,858.121773,858.487731,858.854535,859.222387,859.591488,859.961775,860.332993,860.705467,861.078951,861.453685,861.829385,862.206229,862.584152,862.963195,863.343387,863.724942,864.107387,864.490874,864.875583,865.261745,865.649068,866.037110,866.426268,866.816614,867.208203,867.601222,867.995301,868.390893,868.787211,869.184893,869.583564,869.983614,870.384787,870.787013,871.190529,871.595252,872.001093,872.408194,872.816458,873.226118,873.636979,874.049248,874.462591,874.877243,875.293294,875.710488,876.128944,876.548690,876.969624,877.391836,877.815692,878.240770,878.666849,879.094045,879.522765,879.952767,880.384113,880.816805,881.250750,881.686004,882.122502,882.560349,882.999732,883.440483,883.882465,884.325878,884.770537,885.216796,885.664316,886.113399,886.563688,887.015303,887.468233,887.922640,888.378535,888.835681,889.294228,889.754366,890.216006,890.678807,891.143127,891.609032,892.076386,892.545193,893.015353,893.487094,893.960164,894.435075,894.911152,895.388880,895.868022,896.348576,896.830781,897.314665,897.799707,898.286333,898.774409,899.264260,899.755387,900.248286,900.742553,901.238474,901.735870,902.234907,902.735540,903.237751,903.741562,904.246873,904.753876,905.262409,905.772657,906.284556,906.798062,907.313207,907.830007,908.348571,908.868672,909.390532,909.914055,910.439291,910.966094,911.494589,912.024783,912.556833,913.090451,913.625785,914.162838,914.701629,915.242148,915.784424,916.328561,916.874361,917.421945,917.971285,918.522408,919.075322,919.629913,920.186476,920.744805,921.304951,921.867060,922.430880,922.996496,923.563997,924.133357,924.704597,925.277670,925.852728,926.429593,927.008354,927.589067,928.171763,928.756186,929.342609,929.930931,930.521232,931.113456,931.707858,932.304038,932.902436,933.502519,934.104612,934.708799,935.314941,935.923101,936.533465,937.145686,937.759949,938.376246,938.994652,939.615130,940.237722,940.862328,941.488976,942.117781,942.748758,943.381807,944.016976,944.654285,945.293857,945.935613,946.579394,947.225352,947.873465,948.523802,949.176348,949.831117,950.488092,951.147443,951.808992,952.472753,953.138695,953.806927,954.477636,955.150438,955.825540,956.503257,957.183135,957.865187,958.549708,959.236459,959.925569,960.617048,961.310909,962.007320,962.705868,963.406816,964.110255,964.816338,965.524697,966.235510,966.948960,967.664759,968.382996,969.103804,969.827045,970.552794,971.281248,972.012299,972.745679,973.481617,974.220194,974.961296,975.704995,976.451301,977.200169,977.951928,978.706232,979.463170,980.222674,980.984919,981.749876,982.517597,983.287901,984.060925,984.836859,985.615376,986.396654,987.180708,987.967547,988.757186,989.549659,990.344933,991.143100,991.943994,992.747875,993.554574,994.364185,995.176673,995.992075,996.810339,997.631608,998.455917,999.283107,1000.113265,1000.946440,1001.782912,1002.622168,1003.464376,1004.309596,1005.157987,1006.009527,1006.864170,1007.721780,1008.582584,1009.446469,1010.313477,1011.183647,1012.056992,1012.933568,1013.813308,1014.696326,1015.582520,1016.471820,1017.364527,1018.260551,1019.159813,1020.062402,1020.968391,1021.877715,1022.790539,1023.706513,1024.625976,1025.548838,1026.475078,1027.404719,1028.337874,1029.274409,1030.214465,1031.157981,1032.105059,1033.055620,1034.009727,1034.967398,1035.928683,1036.893600,1037.862062,1038.834154,1039.809894,1040.789337,1041.772402,1042.759179,1043.749775,1044.744020,1045.742008,1046.743828,1047.749519,1048.758869,1049.772131,1050.789177,1051.810201,1052.834917,1053.863672,1054.896222,1055.932716,1056.973161,1058.017577,1059.066091,1060.118504,1061.174956,1062.235447,1063.299963,1064.368805,1065.441682,1066.518619,1067.599730,1068.685026,1069.774532,1070.868167,1071.966041,1073.068072,1074.174368,1075.284949,1076.399956,1077.519234,1078.642795,1079.770938,1080.903257,1082.039986,1083.181211,1084.326910,1085.477000,1086.631587,1087.790691,1088.954337,1090.122580,1091.295372,1092.472770,1093.654798,1094.841713,1096.033080,1097.229132,1098.429903,1099.635418,1100.845895,1102.060966,1103.280849,1104.505570,1105.735180,1106.969728,1108.209101,1109.453405,1110.702797,1111.957039,1113.216286,1114.480562,1115.749893,1117.024304,1118.304195,1119.588845,1120.878645,1122.173904,1123.474229,1124.779915,1126.090592,1127.406553,1128.727823,1130.054429,1131.386521,1132.724056,1134.066830,1135.415024,1136.768714,1138.127927,1139.492635,1140.862964,1142.238804,1143.620251,1145.007307,1146.400079,1147.798517,1149.202675,1150.612734,1152.028419,1153.449910,1154.877237,1156.310428,1157.749513,1159.194522,1160.645484,1162.102584,1163.565477,1165.034617,1166.509683,1167.990864,1169.478180,1170.971661,1172.471340,1173.977247,1175.489343,1177.007801,1178.532593,1180.063728,1181.601249,1183.145190,1184.695582,1186.252458,1187.816046,1189.385989,1190.962515,1192.545657,1194.135449,1195.732090,1197.335343,1198.945287,1200.562045,1202.185628,1203.816144,1205.453538,1207.097757,1208.748934,1210.407210,1212.072419,1213.744688,1215.424060,1217.110470,1218.804154,1220.505156,1222.213298,1223.928725,1225.651473,1227.381580,1229.119083,1230.864047,1232.616457,1234.376376,1236.143843,1237.918898,1239.701577,1241.491921,1243.289968,1245.095757,1246.909361,1248.730755,1250.560010,1252.397168,1254.242267,1256.095349,1257.956358,1259.825528,1261.702803,1263.588668,1265.482280,1267.384122,1269.294311,1271.212741,1273.139527,1275.074673,1277.018302,1278.970417,1280.931061,1282.900310,1284.878143,1286.864636,1288.859851,1290.863798,1292.876538,1294.898117,1296.928579,1298.967970,1301.016335,1303.073727,1305.140179,1307.215902,1309.300625,1311.394554,1313.497734,1315.610131,1317.731958,1319.863234,1322.003897
859.743925,860.098480,860.454190,860.811019,861.168724,861.527369,861.887008,862.247561,862.609176,862.972021,863.335971,863.700923,864.067236,864.434045,864.802261,865.171646,865.542032,865.913214,866.286023,866.659626,867.034304,867.410384,867.787299,868.165274,868.544525,868.925106,869.306487,869.689004,870.072489,870.457163,870.843127,871.230226,871.618697,872.008244,872.398902,872.790648,873.183521,873.577550,873.972726,874.368979,874.766466,875.165074,875.564843,875.966004,876.368161,876.771609,877.176420,877.582520,877.989723,878.398086,878.807785,879.218755,879.630808,880.044149,880.458805,880.874764,881.292062,881.710434,882.129990,882.550664,882.972886,883.396165,883.820841,884.246848,884.674021,885.102616,885.532349,885.963554,886.396075,886.829972,887.265069,887.701472,888.139111,888.578639,889.019044,889.460873,889.904144,890.348502,890.794395,891.241724,891.690252,892.140123,892.591610,893.044398,893.498542,893.953969,894.411287,894.869627,895.329368,895.790493,896.253161,896.717218,897.183022,897.650041,898.118454,898.588312,899.059686,899.532434,900.006798,900.482838,900.959933,901.438727,901.918817,902.400598,902.883669,903.368389,903.854534,904.342187,904.831442,905.322235,905.814647,906.308466,906.803912,907.300861,907.799420,908.299429,908.801155,909.304492,909.809397,910.315900,910.823987,911.333863,911.845202,912.358259,912.872939,913.389290,913.907167,914.426695,914.947912,915.470885,915.995415,916.521614,917.049459,917.579030,918.110295,918.643344,919.178079,919.714470,920.252597,920.792476,921.334074,921.877418,922.422395,922.969300,923.517902,924.068457,924.620638,925.174618,925.730391,926.287917,926.847298,927.408533,927.971590,928.536454,929.103153,929.671869,930.242273,930.814540,931.388606,931.964622,932.542490,933.122477,933.704149,934.287759,934.873493,935.460986,936.050317,936.641662,937.234943,937.830182,938.427387,939.026744,939.627907,940.231093,940.836246,941.443388,942.052636,942.663872,943.277052,943.892327,944.509646,945.129029,945.750545,946.374081,946.999807,947.627581,948.257505,948.889377,949.523469,950.159553,950.797869,951.438335,952.080937,952.725709,953.372798,954.022028,954.673392,955.326918,955.982719,956.640811,957.301000,957.963429,958.628627,959.295499,959.964870,960.636304,961.310079,961.986152,962.664532,963.345231,964.028419,964.713680,965.401279,966.091306,966.783912,967.478730,968.175937,968.875717,969.577782,970.282251,970.989118,971.698469,972.410229,973.124665,973.841527,974.560707,975.282383,976.006618,976.733316,977.462541,978.194305,978.928619,979.665639,980.405087,981.147305,981.891932,982.639266,983.389117,984.141729,984.896851,985.654626,986.415099,987.178343,987.944147,988.712651,989.483867,990.257806,991.034500,991.813928,992.596112,993.381074,994.168800,994.959398,995.752749,996.548946,997.347955,998.149812,998.954463,999.762140,1000.572618,1001.385995,1002.202272,1003.021651,1003.844015,1004.669208,1005.497176,1006.328171,1007.162267,1007.999579,1008.839649,1009.682752,1010.528977,1011.378212,1012.230498,1013.085873,1013.944350,1014.805985,1015.670710,1016.538738,1017.409769,1018.283732,1019.161163,1020.041756,1020.925556,1021.812679,1022.703078,1023.596602,1024.493647,1025.393872,1026.297402,1027.204162,1028.114333,1029.027786,1029.944693,1030.864898,1031.788545,1032.715569,1033.646074,1034.579978,1035.517347,1036.458196,1037.402575,1038.350503,1039.301891,1040.256824,1041.215319,1042.177307,1043.143080,1044.112352,1045.085264,1046.061924,1047.042145,1048.026109,1049.013855,1050.005170,1051.000308,1051.999138,1053.001879,1054.008174,1055.018438,1056.032399,1057.050223,1058.071899,1059.097451,1060.126898,1061.160367,1062.197674,1063.238915,1064.284126,1065.333493,1066.386833,1067.444136,1068.505513,1069.570976,1070.640550,1071.714079,1072.791804,1073.873687,1074.959645,1076.049786,1077.144251,1078.242817,1079.345693,1080.452980,1081.564338,1082.680000,1083.800051,1084.924470,1086.053172,1087.186263,1088.323762,1089.465693,1090.612112,1091.762969,1092.918321,1094.078191,1095.242836,1096.411820,1097.585374,1098.763535,1099.946323,1101.133788,1102.326072,1103.522881,1104.724409,1105.930691,1107.141830,1108.357655,1109.578292,1110.803765,1112.034228,1113.269444,1114.509567,1115.754621,1117.004630,1118.259995,1119.519990,1120.785019,1122.055096,1123.330531,1124.610929,1125.896586,1127.187130,1128.482854,1129.783783,1131.089943,1132.401437,1133.718360,1135.040370,1136.367695,1137.700402,1139.038526,1140.382037,1141.731059,1143.085482,1144.445401,1145.810817,1147.181838,1148.558412,1149.940593,1151.328561,1152.722040,1154.121210,1155.526100,1156.936739,1158.353155,1159.775376,1161.203433,1162.637508,1164.077258,1165.523135,1166.974816,1168.432491,1169.896179,1171.365910,1172.841714,1174.323623,1175.811597,1177.305806,1178.806224,1180.312858,1181.825752,1183.344936,1184.870443,1186.402305,1187.940748,1189.485416,1191.036535,1192.594138,1194.158258,1195.729093,1197.306406,1198.890275,1200.480822,1202.078058,1203.682090,1205.292761,1206.910318,1208.534596,1210.165831,1211.803858,1213.448804,1215.100710,1216.759611,1218.425443,1220.098548,1221.778647,1223.465885,1225.160298,1226.861922,1228.570793,1230.286950,1232.010455,1233.741292,1235.479526,1237.225194,1238.978334,1240.738985,1242.507184,1244.282970,1246.066382,1247.857491,1249.656271,1251.462794,1253.277100,1255.099228,1256.929218,1258.767013,1260.612848,1262.466666,1264.328951,1266.198859,1268.076872,1269.963108,1271.857458,1273.760039,1275.670853,1277.590022,1279.517549,1281.453508,1283.397878,1285.350735,1287.312121,1289.282097,1291.260673,1293.247910,1295.243851,1297.248542,1299.262027,1301.284351,1303.315565,1305.355702,1307.404974,1309.463107,1311.530306,1313.606618,1315.692006,1317.786683,1319.890668,1322.003897
864.645423,864.997851,865.351390,865.705848,866.061313,866.417939,866.775743,867.134329,867.494309,867.854927,868.216732,868.579757,868.943751,869.308593,869.674807,870.041868,870.410302,870.779680,871.150017,871.521364,871.893993,872.267966,872.642800,873.018550,873.395252,873.773144,874.152219,874.532483,874.914143,875.296855,875.680566,876.065257,876.451176,876.838161,877.226288,877.615462,878.005788,878.397340,878.789911,879.183815,879.578775,879.975088,880.372479,880.771312,881.171063,881.572054,881.974340,882.377822,882.782295,883.188137,883.595327,884.003485,884.413228,884.823979,885.235814,885.648794,886.063233,886.478779,886.895575,887.313722,887.733016,888.153593,888.575436,888.998787,889.423078,889.848750,890.275877,890.704047,891.133579,891.564477,891.996827,892.430488,892.865382,893.301474,893.738883,894.177671,894.617754,895.059223,895.501926,895.946153,896.391873,896.838866,897.287054,897.736620,898.187574,898.639928,899.093651,899.548743,900.005746,900.463667,900.922996,901.383788,901.846081,902.309672,902.774694,903.241461,903.709685,904.178922,904.649808,905.122023,905.595752,906.070879,906.547566,907.025645,907.505216,907.986407,908.469042,908.953116,909.438766,909.925962,910.414573,910.904642,911.396399,911.889697,912.384568,912.880935,913.378894,913.878509,914.379681,914.882357,915.386712,915.892649,916.400216,916.909275,917.419939,917.932257,918.446285,918.961798,919.478969,919.997763,920.518223,921.040404,921.564251,922.089685,922.616795,923.145599,923.676112,924.208300,924.742197,925.277678,925.815042,926.354183,926.894981,927.437489,927.981758,928.527762,929.075480,929.625028,930.176399,930.729457,931.284324,931.841162,932.399627,932.959901,933.521991,934.085870,934.651579,935.219354,935.788750,936.360007,936.933360,937.508378,938.085357,938.664039,939.244720,939.827293,940.411774,940.998172,941.586704,942.176958,942.769153,943.363368,943.959449,944.557513,945.157584,945.759543,946.363550,946.969553,947.577562,948.187651,948.799707,949.413899,950.030085,950.648368,951.268599,951.890886,952.515211,953.141620,953.770170,954.400800,955.033544,955.668649,956.305679,956.944868,957.586139,958.229558,958.875287,959.523049,960.173189,960.825645,961.480044,962.136622,962.795334,963.456327,964.119558,964.785036,965.452770,966.122934,966.795213,967.469674,968.146422,968.825636,969.507198,970.191182,970.877329,971.565903,972.256752,972.949967,973.645601,974.343650,975.044171,975.747122,976.452325,977.159956,977.870082,978.582603,979.297584,980.015036,980.734971,981.457601,982.182474,982.909920,983.640149,984.372655,985.107746,985.845475,986.585681,987.328449,988.073850,988.821811,989.572521,990.325730,991.081579,991.840095,992.601256,993.365092,994.131618,994.900838,995.672771,996.447406,997.224850,998.004982,998.787897,999.573559,1000.361925,1001.153178,1001.947312,1002.744181,1003.543884,1004.346503,1005.151991,1005.960565,1006.771730,1007.585687,1008.402602,1009.222812,1010.045646,1010.871429,1011.700251,1012.531975,1013.366713,1014.204432,1015.045168,1015.888935,1016.735787,1017.585757,1018.438758,1019.294789,1020.153716,1021.015957,1021.881332,1022.749836,1023.621691,1024.496539,1025.374852,1026.256082,1027.140570,1028.028312,1028.919241,1029.813504,1030.711054,1031.611811,1032.515883,1033.423294,1034.334014,1035.248135,1036.165574,1037.086397,1038.010617,1038.938287,1039.869421,1040.803933,1041.741907,1042.683360,1043.628307,1044.576781,1045.528757,1046.484294,1047.443476,1048.406142,1049.372424,1050.342333,1051.315976,1052.293118,1053.274042,1054.258699,1055.246819,1056.238817,1057.234423,1058.233800,1059.236937,1060.243858,1061.254580,1062.269232,1063.287616,1064.309864,1065.335974,1066.365974,1067.400060,1068.438109,1069.480002,1070.525988,1071.575797,1072.629528,1073.687376,1074.749282,1075.815164,1076.885127,1077.959193,1079.037500,1080.119893,1081.206595,1082.297265,1083.392135,1084.491227,1085.594622,1086.702301,1087.814178,1088.930358,1090.050862,1091.175745,1092.304959,1093.438558,1094.576566,1095.719239,1096.866139,1098.017499,1099.173353,1100.333722,1101.498655,1102.668121,1103.842340,1105.020993,1106.204283,1107.392242,1108.584914,1109.782209,1110.984221,1112.191105,1113.402621,1114.618925,1115.840039,1117.065987,1118.296793,1119.532856,1120.773450,1122.018979,1123.269735,1124.525329,1125.785788,1127.051542,1128.322081,1129.597697,1130.878415,1132.164384,1133.455559,1134.751736,1136.053117,1137.359706,1138.671572,1139.988748,1141.311203,1142.639059,1143.972209,1145.310745,1146.654668,1148.004086,1149.358945,1150.719332,1152.085328,1153.456755,1154.833760,1156.216370,1157.604614,1158.998519,1160.398114,1161.803428,1163.214577,1164.631414,1166.054194,1167.482659,1168.916998,1170.357229,1171.803382,1173.255487,1174.713573,1176.177602,1177.647742,1179.123967,1180.606283,1182.094732,1183.589345,1185.090154,1186.597190,1188.110679,1189.630263,1191.156169,1192.688428,1194.227072,1195.772300,1197.323813,1198.881869,1200.446409,1202.017502,1203.595239,1205.179514,1206.770521,1208.368109,1209.972414,1211.583573,1213.201419,1214.826078,1216.457591,1218.095894,1219.741218,1221.393608,1223.052885,1224.719192,1226.392564,1228.073037,1229.760647,1231.455458,1233.157452,1234.866693,1236.583218,1238.307064,1240.038267,1241.776867,1243.522899,1245.276403,1247.037448,1248.806009,1250.582156,1252.365928,1254.157363,1255.956502,1257.763285,1259.577946,1261.400429,1263.231216,1265.069462,1266.915651,1268.769821,1270.632088,1272.502346,1274.380667,1276.267177,1278.161874,1280.064801,1281.976032,1283.895546,1285.823415,1287.759684,1289.704413,1291.657610,1293.619335,1295.589632,1297.568545,1299.556117,1301.552394,1303.557425,1305.571403,1307.594059,1309.625598,1311.666065,1313.715506,1315.773884,1317.841410,1319.918102,1322.003897
869.578843,869.929371,870.280643,870.633171,870.986922,871.341330,871.697019,872.053755,872.411292,872.769834,873.129770,873.490459,873.852339,874.215209,874.579131,874.944169,875.310221,875.677430,876.045664,876.414774,876.784863,877.156096,877.528464,877.902010,878.276855,878.652580,879.029456,879.407528,879.786465,880.166514,880.547646,880.929872,881.313219,881.697704,882.083310,882.470100,882.858051,883.247069,883.637272,884.028749,884.421407,884.814998,885.209794,885.606033,886.003244,886.401748,886.801313,887.201939,887.604212,888.007378,888.411649,888.817278,889.223775,889.631638,890.040750,890.450996,890.862625,891.275538,891.689523,892.104783,892.521147,892.938942,893.357978,893.778202,894.199668,894.622374,895.046687,895.471986,895.898657,896.326594,896.755746,897.186164,897.617968,898.051004,898.485514,898.921062,899.358243,899.796691,900.236285,900.677243,901.119606,901.563248,902.008190,902.454507,902.902704,903.351774,903.802215,904.254045,904.707313,905.161988,905.618084,906.075600,906.534795,906.995006,907.456487,907.919497,908.383892,908.849795,909.316973,909.785753,910.255930,910.727478,911.200576,911.675134,912.151165,912.628620,913.107628,913.587974,914.069796,914.553254,915.038215,915.524678,916.012664,916.502172,916.993298,917.485942,917.980050,918.475799,918.973096,919.471979,919.972320,920.474220,920.977764,921.482888,921.989537,922.497784,923.007683,923.519133,924.032217,924.546960,925.063264,925.581203,926.100793,926.622057,927.144948,927.669499,928.195597,928.723636,929.253208,929.784494,930.317447,930.852117,931.388499,931.926530,932.466397,933.007922,933.551279,934.096331,934.643088,935.191597,935.741869,936.293911,936.847887,937.403457,937.960855,938.519933,939.081200,939.644021,940.208748,940.775226,941.343432,941.913594,942.485600,943.059498,943.635231,944.213017,944.792508,945.373962,945.957243,946.542412,947.129512,947.718566,948.309466,948.902357,949.497194,950.093985,950.692803,951.293643,951.896425,952.501233,953.107972,953.716616,954.327317,954.940050,955.554733,956.171520,956.790347,957.411234,958.034265,958.659552,959.286656,959.915848,960.547131,961.180669,961.816380,962.454019,963.094193,963.736109,964.380193,965.026340,965.674768,966.325346,966.978113,967.633077,968.290409,968.949797,969.611309,970.275135,970.941188,971.609792,972.280408,972.953380,973.628554,974.306023,974.985795,975.667994,976.352557,977.039301,977.728545,978.419987,979.113793,979.810033,980.508593,981.209553,981.912918,982.618698,983.327108,984.037694,984.750855,985.466509,986.184609,986.905108,987.628243,988.353753,989.081755,989.812321,990.545376,991.281110,992.019273,992.760004,993.503331,994.249231,994.997733,995.748849,996.502593,997.259025,998.017999,998.779726,999.544083,1000.311147,1001.080883,1001.853249,1002.628412,1003.406404,1004.187043,1004.970437,1005.756656,1006.545696,1007.337518,1008.132270,1008.929631,1009.729855,1010.532834,1011.338902,1012.147664,1012.959307,1013.773920,1014.591367,1015.411758,1016.235060,1017.061309,1017.890554,1018.722844,1019.558075,1020.396249,1021.237476,1022.081451,1022.928706,1023.779022,1024.632469,1025.489043,1026.348924,1027.211564,1028.077371,1028.946355,1029.818517,1030.693810,1031.572320,1032.454062,1033.338931,1034.227078,1035.118408,1036.013007,1036.910928,1037.812089,1038.716552,1039.624335,1040.535484,1041.450019,1042.367849,1043.289060,1044.213666,1045.141663,1046.073138,1047.008027,1047.946385,1048.888303,1049.833644,1050.782469,1051.734857,1052.690894,1053.650342,1054.613532,1055.580275,1056.550473,1057.524393,1058.501865,1059.483018,1060.467841,1061.456358,1062.448585,1063.444650,1064.444356,1065.447832,1066.455078,1067.466121,1068.481155,1069.500058,1070.522710,1071.549301,1072.579736,1073.613938,1074.652159,1075.694254,1076.740400,1077.790444,1078.844489,1079.902677,1080.964913,1082.031232,1083.101480,1084.175827,1085.254292,1086.336959,1087.423805,1088.514746,1089.609884,1090.709241,1091.812837,1092.920727,1094.032862,1095.149296,1096.270288,1097.395399,1098.524860,1099.658705,1100.796955,1101.939657,1103.086782,1104.238547,1105.394632,1106.555242,1107.720388,1108.890170,1110.064440,1111.243312,1112.426808,1113.615081,1114.807893,1116.005397,1117.207615,1118.414572,1119.626575,1120.843169,1122.064479,1123.290628,1124.522043,1125.757920,1126.998969,1128.244677,1129.495336,1130.750971,1132.011607,1133.277391,1134.548279,1135.824064,1137.104952,1138.390938,1139.682099,1140.978463,1142.280000,1143.586832,1144.898850,1146.216146,1147.538720,1148.866680,1150.199971,1151.538680,1152.882887,1154.232413,1155.587404,1156.947889,1158.313893,1159.685445,1161.062572,1162.445303,1163.833753,1165.227774,1166.627621,1168.033036,1169.444205,1170.861148,1172.283894,1173.712471,1175.146908,1176.587167,1178.033414,1179.485623,1180.943799,1182.407985,1183.878210,1185.354505,1186.836901,1188.325623,1189.820312,1191.321195,1192.828302,1194.341665,1195.861481,1197.387452,1198.919833,1200.458566,1202.003686,1203.555288,1205.113449,1206.678112,1208.249221,1209.826909,1211.411314,1213.002268,1214.599897,1216.204239,1217.815231,1219.433104,1221.057900,1222.689441,1224.327868,1225.973216,1227.625521,1229.284817,1230.951140,1232.624554,1234.305039,1235.992660,1237.687452,1239.389451,1241.098696,1242.815222,1244.539066,1246.270298,1248.008892,1249.754917,1251.508411,1253.269412,1255.037958,1256.814088,1258.597743,1260.389157,1262.188271,1263.995568,1265.810202,1267.632655,1269.463041,1271.301253,1273.147404,1275.001494,1276.863645,1278.733858,1280.612174,1282.498666,1284.393312,1286.296185,1288.207328,1290.126800,1292.054608,1293.990814,1295.935459,1297.888587,1299.850241,1301.820465,1303.799308,1305.786961,1307.783157,1309.788099,1311.801831,1313.824399,1315.855764,1317.896137,1319.945536,1322.003897
874.545232,874.893431,875.242850,875.593345,875.944757,876.297090,876.650632,877.005051,877.360552,877.717212,878.074744,878.433215,878.792732,879.153400,879.515155,879.877919,880.241344,880.605961,880.971797,881.338651,881.706712,882.075647,882.445851,882.817151,883.189241,883.562448,883.936757,884.312121,884.688551,885.066242,885.444872,885.824614,886.205558,886.587412,886.970486,887.354920,887.740328,888.126857,888.514359,888.903353,889.293383,889.684323,890.076592,890.469880,890.864494,891.260446,891.657239,892.055278,892.454298,892.854608,893.256076,893.658776,894.062810,894.467841,894.874085,895.281588,895.690209,896.100155,896.511227,896.923607,897.337057,897.751871,898.167768,898.585230,899.003802,899.423593,899.844814,900.266946,900.690700,901.115434,901.541473,901.968830,902.397542,902.827463,903.258815,903.691255,904.125032,904.560116,904.996615,905.434253,905.873625,906.314040,906.755734,907.198766,907.643217,908.089106,908.536316,908.984749,909.434866,909.886220,910.338644,910.792557,911.247931,911.704542,912.162511,912.622021,913.082906,913.545195,914.008833,914.473972,914.940579,915.408489,915.877926,916.348832,916.820901,917.294686,917.769900,918.246612,918.724821,919.204484,919.685712,920.168359,920.652572,921.138207,921.625454,922.114313,922.604471,923.096173,923.589433,924.084330,924.580645,925.078509,925.578002,926.078981,926.581531,927.085656,927.591414,928.098700,928.607573,929.118057,929.630167,930.143869,930.659190,931.176145,931.694742,932.214958,932.736846,933.260386,933.785565,934.312399,934.840915,935.371235,935.903103,936.436689,936.971947,937.508916,938.047591,938.588177,939.130218,939.674115,940.219672,940.767011,941.316192,941.867104,942.419775,942.974219,943.530402,944.088325,944.648084,945.209659,945.773046,946.338253,946.905360,947.474407,948.045119,948.617680,949.192094,949.768360,950.346516,950.926535,951.508460,952.092280,952.678004,953.265821,953.855446,954.447112,955.040531,955.635894,956.233163,956.832437,957.433691,958.036889,958.642045,959.249234,959.858574,960.469839,961.083204,961.698454,962.315732,962.935059,963.556777,964.180218,964.805808,965.433718,966.063476,966.695230,967.329011,967.964989,968.603099,969.243339,969.885720,970.530408,971.177097,971.825953,972.476857,973.130250,973.785699,974.443318,975.103232,975.765288,976.429648,977.096180,977.765160,978.436207,979.109525,979.785281,980.463171,981.143423,981.825926,982.510745,983.197899,983.887394,984.579241,985.273652,985.970301,986.669286,987.370639,988.074499,988.780685,989.489408,990.200434,990.913925,991.629891,992.348283,993.069148,993.792633,994.518488,995.246870,995.977755,996.711171,997.447130,998.185647,998.926724,999.670433,1000.416606,1001.165504,1001.916955,1002.671052,1003.427680,1004.187031,1004.949125,1005.713815,1006.481173,1007.251296,1008.024115,1008.799687,1009.577888,1010.359175,1011.142870,1011.929225,1012.718405,1013.510610,1014.305440,1015.103161,1015.903634,1016.706972,1017.513139,1018.322172,1019.134217,1019.949021,1020.766795,1021.587460,1022.411019,1023.237522,1024.066736,1024.899168,1025.734659,1026.573164,1027.414903,1028.259355,1029.106805,1029.957385,1030.811055,1031.667768,1032.527555,1033.390504,1034.256610,1035.125768,1035.998126,1036.873591,1037.752249,1038.634151,1039.519214,1040.407503,1041.299065,1042.193848,1043.091970,1043.993308,1044.897946,1045.805899,1046.717161,1047.631820,1048.549820,1049.471189,1050.396044,1051.324237,1052.255832,1053.190906,1054.129543,1055.071506,1056.017126,1056.966213,1057.918693,1058.874741,1059.834330,1060.797456,1061.764192,1062.734526,1063.708482,1064.686185,1065.667440,1066.652374,1067.640987,1068.633341,1069.629521,1070.629514,1071.633268,1072.640658,1073.651901,1074.666817,1075.685657,1076.708276,1077.734849,1078.765223,1079.799501,1080.837825,1081.880098,1082.926355,1083.976442,1085.030528,1086.088632,1087.150836,1088.217118,1089.287393,1090.361762,1091.440248,1092.522868,1093.609678,1094.700628,1095.795773,1096.895368,1097.998977,1099.106828,1100.218955,1101.335380,1102.456147,1103.581228,1104.710668,1105.844660,1106.982893,1108.125539,1109.272642,1110.424290,1111.580335,1112.740889,1113.906106,1115.075746,1116.249962,1117.428776,1118.612211,1119.800289,1120.993409,1122.190841,1123.392991,1124.600288,1125.811926,1127.028344,1128.249836,1129.475887,1130.706791,1131.942570,1133.183249,1134.429153,1135.679704,1136.935228,1138.195752,1139.461270,1140.731859,1142.007547,1143.288303,1144.574248,1145.865273,1147.161470,1148.462837,1149.769481,1151.081383,1152.398527,1153.721091,1155.048865,1156.381993,1157.720503,1159.064421,1160.413774,1161.768589,1163.128893,1164.494803,1165.866169,1167.243244,1168.625772,1170.013937,1171.407758,1172.807263,1174.212481,1175.623440,1177.040100,1178.462628,1179.890997,1181.325211,1182.765311,1184.211328,1185.663290,1187.121228,1188.585368,1190.055349,1191.531396,1193.013541,1194.501814,1195.996411,1197.497032,1199.003936,1200.517058,1202.036438,1203.562166,1205.094322,1206.632845,1208.177680,1209.728960,1211.286820,1212.851093,1214.421904,1215.999290,1217.583286,1219.173826,1220.771248,1222.375274,1223.986045,1225.603595,1227.227957,1228.859168,1230.497261,1232.142299,1233.794263,1235.453215,1237.119191,1238.792226,1240.472357,1242.159619,1243.854049,1245.555683,1247.264591,1248.980744,1250.704213,1252.435034,1254.173245,1255.918883,1257.671889,1259.432496,1261.200645,1262.976373,1264.760164,1266.551170,1268.349873,1270.156387,1271.970602,1273.792632,1275.622477,1277.460258,1279.305974,1281.159667,1283.021409,1284.891177,1286.769043,1288.655068,1290.549257,1292.451669,1294.362347,1296.281333,1298.208669,1300.144398,1302.088563,1304.041213,1306.002538,1307.972269,1309.950610,1311.937604,1313.933296,1315.937646,1317.950865,1319.972971,1322.003897
879.544076,879.890171,880.237491,880.585769,880.935060,881.285168,881.636417,881.988588,882.341734,882.696000,883.051365,883.407639,883.764641,884.122687,884.481955,884.842224,885.203671,885.565980,885.929486,886.294104,886.659527,887.025996,887.393536,887.762104,888.131880,888.502701,888.874436,889.247169,889.621120,889.996001,890.372204,890.749576,891.127829,891.507252,891.887775,892.269469,892.652314,893.036132,893.421113,893.807145,894.194406,894.582872,894.972529,895.363099,895.754748,896.147564,896.541570,896.936776,897.333005,897.730520,898.129096,898.528987,898.930068,899.332105,899.735415,900.139998,900.545620,900.952573,901.360601,901.770102,902.180710,902.592650,903.005868,903.419947,903.835345,904.251996,904.669975,905.089087,905.509402,905.931186,906.354222,906.778245,907.203634,907.630398,908.058306,908.487808,908.918310,909.350104,909.783365,910.217751,910.653512,911.090647,911.529019,911.968656,912.409761,912.852252,913.296042,913.740929,914.187243,914.634870,915.083865,915.534212,915.985975,916.439013,916.893505,917.349342,917.806602,918.265167,918.725213,919.186666,919.649444,920.113566,920.579228,921.046346,921.514895,921.984905,922.456331,922.929302,923.403690,923.879502,924.356824,924.835635,925.315951,925.797631,926.280800,926.765488,927.251775,927.739441,928.228692,928.719402,929.211600,929.705353,930.200687,930.697509,931.195866,931.695777,932.197259,932.700326,933.204945,933.711151,934.218904,934.728323,935.239314,935.751913,936.266103,936.781965,937.299506,937.818528,938.339213,938.861590,939.385543,939.911174,940.438665,940.967626,941.498263,942.030504,942.564555,943.100222,943.637752,944.176831,944.717767,945.260328,945.804685,946.350708,946.898427,947.447901,947.999179,948.552294,949.107111,949.663707,950.222269,950.782449,951.344426,951.908217,952.473806,953.041186,953.610484,954.181587,954.754537,955.329457,955.906123,956.484968,957.065392,957.647692,958.231885,958.817934,959.405949,959.995883,960.587691,961.181466,961.777177,962.374943,962.974625,963.576355,964.179909,964.785452,965.393182,966.002853,966.614471,967.228024,967.843921,968.461613,969.081244,969.702847,970.326592,970.952412,971.580307,972.210284,972.842514,973.476687,974.112969,974.751417,975.391946,976.034648,976.679494,977.326510,977.975713,978.627018,979.280661,979.936384,980.594267,981.254360,981.916674,982.581375,983.248218,983.917251,984.588537,985.262097,985.937934,986.616130,987.296756,987.979488,988.664561,989.351937,990.041668,990.733835,991.428386,992.125175,992.824361,993.525957,994.229912,994.936277,995.645180,996.356419,997.070076,997.786185,998.504756,999.225801,999.949330,1000.675358,1001.403887,1002.134989,1002.868496,1003.604667,1004.343331,1005.084503,1005.828302,1006.574770,1007.323760,1008.075418,1008.829621,1009.586520,1010.346109,1011.108226,1011.873306,1012.640839,1013.411001,1014.183758,1014.959276,1015.737753,1016.518865,1017.302653,1018.089202,1018.878548,1019.670658,1020.465665,1021.263420,1022.063964,1022.867449,1023.673680,1024.482773,1025.294506,1026.109353,1026.927186,1027.748059,1028.571862,1029.398403,1030.227857,1031.060356,1031.895799,1032.734316,1033.575763,1034.420231,1035.267787,1036.118426,1036.972081,1037.828785,1038.688559,1039.551498,1040.417509,1041.286653,1042.158945,1043.034434,1043.913067,1044.794960,1045.679991,1046.568243,1047.459731,1048.354449,1049.252483,1050.153778,1051.058360,1051.966371,1052.877592,1053.792154,1054.710114,1055.631554,1056.556282,1057.484491,1058.416130,1059.351075,1060.289505,1061.231389,1062.176723,1063.125581,1064.077950,1065.033853,1065.993311,1066.956441,1067.923045,1068.893262,1069.867118,1070.844780,1071.825994,1072.811007,1073.799535,1074.791823,1075.787691,1076.787319,1077.790774,1078.798018,1079.808968,1080.823727,1081.842434,1082.864996,1083.891341,1084.921625,1085.955706,1086.993707,1088.035647,1089.081691,1090.131564,1091.185431,1092.243313,1093.305228,1094.371232,1095.441271,1096.515402,1097.593881,1098.676267,1099.762792,1100.853487,1101.948372,1103.047469,1104.150822,1105.258402,1106.370424,1107.486579,1108.607037,1109.731842,1110.861080,1111.994605,1113.132527,1114.274867,1115.421780,1116.573024,1117.728751,1118.888984,1120.053744,1121.223338,1122.397311,1123.575787,1124.759164,1125.947034,1127.139427,1128.336772,1129.538558,1130.745074,1131.956343,1133.172389,1134.393359,1135.619207,1136.849726,1138.085116,1139.325380,1140.570585,1141.820733,1143.075878,1144.336055,1145.601182,1146.871350,1148.146558,1149.426885,1150.712356,1152.002976,1153.298850,1154.599798,1155.905966,1157.217380,1158.534064,1159.856046,1161.183352,1162.516008,1163.854195,1165.197567,1166.546434,1167.900898,1169.260698,1170.626021,1171.996883,1173.373313,1174.755339,1176.142987,1177.536218,1178.935198,1180.339899,1181.750324,1183.166514,1184.588499,1186.016308,1187.449969,1188.889708,1190.335164,1191.786561,1193.243929,1194.707300,1196.176867,1197.652331,1199.133949,1200.621657,1202.115491,1203.615544,1205.121893,1206.634478,1208.153242,1209.678318,1211.209840,1212.747634,1214.291842,1215.842483,1217.399598,1218.963119,1220.533383,1222.110113,1223.693447,1225.283419,1226.880064,1228.483414,1230.093504,1231.710396,1233.334069,1234.964585,1236.601979,1238.246286,1239.897541,1241.555779,1243.221037,1244.893349,1246.572783,1248.259313,1249.953005,1251.653897,1253.362025,1255.077426,1256.800138,1258.530099,1260.267543,1262.012409,1263.765178,1265.525004,1267.292366,1269.067304,1270.849930,1272.640134,1274.437990,1276.243617,1278.057015,1279.878223,1281.707314,1283.544262,1285.389141,1287.241990,1289.102869,1290.971783,1292.848791,1294.733934,1296.627253,1298.528791,1300.438588,1302.356695,1304.283140,1306.218132,1308.161395,1310.113131,1312.073384,1314.042197,1316.019531,1318.005595,1320.000406,1322.003897
884.575489,884.919379,885.264447,885.610284,885.957079,886.305125,886.653977,887.003867,887.354566,887.706163,888.059063,888.412857,888.767630,889.123397,889.480448,889.838399,890.197215,890.557125,890.918040,891.280086,891.642962,892.006829,892.371768,892.737730,893.104882,893.472989,893.842149,894.212470,894.583788,894.956167,895.329732,895.704439,896.080177,896.456833,896.834634,897.213659,897.593540,897.974911,898.357219,898.740529,899.124728,899.510317,899.896895,900.284583,900.673355,901.063380,901.454628,901.846958,902.240269,902.634788,903.030349,903.427251,903.825157,904.224359,904.624701,905.025986,905.429262,905.833186,906.238282,906.644511,907.051896,907.460720,907.870515,908.281548,908.693809,909.107439,909.522126,909.938117,910.355249,910.773613,911.193190,911.614375,912.036550,912.459906,912.884651,913.310527,913.737659,914.166080,914.595906,915.026939,915.459350,915.893107,916.328161,916.764207,917.201682,917.640494,918.080567,918.521987,918.964616,919.408647,919.854106,920.300785,920.748890,921.198330,921.649106,922.101254,922.554802,923.009471,923.465756,923.923440,924.382513,924.842987,925.304881,925.768248,926.232946,926.699106,927.166633,927.635659,928.106157,928.578104,929.051378,929.526131,930.002438,930.480152,930.959280,931.439873,931.921917,932.405465,932.890504,933.377093,933.865130,934.354663,934.845712,935.338312,935.832547,936.328185,936.825215,937.323956,937.824276,938.326103,938.829530,939.334665,939.841210,940.349343,940.859053,941.370351,941.883249,942.397924,942.914042,943.431787,943.951151,944.472148,944.994705,945.519031,946.045052,946.572646,947.101916,947.632943,948.165592,948.699889,949.235933,949.773519,950.312870,950.854051,951.396880,951.941436,952.487727,953.035934,953.585715,954.137251,954.690550,955.245601,955.802395,956.361060,956.921482,957.483703,958.047902,958.613930,959.181659,959.751160,960.322488,960.895659,961.470650,962.047547,962.626359,963.206927,963.789385,964.373874,964.960226,965.548423,966.138534,966.730901,967.324863,967.920762,968.518830,969.118629,969.720390,970.324527,970.930236,971.537932,972.147512,972.759167,973.372901,973.988624,974.606376,975.226325,975.848161,976.472315,977.098049,977.726106,978.356288,978.988556,979.622846,980.259243,980.897909,981.538546,982.181359,982.826272,983.473337,984.122562,984.774115,985.427750,986.083514,986.741476,987.401640,988.064095,988.728707,989.395759,990.064851,990.736283,991.409855,992.085743,992.764116,993.444582,994.127387,994.812472,995.499939,996.189682,996.881769,997.576222,998.273156,998.972336,999.673901,1000.377862,1001.084228,1001.793011,1002.504224,1003.217871,1003.934020,1004.652522,1005.373587,1006.097090,1006.823030,1007.551527,1008.282622,1009.016155,1009.752309,1010.490925,1011.232248,1011.975990,1012.722465,1013.471379,1014.223105,1014.977237,1015.733995,1016.493285,1017.255325,1018.020232,1018.787612,1019.557676,1020.330438,1021.106031,1021.884223,1022.665182,1023.448891,1024.235384,1025.024582,1025.816558,1026.611333,1027.408586,1028.209153,1029.012589,1029.818872,1030.627812,1031.439622,1032.254311,1033.071903,1033.892483,1034.715908,1035.542270,1036.371581,1037.203909,1038.039246,1038.877527,1039.718782,1040.563035,1041.410378,1042.260718,1043.114117,1043.970589,1044.830182,1045.692841,1046.558685,1047.427590,1048.299639,1049.174824,1050.053204,1050.934809,1051.819578,1052.707564,1053.598899,1054.493363,1055.391089,1056.292130,1057.196570,1058.104217,1059.015449,1059.929655,1060.847360,1061.768286,1062.692672,1063.620423,1064.551613,1065.486230,1066.424294,1067.365826,1068.310944,1069.259449,1070.211478,1071.167058,1072.126357,1073.089118,1074.055587,1075.025482,1075.999046,1076.976100,1077.956820,1078.941277,1079.929343,1080.921195,1081.916676,1082.916012,1083.919107,1084.925954,1085.936517,1086.950845,1087.968997,1088.990989,1090.016904,1091.046719,1092.080345,1093.117886,1094.159360,1095.204823,1096.254221,1097.307609,1098.365243,1099.426683,1100.492157,1101.561698,1102.635325,1103.713059,1104.794945,1105.880950,1106.971121,1108.065661,1109.164224,1110.267025,1111.374133,1112.485456,1113.601048,1114.720948,1115.845308,1116.973888,1118.106839,1119.244183,1120.385941,1121.532134,1122.683160,1123.838289,1124.997925,1126.162495,1127.331192,1128.504456,1129.682576,1130.865040,1132.052138,1133.243893,1134.440326,1135.641763,1136.847625,1138.058235,1139.273620,1140.493773,1141.718768,1142.948635,1144.183339,1145.423001,1146.667509,1147.916956,1149.171338,1150.430761,1151.695204,1152.964650,1154.239276,1155.518870,1156.803576,1158.093419,1159.388425,1160.688620,1161.994028,1163.304676,1164.620744,1165.941885,1167.268409,1168.600417,1169.937649,1171.280289,1172.628353,1173.981871,1175.340867,1176.705371,1178.075339,1179.450939,1180.832142,1182.218949,1183.611403,1185.009530,1186.413361,1187.822922,1189.238339,1190.659550,1192.086479,1193.519256,1194.957908,1196.402534,1197.853128,1199.309650,1200.772135,1202.240618,1203.715190,1205.195929,1206.682774,1208.175667,1209.674740,1211.180126,1212.691652,1214.209458,1215.733563,1217.264006,1218.800719,1220.343933,1221.893688,1223.449802,1225.012417,1226.581563,1228.157275,1229.739586,1231.328530,1232.924166,1234.526475,1236.135519,1237.751330,1239.373944,1241.003395,1242.639718,1244.282948,1245.933120,1247.590301,1249.254463,1250.925674,1252.603969,1254.289385,1255.981957,1257.681723,1259.388621,1261.102884,1262.824450,1264.553800,1266.290087,1268.033790,1269.785021,1271.543671,1273.309850,1275.083558,1276.864914,1278.653916,1280.450603,1282.255048,1284.067224,1285.887203,1287.715026,1289.550750,1291.394381,1293.245975,1295.105574,1296.973220,1298.848952,1300.732812,1302.624848,1304.525090,1306.433744,1308.350534,1310.275662,1312.209171,1314.151103,1316.101418,1318.060326,1320.027841,1322.003897
889.638888,889.980618,890.323142,890.666878,891.011104,891.356522,891.702844,892.050233,892.398615,892.747993,893.098486,893.450074,893.802367,894.155705,894.510011,894.865247,895.221507,895.578796,895.937031,896.296286,896.656649,897.017858,897.380198,897.743671,898.108111,898.473998,898.840484,899.207990,899.576701,899.946334,900.317026,900.689093,901.062008,901.436101,901.811274,902.187433,902.564486,902.942565,903.321850,903.702228,904.083719,904.466359,904.850016,905.234988,905.620820,906.007822,906.395849,906.785096,907.175546,907.567248,907.959940,908.353523,908.748944,909.144961,909.542294,909.940797,910.340332,910.741094,911.142998,911.546155,911.950400,912.355816,912.762532,913.170525,913.579417,913.989584,914.401441,914.814052,915.227910,915.642953,916.059275,916.476769,916.895497,917.315429,917.736791,918.159300,918.583151,919.008182,919.434566,919.862115,920.290872,920.720964,921.152238,921.584840,922.018613,922.453872,922.890279,923.328068,923.767070,924.207482,924.649143,925.092195,925.536550,925.982157,926.429093,926.877501,927.327255,927.778374,928.230868,928.684765,929.139971,929.596624,930.054604,930.513956,930.974795,931.437023,931.900688,932.365644,932.832238,933.300052,933.769268,934.239914,934.711996,935.185505,935.660476,936.136948,936.614839,937.094187,937.574993,938.057276,938.541201,939.026486,939.513216,940.001353,940.491162,940.982557,941.475383,941.969751,942.465593,942.962997,943.461966,943.962388,944.464601,944.968180,945.473302,945.980018,946.488320,946.998199,947.509591,948.022659,948.537582,949.053824,949.571722,950.091213,950.612458,951.135245,951.659674,952.185777,952.713466,953.242862,953.773928,954.306669,954.841088,955.377380,955.915190,956.454703,956.995926,957.538866,958.083460,958.629854,959.178022,959.728071,960.279701,960.833278,961.388434,961.945429,962.504149,963.064648,963.627019,964.191087,964.756975,965.324700,965.894214,966.465651,967.038929,967.613999,968.190925,968.769906,969.350708,969.933328,970.517894,971.104214,971.692435,972.282650,972.875022,973.468997,974.064906,974.662697,975.262407,975.864194,976.467918,977.073616,977.681457,978.291395,978.903067,979.516562,980.132329,980.750127,981.369886,981.991680,982.615679,983.241582,983.869553,984.499643,985.131775,985.766001,986.402330,987.040997,987.681549,988.324240,988.969139,989.616112,990.265246,990.916749,991.570224,992.225884,992.883839,993.543839,994.206109,994.870721,995.537526,996.206526,996.877743,997.551280,998.227028,998.905056,999.585391,1000.268127,1000.953061,1001.640308,1002.329886,1003.021803,1003.716070,1004.412697,1005.111699,1005.813077,1006.516902,1007.223005,1007.931646,1008.642574,1009.356036,1010.072004,1010.790414,1011.511216,1012.234506,1012.960422,1013.688823,1014.419594,1015.152900,1015.888722,1016.627295,1017.368213,1018.111590,1018.857590,1019.606411,1020.357730,1021.111583,1021.868158,1022.627266,1023.389043,1024.153526,1024.920604,1025.690422,1026.462880,1027.238032,1028.015904,1028.796505,1029.579794,1030.365977,1031.155053,1031.946677,1032.741105,1033.538365,1034.338377,1035.141271,1035.947044,1036.755612,1037.567047,1038.381360,1039.198704,1040.018855,1040.841886,1041.667847,1042.496754,1043.328669,1044.163506,1045.001330,1045.842151,1046.686020,1047.532881,1048.382852,1049.235807,1050.091830,1050.950914,1051.813116,1052.678466,1053.546902,1054.418501,1055.293323,1056.171220,1057.052298,1057.936613,1058.824146,1059.715128,1060.609271,1061.506428,1062.407002,1063.310715,1064.217806,1065.128179,1066.041907,1066.958978,1067.879417,1068.803230,1069.730547,1070.661166,1071.595224,1072.532918,1073.474005,1074.418428,1075.366640,1076.318062,1077.273128,1078.231594,1079.193637,1080.159326,1081.128534,1082.101436,1083.077876,1084.058078,1085.041946,1086.029474,1087.020623,1088.015444,1089.013993,1090.016287,1091.022408,1092.032334,1093.045973,1094.063430,1095.084723,1096.109906,1097.138925,1098.171835,1099.208890,1100.249651,1101.294345,1102.343005,1103.395649,1104.452296,1105.512993,1106.577705,1107.646479,1108.719516,1109.796471,1110.877559,1111.962775,1113.052242,1114.145798,1115.243555,1116.345531,1117.451881,1118.562360,1119.677121,1120.796185,1121.919572,1123.047589,1124.179778,1125.316263,1126.457580,1127.602903,1128.752676,1129.907191,1131.065933,1132.229190,1133.396987,1134.569344,1135.746407,1136.928130,1138.114304,1139.305131,1140.500628,1141.700797,1142.905709,1144.115392,1145.329812,1146.549089,1147.773111,1149.001968,1150.235659,1151.474287,1152.717830,1153.966273,1155.219790,1156.478171,1157.741556,1159.009973,1160.283444,1161.561996,1162.845654,1164.134442,1165.428542,1166.727603,1168.031938,1169.341644,1170.656462,1171.976576,1173.302001,1174.632765,1175.968894,1177.310415,1178.657286,1180.009671,1181.367543,1182.730902,1184.099788,1185.474230,1186.854256,1188.239893,1189.631264,1191.028308,1192.430948,1193.839312,1195.253430,1196.673397,1198.099208,1199.530761,1200.968271,1202.411593,1203.860878,1205.316200,1206.777500,1208.244718,1209.717987,1211.197335,1212.682898,1214.174505,1215.672279,1217.176257,1218.686371,1220.202851,1221.725736,1223.254845,1224.790316,1226.332182,1227.880475,1229.435227,1230.996472,1232.564269,1234.138598,1235.719518,1237.307064,1238.901268,1240.502165,1242.109789,1243.724173,1245.345353,1246.973394,1248.608268,1250.250042,1251.898750,1253.554428,1255.217112,1256.886836,1258.563540,1260.247455,1261.938518,1263.637210,1265.342682,1267.055414,1268.775442,1270.502877,1272.237609,1273.979750,1275.729296,1277.486367,1279.250961,1281.023116,1282.802902,1284.590295,1286.385364,1288.188150,1289.998710,1291.817048,1293.643221,1295.477269,1297.319233,1299.169152,1301.027069,1302.893029,1304.767062,1306.649373,1308.539687,1310.438204,1312.344965,1314.260013,1316.183308,1318.115057,1320.055276,1322.003897
894.734385,895.073402,895.413565,895.754556,896.096654,896.439700,896.783959,897.128887,897.474756,897.821587,898.169325,898.518021,898.867737,899.218353,899.570045,899.922650,900.276229,900.630764,900.986490,901.343126,901.700972,902.059773,902.419414,902.780045,903.141921,903.504623,903.868536,904.233522,904.599337,904.966508,905.334501,905.703463,906.073381,906.444296,906.816468,907.189650,907.563777,907.939124,908.315701,908.693111,909.071594,909.451160,909.831923,910.213695,910.596744,910.980701,911.365775,911.751840,912.139484,912.528029,912.917683,913.308351,913.700117,914.093170,914.487300,914.882577,915.278927,915.676460,916.075172,916.475256,916.876104,917.278329,917.681981,918.086473,918.492098,918.898954,919.307003,919.716295,920.126732,920.538340,920.951305,921.365437,921.780913,922.197440,922.615334,923.034524,923.454597,923.876009,924.298718,924.722589,925.147763,925.574118,926.001734,926.430694,926.860831,927.292340,927.725098,928.159135,928.594472,929.031005,929.468888,929.908156,930.348739,930.790620,931.233841,931.678414,932.124375,932.571602,933.020236,933.470142,933.921472,934.374197,934.828295,935.283722,935.740472,936.198716,936.658202,937.119074,937.581344,938.044999,938.510074,938.976560,939.444509,939.913840,940.384579,940.856903,941.330526,941.805614,942.282104,942.759957,943.239512,943.720461,944.202899,944.686779,945.172116,945.659009,946.147342,946.637316,947.128649,947.621495,948.115860,948.611729,949.109158,949.608118,950.108623,950.610840,951.114451,951.619634,952.126346,952.634662,953.144562,953.656104,954.169256,954.683991,955.200173,955.718027,956.237545,956.758685,957.281460,957.805875,958.332114,958.859827,959.389198,959.920236,960.452945,960.987263,961.523393,962.061311,962.600778,963.142138,963.685024,964.229630,964.776029,965.324171,965.873992,966.425547,966.978815,967.533890,968.090735,968.649422,969.209843,969.772036,970.336231,970.902028,971.469726,972.039307,972.610575,973.183820,973.758768,974.335651,974.914633,975.495159,976.077560,976.661842,977.247954,977.835974,978.425940,979.017830,979.611817,980.207719,980.805487,981.405103,982.006681,982.610197,983.215756,983.823357,984.432832,985.044303,985.657777,986.273263,986.890812,987.510347,988.131919,988.755704,989.381437,990.009165,990.639043,991.270932,991.904906,992.540983,993.179369,993.819670,994.462196,995.106757,995.753460,996.402258,997.053372,997.706664,998.362083,999.019665,999.679442,1000.341407,1001.005608,1001.672018,1002.340783,1003.011682,1003.684832,1004.360247,1005.037938,1005.717914,1006.400185,1007.084765,1007.771657,1008.460928,1009.152428,1009.846367,1010.542542,1011.241184,1011.942264,1012.645718,1013.351495,1014.059778,1014.770585,1015.483616,1016.199086,1016.917033,1017.637400,1018.360399,1019.085793,1019.813619,1020.543844,1021.276631,1022.012253,1022.750260,1023.490716,1024.233732,1024.979380,1025.727582,1026.478344,1027.231711,1027.987752,1028.746367,1029.507619,1030.271597,1031.038366,1031.807278,1032.579512,1033.354141,1034.131502,1034.911559,1035.694357,1036.479890,1037.268255,1038.059334,1038.853197,1039.649859,1040.449383,1041.251762,1042.056931,1042.864909,1043.675746,1044.489509,1045.306109,1046.125609,1046.948022,1047.773361,1048.601675,1049.432907,1050.267175,1051.104354,1051.944526,1052.787693,1053.633885,1054.483158,1055.335465,1056.190811,1057.049327,1057.910840,1058.775457,1059.643278,1060.514148,1061.388433,1062.265801,1063.146102,1064.029741,1064.916437,1065.806430,1066.699624,1067.596092,1068.495820,1069.398832,1070.305137,1071.214861,1072.127804,1073.044101,1073.964125,1074.887142,1075.813510,1076.743619,1077.676851,1078.613639,1079.553740,1080.497331,1081.444478,1082.395055,1083.349236,1084.306865,1085.268167,1086.233155,1087.201487,1088.173462,1089.149015,1090.128203,1091.111043,1092.097616,1093.087899,1094.081801,1095.079426,1096.080790,1097.085947,1098.094844,1099.107534,1100.124272,1101.144617,1102.168795,1103.196840,1104.228769,1105.264601,1106.304381,1107.348074,1108.395739,1109.447370,1110.503168,1111.562825,1112.626506,1113.694313,1114.766142,1115.842046,1116.922063,1118.006346,1119.094650,1120.187128,1121.283800,1122.384685,1123.489805,1124.599556,1125.713206,1126.831571,1127.953841,1129.080442,1130.211403,1131.347011,1132.486753,1133.630918,1134.779527,1135.932602,1137.090466,1138.252539,1139.419143,1140.590304,1141.766038,1142.946346,1144.131299,1145.320924,1146.515186,1147.714206,1148.917870,1150.126269,1151.339399,1152.557398,1153.780143,1155.007717,1156.240263,1157.477567,1158.719772,1159.966902,1161.218982,1162.476035,1163.738087,1165.005316,1166.277439,1167.554570,1168.836865,1170.124422,1171.416979,1172.714721,1174.017663,1175.325832,1176.639252,1177.957951,1179.281885,1180.611219,1181.945924,1183.286000,1184.631487,1185.982413,1187.338804,1188.700687,1190.068186,1191.441238,1192.819766,1194.203897,1195.593660,1196.989149,1198.390360,1199.797188,1201.209850,1202.628198,1204.052383,1205.482385,1206.918427,1208.360165,1209.807825,1211.261436,1212.721131,1214.186740,1215.658385,1217.136102,1218.619921,1220.109776,1221.606000,1223.108314,1224.616854,1226.131653,1227.652742,1229.180154,1230.713919,1232.254098,1233.800669,1235.353691,1236.913197,1238.479219,1240.051792,1241.630948,1243.216721,1244.809143,1246.408250,1248.014107,1249.626685,1251.246049,1252.872233,1254.505274,1256.145206,1257.792063,1259.445784,1261.106599,1262.774446,1264.449804,1266.131824,1267.820984,1269.517395,1271.220945,1272.931746,1274.649792,1276.375204,1278.107977,1279.848150,1281.595792,1283.350877,1285.113475,1286.883624,1288.661381,1290.446749,1292.239785,1294.040528,1295.849017,1297.665292,1299.489393,1301.321359,1303.161238,1305.009056,1306.865020,1308.728853,1310.600754,1312.480766,1314.368928,1316.265200,1318.169790,1320.082712,1322.003897
899.861683,900.198304,900.536312,900.874858,901.214271,901.554630,901.895944,902.238178,902.581379,902.925524,903.270706,903.616700,903.963683,904.311608,904.660684,905.010795,905.361957,905.713882,906.066795,906.420618,906.775613,907.131826,907.488773,907.846750,908.205619,908.565701,908.926725,909.288660,909.651625,910.015470,910.380455,910.746508,911.113577,911.481742,911.851009,912.221343,912.592543,912.964803,913.338058,913.712614,914.088173,914.464614,914.842338,915.220911,915.600941,915.981939,916.363924,916.747022,917.131301,917.516629,917.903090,918.290650,918.679354,919.068979,919.459854,919.852000,920.244975,920.639521,921.034871,921.431363,921.828955,922.227746,922.627695,923.028853,923.431123,923.834588,924.239202,924.645123,925.052332,925.460487,925.870075,926.280788,926.692402,927.105353,927.519593,927.934872,928.351461,928.769166,929.188234,929.608409,930.029913,930.452547,930.876537,931.301711,931.728201,932.155826,932.584760,933.015011,933.446570,933.879407,934.313528,934.748961,935.185746,935.623747,936.063122,936.503750,936.945754,937.389024,937.833749,938.279782,938.727042,939.175740,939.625655,940.076918,940.529536,940.983517,941.438843,941.895555,942.353690,942.813164,943.274169,943.736402,944.200032,944.665096,945.131642,945.599506,946.068668,946.539429,947.011623,947.485221,947.960233,948.436952,948.914862,949.394240,949.875027,950.357326,950.841101,951.326333,951.813075,952.301348,952.791080,953.282447,953.775241,954.269465,954.765219,955.262531,955.761377,956.261897,956.763830,957.267370,957.772311,958.278919,958.787051,959.296807,959.808147,960.321077,960.835603,961.351910,961.869648,962.389002,962.909977,963.432585,963.956806,964.482803,965.010437,965.539739,966.070585,966.603162,967.137351,967.673287,968.210850,968.750120,969.291033,969.833698,970.378080,970.924285,971.472144,972.021869,972.573179,973.126240,973.681147,974.237738,974.796245,975.356532,975.918464,976.482275,977.047804,977.615466,978.184623,978.755602,979.328372,979.903008,980.479456,981.057800,981.638192,982.220440,982.804599,983.390448,983.978078,984.567723,985.159301,985.752927,986.348280,986.945609,987.544879,988.146098,988.749275,989.354460,989.961576,990.570674,991.181990,991.795149,992.410235,993.027346,993.646481,994.267642,994.891055,995.516314,996.143648,996.773117,997.404577,998.038122,998.673800,999.311541,999.951498,1000.593472,1001.237648,1001.883890,1002.532316,1003.182861,1003.835573,1004.490455,1005.147649,1005.806920,1006.468388,1007.132069,1007.797972,1008.466107,1009.136483,1009.809115,1010.484002,1011.161216,1011.840586,1012.522296,1013.206324,1013.892846,1014.581505,1015.272718,1015.966047,1016.661805,1017.359845,1018.060256,1018.763076,1019.468246,1020.175832,1020.886038,1021.598460,1022.313315,1023.030508,1023.750556,1024.472776,1025.197472,1025.924694,1026.654377,1027.386625,1028.121337,1028.858581,1029.598425,1030.340768,1031.085674,1031.833329,1032.583504,1033.335941,1034.091430,1034.849333,1035.609905,1036.373075,1037.138909,1037.907406,1038.678657,1039.452542,1040.229133,1041.008442,1041.790481,1042.575399,1043.362973,1044.153275,1044.946366,1045.742227,1046.540953,1047.342447,1048.146770,1048.953935,1049.763990,1050.576879,1051.392649,1052.211382,1053.032953,1053.857432,1054.684848,1055.515220,1056.348615,1057.184921,1058.024215,1058.866603,1059.711913,1060.560296,1061.411715,1062.266152,1063.124113,1063.984706,1064.848430,1065.715233,1066.585105,1067.458194,1068.334405,1069.213808,1070.096395,1070.982177,1071.871174,1072.763509,1073.658979,1074.557897,1075.460108,1076.365402,1077.274128,1078.186182,1079.101437,1080.020165,1080.942118,1081.867474,1082.796300,1083.728469,1084.664154,1085.603199,1086.545827,1087.492052,1088.441533,1089.394565,1090.351085,1091.311149,1092.274773,1093.242039,1094.212921,1095.187329,1096.165366,1097.147049,1098.132394,1099.121456,1100.114179,1101.110855,1102.111040,1103.114962,1104.122652,1105.134129,1106.149436,1107.168539,1108.191482,1109.218296,1110.248976,1111.283722,1112.322224,1113.364647,1114.411094,1115.461459,1116.515795,1117.574140,1118.636645,1119.703066,1120.773554,1121.848128,1122.926809,1124.009616,1125.096855,1126.188066,1127.283790,1128.383309,1129.487048,1130.595035,1131.707558,1132.824101,1133.944954,1135.070136,1136.199670,1137.333924,1138.472179,1139.614894,1140.762050,1141.913660,1143.069726,1144.230317,1145.395461,1146.565123,1147.739420,1148.918240,1150.101673,1151.289714,1152.482474,1153.679908,1154.882020,1156.088978,1157.300568,1158.516931,1159.738093,1160.964075,1162.194902,1163.430597,1164.671186,1165.916845,1167.167227,1168.422639,1169.683042,1170.948598,1172.219045,1173.494568,1174.775180,1176.060907,1177.351775,1178.647809,1179.948966,1181.255491,1182.567109,1183.884066,1185.206319,1186.533895,1187.866819,1189.205119,1190.548917,1191.898149,1193.252738,1194.612811,1195.978396,1197.349586,1198.726376,1200.108662,1201.496658,1202.890217,1204.289489,1205.694454,1207.105232,1208.521781,1209.944024,1211.372091,1212.806115,1214.245924,1215.691639,1217.143295,1218.600924,1220.064456,1221.534225,1223.009951,1224.491770,1225.979713,1227.473812,1228.974097,1230.480599,1231.993350,1233.512409,1235.037754,1236.569443,1238.107509,1239.651984,1241.202901,1242.760292,1244.324190,1245.894628,1247.471672,1249.055290,1250.645549,1252.242482,1253.846124,1255.456507,1257.073667,1258.697541,1260.328357,1261.966054,1263.611109,1265.262674,1266.921224,1268.586797,1270.259501,1271.939225,1273.626079,1275.320059,1277.021282,1278.729744,1280.445483,1282.168568,1283.898972,1285.636764,1287.381982,1289.134683,1290.894867,1292.662593,1294.437897,1296.220819,1298.011398,1299.809673,1301.615682,1303.429474,1305.251072,1307.080685,1308.918033,1310.763315,1312.616573,1314.477847,1316.347095,1318.224524,1320.110148,1322.003897
905.020889,905.354887,905.689876,906.025830,906.362576,906.700221,907.038933,907.378419,907.718815,908.060642,908.403036,908.746514,909.090797,909.436119,909.782348,910.129505,910.477944,910.827315,911.177493,911.528568,911.880555,912.233771,912.587989,912.943002,913.298688,913.655794,914.013783,914.372885,914.732978,915.094161,915.456163,915.819199,916.183193,916.548327,916.914374,917.281545,917.649806,918.019176,918.389398,918.760504,919.133110,919.506749,919.881246,920.256769,920.633552,921.011580,921.390350,921.770183,922.151181,922.533112,922.916262,923.300568,923.686192,924.072480,924.459977,924.848584,925.238306,925.629099,926.021065,926.414208,926.808502,927.203848,927.600313,927.998238,928.397184,928.797129,929.198251,929.600666,930.004164,930.408764,930.814562,931.221434,931.629568,932.038784,932.449327,932.860942,933.273826,933.687860,934.103182,934.519659,934.937411,935.356232,935.776463,936.197778,936.620452,937.044369,937.469531,937.895970,938.323722,938.752660,939.182928,939.614410,940.047154,940.481320,940.916754,941.353472,941.791395,942.230717,942.671217,943.113026,943.556150,944.000595,944.446350,944.893449,945.341952,945.791856,946.242982,946.695440,947.149377,947.604564,948.061110,948.519034,948.978271,949.438954,949.901081,950.364739,950.829680,951.295962,951.763637,952.232735,952.703245,953.175135,953.648501,954.123337,954.599559,955.077251,955.556613,956.037219,956.519260,957.002727,957.487790,957.974329,958.462318,958.951805,959.442845,959.935390,960.429389,960.924806,961.421805,961.920378,962.420488,962.922139,963.425338,963.930092,964.436586,964.944468,965.453979,965.964962,966.477564,966.991893,967.507773,968.025342,968.544433,969.065078,969.587347,970.111240,970.636842,971.164049,971.692880,972.223324,972.755476,973.289400,973.825159,974.362307,974.901131,975.441778,975.984055,976.528044,977.073751,977.621326,978.170634,978.721624,979.274276,979.828683,980.385173,980.943109,981.502821,982.064273,982.627541,983.192748,983.759626,984.328397,984.899201,985.471547,986.045727,986.621637,987.199714,987.779421,988.361017,988.944486,989.529792,990.117030,990.706164,991.297202,991.890196,992.485067,993.081998,993.680900,994.281580,994.884204,995.488797,996.095358,996.703892,997.314621,997.927157,998.541762,999.158293,999.776843,1000.397421,1001.020074,1001.644733,1002.271467,1002.900362,1003.531275,1004.164184,1004.799216,1005.436326,1006.075542,1006.716873,1007.360447,1008.006041,1008.653772,1009.303654,1009.955696,1010.609908,1011.266299,1011.924883,1012.585661,1013.248701,1013.913851,1014.581243,1015.250979,1015.922999,1016.597302,1017.273818,1017.952506,1018.633588,1019.316872,1020.002459,1020.690361,1021.380615,1022.073162,1022.768215,1023.465537,1024.165162,1024.867157,1025.571561,1026.278521,1026.987749,1027.699355,1028.413390,1029.129920,1029.848841,1030.570223,1031.294129,1032.020463,1032.749393,1033.480903,1034.214747,1034.951334,1035.689911,1036.431453,1037.175502,1037.922072,1038.671251,1039.423009,1040.177397,1040.934377,1041.693985,1042.456233,1043.221132,1043.988695,1044.759110,1045.532035,1046.307660,1047.086005,1047.867054,1048.650898,1049.437441,1050.226744,1051.018820,1051.813716,1052.611375,1053.411844,1054.215206,1055.021323,1055.830291,1056.642129,1057.456990,1058.274505,1059.095006,1059.918420,1060.744856,1061.574183,1062.406419,1063.241661,1064.080022,1064.921477,1065.765664,1066.612907,1067.463151,1068.316386,1069.172760,1070.032177,1070.894712,1071.760344,1072.629095,1073.500981,1074.376124,1075.254428,1076.135920,1077.020662,1077.908502,1078.799564,1079.693800,1080.591424,1081.492300,1082.396319,1083.303655,1084.214376,1085.128353,1086.045762,1086.966442,1087.890620,1088.818308,1089.749266,1090.683543,1091.621196,1092.562366,1093.507008,1094.455222,1095.406918,1096.362071,1097.320761,1098.283004,1099.248853,1100.218253,1101.191257,1102.168119,1103.148396,1104.132315,1105.119906,1106.111186,1107.106201,1108.104914,1109.107370,1110.113597,1111.123592,1112.137553,1113.155171,1114.176609,1115.201970,1116.231149,1117.264195,1118.301148,1119.342157,1120.386979,1121.435763,1122.488530,1123.545297,1124.606084,1125.671197,1126.740312,1127.813277,1128.890621,1129.971808,1131.057127,1132.146603,1133.240526,1134.338379,1135.440450,1136.546760,1137.657553,1138.772481,1139.891632,1141.015107,1142.142922,1143.275101,1144.411641,1145.552611,1146.698037,1147.847884,1149.002271,1150.161082,1151.324409,1152.492279,1153.664728,1154.841732,1156.023341,1157.209695,1158.400580,1159.596137,1160.796389,1162.001360,1163.211072,1164.425548,1165.644814,1166.869045,1168.097893,1169.331665,1170.570460,1171.814023,1173.062509,1174.315962,1175.574395,1176.837834,1178.106303,1179.379827,1180.658363,1181.942156,1183.230929,1184.524928,1185.824108,1187.128497,1188.438120,1189.753003,1191.073268,1192.398851,1193.729673,1195.065860,1196.407507,1197.754507,1199.107054,1200.464976,1201.828487,1203.197439,1204.571981,1205.952093,1207.337894,1208.729342,1210.126360,1211.529075,1212.937620,1214.351822,1215.771804,1217.197598,1218.629235,1220.066646,1221.510163,1222.959506,1224.414810,1225.876105,1227.343422,1228.816791,1230.296243,1231.781809,1233.273546,1234.771432,1236.275524,1237.785855,1239.302456,1240.825359,1242.354595,1243.890197,1245.432197,1246.980659,1248.535553,1250.096943,1251.664862,1253.239343,1254.820420,1256.408126,1258.002494,1259.603462,1261.211259,1262.825820,1264.447623,1266.075819,1267.710884,1269.352853,1271.001835,1272.657717,1274.320610,1275.990508,1277.667529,1279.351667,1281.042960,1282.741476,1284.447187,1286.160162,1287.880439,1289.608072,1291.343064,1293.085470,1294.835328,1296.592675,1298.357550,1300.129992,1301.910039,1303.697737,1305.493111,1307.296367,1309.107226,1310.925886,1312.752388,1314.586771,1316.428993,1318.279259,1320.137584,1322.003897
910.211091,910.542532,910.874753,911.208040,911.542001,911.877104,912.213154,912.549997,912.887740,913.226522,913.566349,913.906887,914.248691,914.591222,914.934626,915.279041,915.624417,915.970833,916.318061,916.666218,917.015296,917.365437,917.716621,918.068653,918.421718,918.775781,919.130901,919.486788,919.843726,920.201657,920.560595,920.920785,921.281741,921.643717,922.006717,922.370693,922.735911,923.102125,923.469371,923.837637,924.207105,924.577355,924.948627,925.320933,925.694291,926.068607,926.444137,926.821159,927.198766,927.577343,927.957096,928.337928,928.719844,929.102800,929.486931,929.872172,930.258499,930.645830,931.034424,931.424307,931.815125,932.206974,932.599967,932.994264,933.389523,933.785881,934.183430,934.582006,934.981810,935.382662,935.784768,936.187966,936.592418,936.997951,937.404718,937.812614,938.221791,938.631959,939.043487,939.456130,939.870042,940.285175,940.701525,941.119164,941.537967,941.957969,942.379271,942.801737,943.225528,943.650562,944.076866,944.504431,944.933165,945.363261,945.794494,946.227001,946.660784,947.095848,947.532206,947.969847,948.408961,948.849199,949.290872,949.733727,950.177885,950.623366,951.070176,951.518380,951.967865,952.418775,952.870968,953.324572,953.779481,954.235741,954.693351,955.152335,955.612740,956.074441,956.537574,957.002101,957.468027,957.935545,958.404294,958.874500,959.346009,959.818934,960.293492,960.769369,961.246654,961.725463,962.205653,962.687449,963.170602,963.655125,964.141185,964.628772,965.117849,965.608422,966.100496,966.594078,967.089352,967.586024,968.084166,968.583787,969.085115,969.587921,970.092408,970.598304,971.105727,971.614719,972.125267,972.637427,973.151244,973.666572,974.183511,974.702003,975.222253,975.744280,976.267675,976.792702,977.319407,977.847667,978.377631,978.909254,979.442543,979.977503,980.514429,981.052840,981.592860,982.134579,982.678329,983.223470,983.770332,984.318879,984.869380,985.421501,985.975227,986.530861,987.088447,987.647551,988.208434,988.770987,989.335651,989.901990,990.469954,991.039835,991.611538,992.185027,992.760397,993.337611,993.916791,994.497718,995.080573,995.665243,996.251964,996.840408,997.430752,998.022993,998.617158,999.213463,999.811483,1000.411525,1001.013431,1001.617291,1002.223115,1002.831008,1003.440726,1004.052490,1004.666273,1005.282177,1005.900007,1006.519792,1007.141643,1007.765514,1008.391432,1009.019407,1009.649565,1010.281685,1010.915881,1011.552169,1012.190557,1012.831054,1013.473669,1014.118417,1014.765296,1015.414376,1016.065427,1016.718885,1017.374488,1018.032351,1018.692328,1019.354421,1020.018709,1020.685314,1021.354081,1022.025074,1022.698316,1023.373845,1024.051602,1024.731650,1025.414195,1026.098929,1026.785948,1027.475104,1028.166852,1028.860780,1029.557057,1030.255692,1030.956730,1031.660138,1032.365966,1033.074140,1033.784822,1034.497911,1035.213455,1035.931336,1036.651888,1037.374687,1038.099755,1038.827514,1039.557769,1040.290533,1041.025816,1041.763653,1042.504007,1043.246914,1043.992384,1044.740430,1045.491062,1046.244469,1047.000309,1047.758771,1048.519865,1049.283603,1050.050048,1050.819113,1051.590857,1052.365294,1053.142470,1053.922328,1054.704915,1055.490242,1056.278402,1057.069228,1057.862844,1058.659284,1059.458627,1060.260576,1061.065439,1061.873144,1062.683797,1063.497269,1064.313576,1065.132848,1065.955288,1066.780405,1067.608400,1068.439306,1069.273173,1070.109954,1070.949798,1071.792613,1072.638460,1073.487329,1074.339240,1075.194207,1076.052458,1076.913650,1077.778087,1078.645420,1079.515942,1080.389606,1081.266362,1082.146423,1083.029655,1083.915946,1084.805471,1085.698298,1086.594298,1087.493643,1088.396177,1089.302232,1090.211490,1091.124043,1092.039828,1092.958901,1093.881405,1094.807292,1095.736662,1096.669425,1097.605555,1098.545133,1099.488173,1100.434728,1101.384743,1102.338506,1103.295575,1104.256176,1105.220338,1106.188079,1107.159415,1108.134390,1109.112968,1110.095204,1111.081093,1112.070663,1113.063932,1114.061100,1115.061820,1116.066363,1117.074605,1118.086653,1119.102488,1120.122279,1121.145780,1122.173141,1123.204381,1124.239519,1125.278573,1126.321848,1127.369021,1128.419937,1129.475127,1130.534052,1131.597003,1132.664003,1133.735341,1134.810500,1135.889767,1136.973163,1138.060708,1139.152769,1140.248626,1141.348738,1142.453082,1143.561673,1144.674510,1145.791663,1146.913156,1148.038954,1149.169107,1150.303703,1151.442627,1152.585943,1153.733760,1154.886030,1156.042758,1157.203991,1158.369870,1159.540180,1160.715061,1161.894537,1163.078630,1164.267362,1165.460757,1166.658991,1167.861779,1169.069233,1170.281508,1171.498699,1172.720553,1173.947224,1175.178753,1176.415156,1177.656456,1178.902678,1180.153846,1181.409915,1182.671130,1183.937215,1185.208414,1186.484682,1187.766046,1189.052531,1190.344256,1191.641058,1192.943158,1194.250381,1195.562853,1196.880668,1198.203718,1199.532196,1200.865957,1202.205133,1203.549657,1204.899668,1206.255092,1207.616200,1208.982632,1210.354610,1211.732161,1213.115418,1214.504207,1215.898647,1217.298775,1218.704617,1220.116104,1221.533463,1222.956730,1224.385722,1225.820574,1227.261316,1228.707978,1230.160590,1231.619181,1233.083810,1234.554452,1236.031164,1237.513979,1239.002925,1240.498036,1241.999341,1243.506872,1245.020661,1246.540740,1248.067172,1249.599925,1251.139065,1252.684622,1254.236630,1255.795122,1257.360130,1258.931591,1260.509731,1262.094489,1263.685896,1265.284430,1266.889240,1268.500802,1270.119225,1271.744395,1273.376421,1275.015297,1276.661141,1278.313945,1279.973746,1281.640613,1283.314515,1284.995522,1286.683670,1288.378994,1290.081551,1291.791340,1293.508418,1295.232820,1296.964584,1298.703749,1300.450351,1302.204429,1303.966028,1305.735332,1307.512067,1309.296433,1311.088467,1312.888209,1314.695699,1316.510892,1318.333996,1320.165021,1322.003897
915.432697,915.761440,916.090977,916.421447,916.752800,917.085171,917.418395,917.752579,918.087503,918.423544,918.760280,919.097962,919.436727,919.776574,920.117060,920.458467,920.800675,921.144023,921.488280,921.833572,922.179754,922.526815,922.874918,923.223823,923.573792,923.924928,924.276841,924.629771,924.983570,925.338487,925.694219,926.051174,926.409161,926.768327,927.128111,927.489090,927.851030,928.213938,928.577814,928.942694,929.308569,929.675722,930.043778,930.412918,930.782848,931.153920,931.526037,931.899202,932.273454,932.648681,933.025018,933.402514,933.781051,934.160521,934.541301,934.923162,935.305997,935.689892,936.074873,936.460981,936.848266,937.236527,937.625933,938.016338,938.407905,938.800511,939.194381,939.589271,939.985351,940.382508,940.780885,941.180337,941.580899,941.982691,942.385673,942.789742,943.195038,943.601519,944.009176,944.418094,944.828140,945.239351,945.651887,946.065515,946.480334,946.896415,947.313662,947.732185,948.152052,948.573003,948.995117,949.418488,949.843077,950.268909,950.696121,951.124438,951.554200,951.985054,952.417182,952.850576,953.285234,953.721149,954.158444,954.597191,955.037019,955.478090,955.920526,956.364323,956.809415,957.255818,957.703566,958.152611,958.603002,959.054726,959.507754,959.962178,960.418169,960.875291,961.333853,961.793753,962.255016,962.717585,963.181624,963.647103,964.113941,964.582180,965.051796,965.522978,965.995470,966.469287,966.944641,967.421390,967.899627,968.379315,968.860459,969.343122,969.827196,970.312922,970.799950,971.288528,971.778597,972.270167,972.763272,973.257784,973.753828,974.251376,974.750451,975.251072,975.753234,976.256991,976.762234,977.269045,977.777666,978.287661,978.799253,979.312346,979.826986,980.343263,980.861090,981.380576,981.901677,982.424398,982.948889,983.475099,984.002723,984.531995,985.063244,985.595831,986.130085,986.666149,987.203831,987.743112,988.284137,988.826741,989.371262,989.917541,990.465381,991.015104,991.566345,992.119394,992.674170,993.230727,993.789049,994.349144,994.910974,995.474705,996.040160,996.607460,997.176525,997.747468,998.320341,998.894879,999.471255,1000.049479,1000.629548,1001.211710,1001.795516,1002.381203,1002.968861,1003.558327,1004.149695,1004.743069,1005.338263,1005.935382,1006.534376,1007.135427,1007.738473,1008.343424,1008.950274,1009.559134,1010.169956,1010.782768,1011.397580,1012.014518,1012.633359,1013.254219,1013.877111,1014.502046,1015.129030,1015.758073,1016.389184,1017.022376,1017.657648,1018.295067,1018.934608,1019.576336,1020.220125,1020.865983,1021.513955,1022.164143,1022.816421,1023.470880,1024.127501,1024.786308,1025.447338,1026.110545,1026.776051,1027.443904,1028.113781,1028.786015,1029.460281,1030.136857,1030.815940,1031.497127,1032.180605,1032.866420,1033.554535,1034.245100,1034.937845,1035.633008,1036.330559,1037.030360,1037.732752,1038.437309,1039.144259,1039.853319,1040.565176,1041.279389,1041.995998,1042.715073,1043.436664,1044.160630,1044.887109,1045.616078,1046.347547,1047.081528,1047.818071,1048.557248,1049.298831,1050.042972,1050.789690,1051.539016,1052.290894,1053.045375,1053.802470,1054.562191,1055.324583,1056.089590,1056.857258,1057.627678,1058.400683,1059.176397,1059.954853,1060.736006,1061.519931,1062.306563,1063.095953,1063.888159,1064.683197,1065.480936,1066.281484,1067.084924,1067.891549,1068.700599,1069.512542,1070.327324,1071.144957,1071.965498,1072.788992,1073.615382,1074.444728,1075.277020,1076.112278,1076.950619,1077.792028,1078.636297,1079.483736,1080.334088,1081.187525,1082.043887,1082.903361,1083.766060,1084.631849,1085.500616,1086.372536,1087.247675,1088.125904,1089.007397,1089.892226,1090.780029,1091.671182,1092.565546,1093.463057,1094.363770,1095.267828,1096.175182,1097.085996,1097.999989,1098.917325,1099.838019,1100.762087,1101.689582,1102.620445,1103.554969,1104.492706,1105.433884,1106.378532,1107.326666,1108.278303,1109.233485,1110.192178,1111.154434,1112.120248,1113.089648,1114.062652,1115.039459,1116.019721,1117.003710,1117.991298,1118.982596,1119.977581,1120.976291,1121.978875,1122.985087,1123.995078,1125.008865,1126.026466,1127.047899,1128.073608,1129.102854,1130.136177,1131.173132,1132.214007,1133.258825,1134.307875,1135.360639,1136.417404,1137.478189,1138.543015,1139.612248,1140.685167,1141.762229,1142.843414,1143.928734,1145.018212,1146.111845,1147.209700,1148.311803,1149.418117,1150.528759,1151.643615,1152.762772,1153.886259,1155.014083,1156.146297,1157.282872,1158.423974,1159.569386,1160.719249,1161.873585,1163.032415,1164.195762,1165.363648,1166.536094,1167.713279,1168.894849,1170.081114,1171.272030,1172.467758,1173.668036,1174.873044,1176.082795,1177.297314,1178.516623,1179.740746,1180.969708,1182.203462,1183.442185,1184.685805,1185.934359,1187.187873,1188.446370,1189.709876,1190.978510,1192.252108,1193.530889,1194.814679,1196.103604,1197.397755,1198.697025,1200.001606,1201.311353,1202.626396,1203.946669,1205.272309,1206.603241,1207.939738,1209.281437,1210.628559,1211.981133,1213.339288,1214.702845,1216.071942,1217.446594,1218.826835,1220.212693,1221.604098,1223.001382,1224.404262,1225.812873,1227.227244,1228.647403,1230.073382,1231.505207,1232.942910,1234.386547,1235.836093,1237.291606,1238.753116,1240.220653,1241.694248,1243.173931,1244.659733,1246.151685,1247.649851,1249.154198,1250.664788,1252.181655,1253.704829,1255.234343,1256.770230,1258.312520,1259.861150,1261.416347,1262.978047,1264.546724,1266.121529,1267.702936,1269.290979,1270.885766,1272.487182,1274.095337,1275.710223,1277.331956,1278.960531,1280.595982,1282.238377,1283.887686,1285.543977,1287.207286,1288.877666,1290.555118,1292.239695,1293.931435,1295.630373,1297.336547,1299.049994,1300.770750,1302.498859,1304.234346,1305.977415,1307.727785,1309.485653,1311.251058,1313.024037,1314.804631,1316.592795,1318.388733,1320.192457,1322.003897
920.685747,921.011764,921.338465,921.666153,921.994590,922.324170,922.654389,922.985463,923.317696,923.650740,923.984676,924.319260,924.654910,924.991535,925.329136,925.667540,926.006833,926.347110,926.688527,927.030519,927.373720,927.717692,928.062610,928.408720,928.755501,929.103399,929.452163,929.802050,930.152931,930.504693,930.857353,931.211058,931.565625,931.921277,932.277839,932.635364,932.994175,933.353677,933.714318,934.076014,934.438469,934.802037,935.166655,935.532257,935.898834,936.266493,936.635247,937.005052,937.375789,937.747524,938.120534,938.494631,938.869612,939.245611,939.622717,940.000856,940.380195,940.760460,941.141821,941.524162,941.907652,942.292119,942.677833,943.064534,943.452412,943.841315,944.231405,944.622536,945.014723,945.408157,945.802718,946.198325,946.595133,946.993092,947.392192,947.792519,948.194013,948.596563,949.000348,949.405230,949.811283,950.218565,950.626975,951.036655,951.447652,951.859616,952.272752,952.687086,953.102622,953.519618,953.937576,954.356731,954.777171,955.198788,955.621636,956.045725,956.471007,956.897813,957.325628,957.754715,958.185103,958.616572,959.049429,959.483614,959.919065,960.355782,960.793758,961.233027,961.673602,962.115470,962.558602,963.003299,963.449103,963.896255,964.344792,964.794585,965.245551,965.698017,966.151831,966.607040,967.063606,967.521459,967.980717,968.441426,968.903439,969.366836,969.831520,970.297660,970.765244,971.234291,971.704694,972.176514,972.649758,973.124673,973.600781,974.078395,974.557458,975.038020,975.519904,976.003250,976.488083,976.974425,977.462226,977.951515,978.442280,978.934542,979.428574,979.923962,980.420771,980.919167,981.419008,981.920384,982.423293,982.927718,983.433680,983.941251,984.450387,984.961094,985.473462,985.987613,986.503071,987.020125,987.539105,988.059372,988.581505,989.105009,989.630100,990.156902,990.685295,991.215353,991.747097,992.280635,992.815834,993.352553,993.890890,994.430980,994.972845,995.516231,996.061429,996.608343,997.157052,997.707378,998.259484,998.813379,999.369043,999.926406,1000.485534,1001.046604,1001.609288,1002.173760,1002.740045,1003.308312,1003.878194,1004.449889,1005.023498,1005.598857,1006.176056,1006.755201,1007.336104,1007.918872,1008.503528,1009.090028,1009.678433,1010.268837,1010.861090,1011.455188,1012.051240,1012.649200,1013.249094,1013.850931,1014.454838,1015.060586,1015.668307,1016.277998,1016.889674,1017.503342,1018.119010,1018.736689,1019.356389,1019.978248,1020.602061,1021.227968,1021.855880,1022.485795,1023.117804,1023.751852,1024.388085,1025.026332,1025.666698,1026.309165,1026.953755,1027.600506,1028.249470,1028.900472,1029.553794,1030.209240,1030.866839,1031.526445,1032.188296,1032.852588,1033.518919,1034.187477,1034.858304,1035.531436,1036.206811,1036.884369,1037.564383,1038.246500,1038.931136,1039.617851,1040.306881,1040.998271,1041.691728,1042.387752,1043.086160,1043.786906,1044.490021,1045.195594,1045.903471,1046.613789,1047.326524,1048.041687,1048.759289,1049.479380,1050.202030,1050.927013,1051.654479,1052.384437,1053.116910,1053.851926,1054.589430,1055.329472,1056.072062,1056.817248,1057.564970,1058.315275,1059.068184,1059.823738,1060.581854,1061.342630,1062.106024,1062.872196,1063.640821,1064.412210,1065.186332,1065.963204,1066.742695,1067.524912,1068.309937,1069.097829,1069.888531,1070.681807,1071.477836,1072.276664,1073.078247,1073.882714,1074.690040,1075.500178,1076.313203,1077.129204,1077.947990,1078.769750,1079.594464,1080.422206,1081.252760,1082.086196,1082.922701,1083.762054,1084.604575,1085.449972,1086.298516,1087.149957,1088.004544,1088.862125,1089.722787,1090.586631,1091.453730,1092.323850,1093.196979,1094.073365,1094.952814,1095.835382,1096.721210,1097.610249,1098.502663,1099.398170,1100.296934,1101.198970,1102.104293,1103.012954,1103.925134,1104.840411,1105.759050,1106.681039,1107.606409,1108.535175,1109.467379,1110.402985,1111.342047,1112.284557,1113.230544,1114.180024,1115.133026,1116.089713,1117.049771,1118.013461,1118.980656,1119.951463,1120.925860,1121.903886,1122.885687,1123.871019,1124.860030,1125.852738,1126.849160,1127.849314,1128.853643,1129.861407,1130.873147,1131.888409,1132.907500,1133.930425,1134.957477,1135.988138,1137.022695,1138.061167,1139.103572,1140.150154,1141.200562,1142.254881,1143.313214,1144.375572,1145.441979,1146.512429,1147.586992,1148.665661,1149.748487,1150.835431,1151.926610,1153.021910,1154.121451,1155.225159,1156.333170,1157.445424,1158.561969,1159.682944,1160.808132,1161.937674,1163.071591,1164.209904,1165.352635,1166.499804,1167.651590,1168.807703,1169.968257,1171.133402,1172.303097,1173.477501,1174.656352,1175.839828,1177.027944,1178.220723,1179.418186,1180.620358,1181.827191,1183.038931,1184.255299,1185.476537,1186.702601,1187.933514,1189.169301,1190.409986,1191.655688,1192.906342,1194.161867,1195.422388,1196.687929,1197.958583,1199.234241,1200.515094,1201.800997,1203.092080,1204.388275,1205.689720,1206.996338,1208.308401,1209.625546,1210.947995,1212.275773,1213.609012,1214.947530,1216.291464,1217.640830,1218.995660,1220.355983,1221.721727,1223.093223,1224.470188,1225.852757,1227.240957,1228.634816,1230.034365,1231.439630,1232.850642,1234.267455,1235.690046,1237.118470,1238.552756,1239.992936,1241.439037,1242.891091,1244.349127,1245.813176,1247.283268,1248.759465,1250.241735,1251.730141,1253.224713,1254.725483,1256.232482,1257.745742,1259.265198,1260.791075,1262.323309,1263.861932,1265.407420,1266.958920,1268.516907,1270.081488,1271.652549,1273.230196,1274.814464,1276.405345,1278.002954,1279.607285,1281.218373,1282.836284,1284.460988,1286.092552,1287.731011,1289.376418,1291.028773,1292.688129,1294.354522,1296.027989,1297.708564,1299.396285,1301.091188,1302.793315,1304.502692,1306.219521,1307.943520,1309.674887,1311.413658,1313.159873,1314.913568,1316.674700,1318.443471,1320.219894,1322.003897
925.970028,926.292885,926.616640,926.941439,927.267165,927.593560,927.920876,928.248791,928.577908,928.907917,929.238733,929.570588,929.903181,930.236789,930.571338,930.906719,931.242968,931.580123,931.918264,932.257200,932.597226,932.937969,933.279843,933.622668,933.966550,934.311079,934.656728,935.003312,935.350792,935.699177,936.048870,936.399190,936.750363,937.102713,937.455994,937.810322,938.165402,938.521565,938.878723,939.236859,939.596019,939.956148,940.317318,940.679501,941.042617,941.406916,941.772145,942.138449,942.505715,942.873980,943.243403,943.613741,943.985053,944.357452,944.730864,945.105259,945.480785,945.857262,946.234936,946.613564,946.993345,947.374111,947.756032,948.138826,948.522937,948.908076,949.294339,949.681614,950.070057,950.459618,950.850368,951.242223,951.635161,952.029179,952.424382,952.820664,953.218083,953.616696,954.016400,954.417366,954.819591,955.222725,955.627018,956.032727,956.439350,956.847144,957.256116,957.666297,958.077632,958.490155,958.904069,959.319048,959.735127,960.152452,960.570978,960.990802,961.411821,961.833900,962.257329,962.682031,963.107961,963.535136,963.963531,964.393181,964.824088,965.256269,965.689874,966.124635,966.560700,966.997979,967.436515,967.876373,968.317364,968.759813,969.203571,969.648685,970.095112,970.542786,970.991880,971.442214,971.893979,972.347030,972.801326,973.257093,973.714203,974.172678,974.632522,975.093805,975.556403,976.020386,976.486058,976.952848,977.421138,977.890700,978.361692,978.834084,979.307917,979.783228,980.259941,980.738079,981.217662,981.698897,982.181558,982.665596,983.151092,983.637948,984.126329,984.616190,985.107549,985.600371,986.094727,986.590552,987.087939,987.586849,988.087369,988.589484,989.093140,989.598199,990.105209,990.613559,991.123297,991.634640,992.147484,992.661955,993.178017,993.695749,994.214960,994.736140,995.258628,995.782738,996.308414,996.835789,997.364886,997.895553,998.427844,998.961829,999.497483,1000.034771,1000.573784,1001.114530,1001.656991,1002.201094,1002.746907,1003.294605,1003.843861,1004.394866,1004.947592,1005.502259,1006.058484,1006.616469,1007.176302,1007.737829,1008.301138,1008.866334,1009.433230,1010.001929,1010.572458,1011.144828,1011.718927,1012.294941,1012.872905,1013.452587,1014.034131,1014.617535,1015.202812,1015.789969,1016.379015,1016.970076,1017.562922,1018.157686,1018.754364,1019.352970,1019.953513,1020.556000,1021.160653,1021.766981,1022.375350,1022.985838,1023.598206,1024.212574,1024.828903,1025.447251,1026.067693,1026.690080,1027.314504,1027.940973,1028.569509,1029.200194,1029.832880,1030.467617,1031.104470,1031.743395,1032.384712,1033.027860,1033.673134,1034.320436,1034.970054,1035.621810,1036.275807,1036.931840,1037.590057,1038.250546,1038.913334,1039.578149,1040.245401,1040.914669,1041.586168,1042.259951,1042.935954,1043.614224,1044.294461,1044.977376,1045.662506,1046.349927,1047.039739,1047.731817,1048.426199,1049.122961,1049.822081,1050.523568,1051.227472,1051.933864,1052.642517,1053.353579,1054.067061,1054.782984,1055.501377,1056.222183,1056.945453,1057.671196,1058.399459,1059.130183,1059.863423,1060.599172,1061.337498,1062.078333,1062.821703,1063.567636,1064.316144,1065.067363,1065.820968,1066.577313,1067.336234,1068.097882,1068.862079,1069.628966,1070.398715,1071.171008,1071.946139,1072.723682,1073.503998,1074.287042,1075.072774,1075.861312,1076.652617,1077.446699,1078.243684,1079.043360,1079.845923,1080.651245,1081.459551,1082.270806,1083.084704,1083.901571,1084.721232,1085.543763,1086.369386,1087.197929,1088.029299,1088.863609,1089.700986,1090.541278,1091.384571,1092.231200,1093.080539,1093.933050,1094.788593,1095.647103,1096.508699,1097.373331,1098.241140,1099.112077,1099.986306,1100.863544,1101.743953,1102.627550,1103.514348,1104.404399,1105.297883,1106.194390,1107.094145,1107.997176,1108.903499,1109.813130,1110.726110,1111.642413,1112.562060,1113.485076,1114.411478,1115.341281,1116.274514,1117.211339,1118.151444,1119.095086,1120.042139,1120.992710,1121.946778,1122.904377,1123.865656,1124.830370,1125.798665,1126.770560,1127.746072,1128.725355,1129.708437,1130.695274,1131.685425,1132.679279,1133.676860,1134.678174,1135.683244,1136.692357,1137.704995,1138.721443,1139.741720,1140.766069,1141.794138,1142.826013,1143.861795,1144.901495,1145.945135,1146.992735,1148.044289,1149.099866,1150.159488,1151.223118,1152.290872,1153.362634,1154.438525,1155.518471,1156.602579,1157.690868,1158.783307,1159.880060,1160.980911,1162.085999,1163.195344,1164.308966,1165.426888,1166.549130,1167.675713,1168.806812,1169.942076,1171.081809,1172.225969,1173.374716,1174.527795,1175.685356,1176.847440,1178.014061,1179.185241,1180.361001,1181.541365,1182.726286,1183.916007,1185.110250,1186.309256,1187.512980,1188.721446,1189.934677,1191.152696,1192.375623,1193.603391,1194.835919,1196.073331,1197.315718,1198.562971,1199.815182,1201.072475,1202.334702,1203.601994,1204.874282,1206.151703,1207.434181,1208.721986,1210.014755,1211.312709,1212.615872,1213.924375,1215.238038,1216.556994,1217.881260,1219.210868,1220.545845,1221.886118,1223.232020,1224.583265,1225.939986,1227.302213,1228.669972,1230.043291,1231.422199,1232.806723,1234.196919,1235.592761,1236.994305,1238.401580,1239.814614,1241.233437,1242.658077,1244.088565,1245.524929,1246.967201,1248.415440,1249.869614,1251.329785,1252.795983,1254.268239,1255.746583,1257.231046,1258.721659,1260.218357,1261.721365,1263.230617,1264.746588,1266.268426,1267.796603,1269.331153,1270.872182,1272.419574,1273.973437,1275.533761,1277.100663,1278.674135,1280.254209,1281.840953,1283.434335,1285.034421,1286.641246,1288.254844,1289.875268,1291.502516,1293.136642,1294.777680,1296.425666,1298.080635,1299.742622,1301.411665,1303.087805,1304.771065,1306.461649,1308.159273,1309.864134,1311.576269,1313.295715,1315.022509,1316.756607,1318.498211,1320.247332,1322.003897
931.284896,931.604801,931.925390,932.247046,932.569759,932.893157,933.217375,933.542573,933.868826,934.195779,934.523367,934.851978,935.181485,935.511890,935.843254,936.175360,936.508344,936.842431,937.177476,937.513265,937.850025,938.187662,938.526269,938.865806,939.206266,939.547915,939.890159,940.233336,940.577340,940.922529,941.268677,941.615525,941.963434,942.312360,942.662173,943.012946,943.364637,943.717382,944.071156,944.425798,944.781519,945.138175,945.495879,945.854574,946.214147,946.574750,946.936336,947.299063,947.662657,948.027286,948.392906,948.759463,949.127129,949.495707,949.865451,950.236120,950.607902,950.980646,951.354445,951.729221,952.105184,952.482205,952.860312,953.239350,953.619621,954.000905,954.383362,954.766801,955.151348,955.536957,955.923719,956.311549,956.700531,957.090531,957.481663,957.874123,958.267702,958.662290,959.057872,959.454582,959.852424,960.251404,960.651510,961.053019,961.455434,961.859059,962.263785,962.669655,963.076711,963.485012,963.894403,964.305015,964.716782,965.129617,965.543765,965.959149,966.375724,966.793507,967.212473,967.632655,968.054268,968.476982,968.900845,969.325945,969.752276,970.179851,970.608650,971.038647,971.469911,971.902509,972.336374,972.771551,973.208011,973.645672,974.084713,974.524990,974.966584,975.409518,975.853599,976.299051,976.745929,977.194063,977.643525,978.094319,978.546451,979.000044,979.455117,979.911344,980.368880,980.827779,981.288048,981.749673,982.212709,982.677133,983.142967,983.610362,984.078958,984.549144,985.020560,985.493520,985.967787,986.443430,986.920545,987.399107,987.879114,988.360573,988.843453,989.327828,989.813629,990.301036,990.789839,991.280272,991.772129,992.265731,992.760840,993.257138,993.754985,994.254321,994.755142,995.257541,995.761479,996.267196,996.774234,997.282906,997.793098,998.304883,998.818083,999.332978,999.849617,1000.367702,1000.887390,1001.408585,1001.931500,1002.456037,1002.982160,1003.509963,1004.039514,1004.570610,1005.103361,1005.637942,1006.174044,1006.711805,1007.251248,1007.792588,1008.335410,1008.880029,1009.426271,1009.974235,1010.523924,1011.075443,1011.628603,1012.183527,1012.740187,1013.298648,1013.858837,1014.420743,1014.984512,1015.550179,1016.117513,1016.686655,1017.257606,1017.830376,1018.404973,1018.981528,1019.559799,1020.139924,1020.721913,1021.305761,1021.891483,1022.479226,1023.068792,1023.660181,1024.253403,1024.848696,1025.445967,1026.044972,1026.646008,1027.248947,1027.853931,1028.460785,1029.069610,1029.680412,1030.293301,1030.908098,1031.524885,1032.143753,1032.764573,1033.387409,1034.012295,1034.639514,1035.268503,1035.899555,1036.532575,1037.167723,1037.805295,1038.444722,1039.086226,1039.729906,1040.375860,1041.023743,1041.673990,1042.326173,1042.980525,1043.637079,1044.295779,1044.956670,1045.619782,1046.284852,1046.952358,1047.622109,1048.294085,1048.968382,1049.644879,1050.323610,1051.004654,1051.687985,1052.373615,1053.061591,1053.751933,1054.444570,1055.139494,1055.836765,1056.536396,1057.238456,1057.942825,1058.649595,1059.358766,1060.070349,1060.784388,1061.500835,1062.219716,1062.941030,1063.664915,1064.391191,1065.119953,1065.851214,1066.585109,1067.321313,1068.060180,1068.801544,1069.545462,1070.292039,1071.041132,1071.792968,1072.547256,1073.304353,1074.063872,1074.825991,1075.590757,1076.358152,1077.128223,1077.901018,1078.676580,1079.454760,1080.235664,1081.019364,1081.805738,1082.594867,1083.387145,1084.181824,1084.979310,1085.779690,1086.582752,1087.388683,1088.197593,1089.009348,1089.823833,1090.641221,1091.461579,1092.284775,1093.111007,1093.940272,1094.772409,1095.607380,1096.445434,1097.286374,1098.130320,1098.977221,1099.827218,1100.680347,1101.536515,1102.395694,1103.257963,1104.123335,1104.991861,1105.863722,1106.738505,1107.616436,1108.497542,1109.381840,1110.269342,1111.160092,1112.054063,1112.951273,1113.851748,1114.755505,1115.662558,1116.572922,1117.486627,1118.403833,1119.324227,1120.248067,1121.175226,1122.105811,1123.039798,1123.977356,1124.918236,1125.862588,1126.810426,1127.761769,1128.716632,1129.675170,1130.637410,1131.603307,1132.572420,1133.545138,1134.521483,1135.501461,1136.485095,1137.472672,1138.463672,1139.458381,1140.456816,1141.459220,1142.465286,1143.474964,1144.488488,1145.505826,1146.526999,1147.552024,1148.580898,1149.613686,1150.650412,1151.691038,1152.735610,1153.784216,1154.836774,1155.893275,1156.953826,1158.018447,1159.087105,1160.159845,1161.236807,1162.317772,1163.402879,1164.492148,1165.585600,1166.683255,1167.785133,1168.891410,1170.001797,1171.116405,1172.235384,1173.358690,1174.486484,1175.618509,1176.754916,1177.895745,1179.041009,1180.190729,1181.344927,1182.503626,1183.666859,1184.834624,1186.006887,1187.183809,1188.365342,1189.551510,1190.742336,1191.937937,1193.138147,1194.343185,1195.552873,1196.767335,1197.986661,1199.210742,1200.439669,1201.673592,1202.912282,1204.155950,1205.404500,1206.658067,1207.916576,1209.180296,1210.448863,1211.722497,1213.001223,1214.285170,1215.574157,1216.868318,1218.167668,1219.472238,1220.782055,1222.097047,1223.417543,1224.743259,1226.074327,1227.410775,1228.752630,1230.099918,1231.452667,1232.810905,1234.174686,1235.543985,1236.918855,1238.299325,1239.685423,1241.077178,1242.474618,1243.877772,1245.286669,1246.701337,1248.121838,1249.548138,1250.980297,1252.418346,1253.862314,1255.312231,1256.768128,1258.230034,1259.697883,1261.171901,1262.652019,1264.138713,1265.631129,1267.129740,1268.634578,1270.145747,1271.663133,1273.186841,1274.716903,1276.253311,1277.796179,1279.345498,1280.901302,1282.463656,1284.032529,1285.607986,1287.190061,1288.778805,1290.374216,1291.976348,1293.585233,1295.200907,1296.823404,1298.452759,1300.089006,1301.732182,1303.382328,1305.039466,1306.703799,1308.375043,1310.053395,1311.738889,1313.431564,1315.131455,1316.838517,1318.552952,1320.274769,1322.003897
936.630213,936.947236,937.265032,937.583551,937.903163,938.223387,938.544471,938.866465,939.189202,939.512985,939.837498,940.162861,940.489336,940.816522,941.144667,941.473673,941.803523,942.134333,942.466043,942.798922,943.132357,943.466670,943.801923,944.137937,944.475070,944.813084,945.152116,945.491803,945.832515,946.174153,946.516722,946.860222,947.204696,947.550084,947.896460,948.243808,948.592060,948.941261,949.291506,949.642615,949.994695,950.347747,950.701772,951.056886,951.412869,951.769802,952.127720,952.486546,952.846444,953.207231,953.569154,953.931970,954.295792,954.660703,955.026423,955.393361,955.761320,956.130306,956.500421,956.871346,957.243446,957.616651,957.990818,958.366033,958.742346,959.119668,959.498109,959.877564,960.258161,960.639867,961.022577,961.406657,961.791596,962.177504,962.564502,962.952595,963.341985,963.732279,964.123715,964.516284,964.909912,965.304694,965.700539,966.097596,966.495714,966.894980,967.295385,967.696956,968.099655,968.503388,968.908414,969.314608,969.721972,970.130508,970.540404,970.951341,971.363436,971.776680,972.191115,972.606695,973.023519,973.441550,973.860690,974.281147,974.702754,975.125655,975.549826,975.975190,976.401838,976.829705,977.258799,977.689205,978.120830,978.553660,978.987795,979.423158,979.859841,980.297806,980.737057,981.177718,981.619558,982.062752,982.507447,982.953208,983.400285,983.848684,984.298410,984.749481,985.201875,985.655813,986.110933,986.567453,987.025352,987.484511,987.945100,988.407068,988.870350,989.334978,989.801034,990.268486,990.737339,991.207598,991.679233,992.152317,992.626867,993.102881,993.580399,994.059393,994.539654,995.021509,995.505037,995.989671,996.475773,996.963350,997.452365,997.942908,998.435191,998.928724,999.423745,999.920455,1000.418459,1000.918094,1001.419166,1001.921813,1002.426080,1002.931814,1003.439101,1003.947844,1004.458254,1004.970236,1005.483796,1005.998958,1006.515736,1007.034068,1007.554002,1008.075731,1008.598892,1009.123676,1009.650089,1010.178344,1010.708036,1011.239453,1011.772450,1012.307106,1012.843436,1013.381540,1013.921248,1014.462628,1015.005704,1015.550525,1016.097017,1016.645168,1017.195102,1017.746791,1018.300329,1018.855481,1019.412390,1019.971056,1020.531490,1021.093700,1021.657815,1022.223593,1022.791173,1023.360703,1023.931900,1024.504991,1025.079836,1025.656515,1026.235047,1026.815424,1027.397741,1027.981893,1028.567812,1029.155705,1029.745430,1030.337175,1030.930719,1031.526275,1032.123653,1032.722960,1033.324257,1033.927447,1034.532620,1035.139726,1035.748789,1036.359921,1036.973172,1037.588211,1038.205253,1038.824300,1039.445318,1040.068631,1040.693774,1041.321040,1041.950451,1042.581785,1043.215387,1043.850854,1044.488411,1045.128110,1045.769876,1046.413760,1047.059791,1047.707938,1048.357999,1049.010431,1049.665041,1050.321884,1050.980837,1051.641995,1052.305321,1052.970892,1053.638684,1054.308706,1054.981007,1055.655604,1056.332429,1057.011470,1057.692790,1058.376399,1059.062367,1059.750573,1060.441110,1061.133977,1061.829183,1062.526784,1063.226701,1063.928988,1064.633659,1065.340780,1066.050242,1066.762117,1067.476415,1068.193147,1068.912494,1069.634040,1070.358139,1071.084715,1071.813874,1072.545438,1073.279733,1074.016370,1074.755590,1075.497502,1076.241676,1076.988474,1077.737854,1078.489762,1079.244436,1080.001634,1080.761424,1081.523872,1082.289034,1083.056786,1083.827210,1084.600699,1085.376505,1086.155032,1086.936369,1087.720339,1088.507018,1089.296491,1090.088870,1090.884019,1091.681824,1092.482529,1093.285983,1094.092383,1094.901640,1095.713723,1096.528722,1097.346582,1098.167237,1098.990805,1099.817237,1100.646671,1101.479058,1102.314497,1103.152894,1103.994222,1104.838557,1105.685915,1106.536344,1107.390026,1108.246547,1109.106131,1109.968808,1110.834591,1111.703494,1112.575571,1113.450760,1114.329114,1115.210646,1116.095373,1116.983308,1117.874480,1118.768879,1119.666531,1120.567624,1121.471902,1122.379409,1123.290250,1124.204403,1125.122035,1126.042897,1126.967138,1127.894772,1128.825817,1129.760426,1130.698339,1131.639997,1132.585217,1133.533556,1134.485403,1135.440774,1136.399692,1137.362163,1138.328477,1139.298115,1140.271362,1141.248234,1142.228976,1143.213278,1144.201089,1145.192644,1146.187910,1147.186907,1148.189653,1149.196166,1150.206440,1151.220542,1152.238493,1153.260257,1154.285946,1155.315479,1156.348873,1157.386155,1158.427398,1159.472618,1160.521785,1161.575060,1162.632227,1163.693424,1164.758669,1165.827983,1166.901385,1167.978895,1169.060688,1170.146474,1171.236364,1172.330508,1173.428860,1174.531581,1175.638414,1176.749508,1177.864903,1178.984612,1180.108654,1181.237052,1182.369826,1183.506999,1184.648603,1185.794568,1186.945064,1188.100046,1189.259534,1190.423552,1191.592122,1192.765361,1193.943102,1195.125562,1196.312565,1197.504299,1198.700655,1199.901722,1201.107624,1202.318212,1203.533554,1204.753763,1205.978758,1207.208622,1208.443331,1209.683136,1210.927673,1212.177161,1213.431624,1214.691191,1215.955680,1217.225224,1218.499839,1219.779554,1221.064396,1222.354291,1223.649569,1224.949944,1226.255549,1227.566410,1228.882553,1230.204005,1231.530793,1232.862943,1234.200509,1235.543464,1236.891864,1238.245734,1239.605103,1240.969998,1242.340448,1243.716479,1245.098121,1246.485401,1247.878381,1249.277024,1250.681392,1252.091514,1253.507418,1254.929133,1256.356690,1257.790118,1259.229350,1260.674609,1262.125828,1263.583038,1265.046713,1266.515997,1267.991363,1269.472844,1270.960542,1272.454342,1273.954350,1275.460555,1276.973072,1278.491890,1280.017044,1281.548564,1283.086516,1284.630866,1286.181682,1287.738995,1289.302856,1290.873263,1292.450268,1294.033903,1295.624204,1297.221204,1298.824936,1300.435436,1302.052738,1303.676884,1305.307895,1306.945972,1308.590831,1310.242669,1311.901520,1313.567420,1315.240322,1316.920429,1318.607693,1320.302207,1322.003897
942.006311,942.319932,942.634521,942.949935,943.266185,943.583237,943.901149,944.220007,944.539631,944.860188,945.181576,945.503737,945.826807,946.151128,946.476105,946.801780,947.128303,947.455702,947.783878,948.113108,948.443249,948.774327,949.106048,949.438764,949.772421,950.106939,950.442352,950.778666,951.115913,951.454111,951.793216,952.133233,952.474110,952.816048,953.158902,953.502625,953.847281,954.192878,954.539518,954.886978,955.235425,955.584788,955.935025,956.286302,956.638437,956.991673,957.345771,957.700920,958.056966,958.413868,958.771954,959.131030,959.491167,959.852246,960.214223,960.577270,960.941441,961.306517,961.672606,962.039737,962.407862,962.777197,963.147386,963.518610,963.890926,964.264370,964.638934,965.014427,965.390854,965.768533,966.147072,966.526672,966.907339,967.289167,967.672012,968.055900,968.440870,968.826953,969.214098,969.602344,969.991669,970.382118,970.773651,971.166326,971.560094,971.954879,972.350908,972.748045,973.146444,973.546058,973.946599,974.348334,974.751174,975.155168,975.560309,975.966568,976.374035,976.782671,977.192379,977.603291,978.015468,978.428866,978.843416,979.259206,979.676268,980.094384,980.513812,980.934388,981.356204,981.779121,982.203325,982.628805,983.055523,983.483482,983.912790,984.343319,984.775153,985.208131,985.642503,986.078019,986.514810,986.952882,987.392455,987.833121,988.275048,988.718375,989.162962,989.608926,990.056104,990.504664,990.954490,991.405646,991.858199,992.312000,992.767181,993.223714,993.681603,994.140855,994.601440,995.063587,995.526913,995.991669,996.458136,996.925676,997.394651,997.864998,998.337223,998.810398,999.284996,999.760980,1000.238596,1000.717587,1001.197930,1001.679725,1002.162959,1002.647906,1003.134078,1003.621732,1004.110753,1004.601373,1005.093563,1005.587171,1006.082282,1006.578903,1007.076935,1007.576592,1008.077776,1008.580513,1009.084814,1009.590635,1010.097990,1010.607071,1011.117549,1011.629598,1012.143429,1012.658639,1013.175439,1013.693919,1014.213909,1014.735512,1015.258754,1015.783698,1016.310173,1016.838284,1017.368036,1017.899478,1018.432535,1018.967254,1019.503585,1020.041648,1020.581469,1021.122986,1021.666139,1022.210959,1022.757506,1023.305770,1023.855759,1024.407598,1024.961198,1025.516410,1026.073442,1026.632161,1027.192648,1027.754995,1028.318963,1028.884796,1029.452518,1030.021953,1030.593256,1031.166271,1031.741191,1032.318001,1032.896697,1033.477118,1034.059397,1034.643581,1035.229599,1035.817511,1036.407299,1036.999012,1037.592603,1038.188169,1038.785594,1039.385157,1039.986547,1040.589784,1041.194865,1041.801960,1042.411294,1043.022472,1043.635726,1044.250810,1044.868140,1045.487241,1046.108362,1046.731549,1047.356746,1047.983982,1048.613295,1049.244651,1049.878081,1050.513354,1051.150948,1051.790650,1052.432521,1053.076437,1053.722494,1054.370653,1055.020992,1055.673485,1056.328182,1056.985013,1057.644113,1058.305372,1058.968781,1059.634401,1060.302242,1060.972363,1061.644674,1062.319236,1062.996058,1063.675160,1064.356567,1065.040228,1065.726213,1066.414463,1067.105046,1067.798036,1068.493297,1069.190908,1069.890926,1070.593395,1071.298034,1072.005152,1072.714672,1073.426605,1074.141090,1074.858070,1075.577309,1076.299133,1077.023533,1077.750118,1078.479248,1079.210884,1079.945098,1080.681739,1081.420938,1082.162683,1082.906983,1083.653928,1084.403376,1085.155415,1085.910328,1086.667694,1087.427577,1088.190210,1088.955381,1089.723214,1090.493684,1091.266876,1092.043022,1092.821604,1093.602927,1094.387057,1095.173975,1095.963540,1096.755999,1097.551338,1098.349258,1099.150092,1099.953645,1100.760034,1101.569209,1102.381308,1103.196368,1104.014294,1104.835058,1105.658736,1106.485343,1107.314890,1108.147669,1108.983155,1109.821609,1110.663059,1111.507518,1112.355001,1113.205560,1114.059133,1114.915771,1115.775490,1116.638302,1117.504224,1118.373280,1119.245462,1120.120796,1120.999297,1121.881151,1122.766102,1123.654193,1124.545510,1125.440089,1126.338036,1127.239124,1128.143498,1129.051176,1129.962310,1130.876640,1131.794318,1132.715649,1133.640448,1134.568271,1135.499507,1136.434173,1137.372290,1138.313862,1139.259181,1140.207727,1141.159784,1142.115593,1143.074722,1144.037537,1145.003761,1145.973629,1146.947106,1147.924213,1148.904967,1149.889385,1150.877462,1151.869261,1152.864807,1153.864059,1154.867098,1155.873943,1156.884508,1157.898854,1158.917053,1159.939122,1160.965027,1161.994814,1163.028619,1164.066225,1165.107768,1166.153268,1167.202744,1168.256215,1169.313855,1170.375375,1171.440948,1172.510529,1173.584269,1174.662121,1175.744245,1176.830384,1177.920686,1179.015192,1180.113912,1181.216867,1182.324077,1183.435564,1184.551360,1185.671462,1186.795835,1187.924637,1189.057822,1190.195410,1191.337423,1192.483978,1193.634908,1194.790328,1195.950362,1197.114831,1198.283924,1199.457531,1200.635741,1201.818703,1203.006188,1204.198343,1205.395254,1206.596840,1207.803183,1209.014258,1210.230316,1211.450991,1212.676503,1213.906979,1215.142236,1216.382402,1217.627507,1218.877564,1220.132604,1221.392651,1222.657632,1223.927876,1225.203097,1226.483425,1227.768888,1229.059510,1230.355318,1231.656338,1232.962595,1234.274116,1235.590955,1236.913083,1238.240556,1239.573398,1240.911639,1242.255304,1243.604422,1244.959019,1246.319123,1247.684762,1249.055997,1250.432790,1251.815202,1253.203263,1254.596999,1255.996440,1257.401615,1258.812553,1260.229186,1261.651737,1263.080139,1264.514864,1265.955057,1267.401191,1268.853295,1270.311474,1271.775610,1273.245809,1274.722100,1276.204473,1277.693043,1279.187798,1280.688772,1282.196027,1283.709530,1285.229347,1286.755509,1288.288048,1289.827015,1291.372408,1292.924276,1294.482652,1296.047571,1297.619065,1299.197167,1300.781913,1302.373341,1303.971473,1305.576510,1307.188166,1308.806637,1310.431957,1312.064160,1313.703283,1315.349277,1317.002344,1318.662436,1320.329645,1322.003897
947.412234,947.722683,948.034137,948.346329,948.659426,948.973156,949.288312,949.603876,949.920328,950.237572,950.555694,950.874563,951.194353,951.514809,951.836228,952.158601,952.481883,952.805828,953.130690,953.456430,953.783027,954.110540,954.438826,954.768057,955.098160,955.429321,955.761199,956.093970,956.427676,956.762386,957.097945,957.434358,957.771526,958.109877,958.449143,958.789223,959.130188,959.471997,959.814813,960.158561,960.503137,960.848788,961.195271,961.542697,961.890946,962.240423,962.590779,962.942109,963.294409,963.647678,964.001768,964.357033,964.713192,965.070330,965.428576,965.787709,966.147806,966.508958,966.871057,967.234363,967.598486,967.963717,968.330139,968.697388,969.065538,969.434746,969.804946,970.176231,970.548494,970.921827,971.296172,971.671588,972.048025,972.425515,972.804068,973.183676,973.564346,973.946076,974.328889,974.712815,975.097743,975.483797,975.870960,976.259409,976.648796,977.039278,977.430822,977.823468,978.217227,978.612112,979.008066,979.405188,979.803439,980.202745,980.603246,981.004834,981.407652,981.811713,982.216897,982.623275,983.030716,983.439290,983.849072,984.260031,984.672192,985.085416,985.499890,985.915601,986.332613,986.750728,987.170122,987.590777,988.012532,988.435459,988.859842,989.285279,989.712167,990.140097,990.569257,990.999750,991.431398,991.864324,992.298654,992.734176,993.170912,993.608928,994.048229,994.488813,994.930763,995.373914,995.818402,996.264200,996.711387,997.159820,997.609662,998.060887,998.513310,998.967026,999.422312,999.878772,1000.336587,1000.795763,1001.256774,1001.718691,1002.182142,1002.646777,1003.112933,1003.580392,1004.049249,1004.519583,1004.991255,1005.464539,1005.938960,1006.414925,1006.892180,1007.370986,1007.851316,1008.333015,1008.816169,1009.300784,1009.786763,1010.274319,1010.763413,1011.253931,1011.745957,1012.239461,1012.734466,1013.231148,1013.729176,1014.228930,1014.730005,1015.232613,1015.736843,1016.242534,1016.749767,1017.258579,1017.769040,1018.280972,1018.794480,1019.309571,1019.826291,1020.344566,1020.864442,1021.385927,1021.909027,1022.433689,1022.960061,1023.488175,1024.017800,1024.549076,1025.082002,1025.616590,1026.152987,1026.691041,1027.230650,1027.772026,1028.315029,1028.859729,1029.406224,1029.954350,1030.504124,1031.055704,1031.609114,1032.164177,1032.721047,1033.279622,1033.840079,1034.402237,1034.966134,1035.531844,1036.099366,1036.668652,1037.239749,1037.812665,1038.387420,1038.963996,1039.542442,1040.122786,1040.704996,1041.288985,1041.875056,1042.462799,1043.052427,1043.643849,1044.237257,1044.832961,1045.430285,1046.029478,1046.630827,1047.233926,1047.838954,1048.445979,1049.054938,1049.665882,1050.278826,1050.893744,1051.510666,1052.129599,1052.750546,1053.373288,1053.998368,1054.625434,1055.254542,1055.885727,1056.518951,1057.154291,1057.791721,1058.431290,1059.072929,1059.716771,1060.362707,1061.010726,1061.660891,1062.313210,1062.967743,1063.624409,1064.283236,1064.944267,1065.607510,1066.272989,1066.940653,1067.610572,1068.282686,1068.957063,1069.633777,1070.312691,1070.993885,1071.677414,1072.363322,1073.051415,1073.741741,1074.434483,1075.129566,1075.827125,1076.527107,1077.229273,1077.933949,1078.640981,1079.350413,1080.062174,1080.776461,1081.493076,1082.212080,1082.933597,1083.657599,1084.384117,1085.113075,1085.844529,1086.578557,1087.315253,1088.054275,1088.795952,1089.540190,1090.286883,1091.036157,1091.788022,1092.542453,1093.299671,1094.059502,1094.821830,1095.586902,1096.354675,1097.125010,1097.898154,1098.673962,1099.452523,1100.233782,1101.017672,1101.804310,1102.593709,1103.385817,1104.180774,1104.978614,1105.779244,1106.582633,1107.388860,1108.197936,1109.010151,1109.824981,1110.642685,1111.463291,1112.286813,1113.113264,1113.942696,1114.775046,1115.610365,1116.448667,1117.289967,1118.134277,1118.981613,1119.832000,1120.685427,1121.541921,1122.401497,1123.264412,1124.130193,1124.999100,1125.871165,1126.746364,1127.624864,1128.506415,1129.391164,1130.279265,1131.170455,1132.064889,1132.962867,1133.864114,1134.768461,1135.676021,1136.586902,1137.501118,1138.418691,1139.339625,1140.264212,1141.191929,1142.123061,1143.057850,1143.995861,1144.937460,1145.882371,1146.830827,1147.782794,1148.738290,1149.697333,1150.659940,1151.626104,1152.595889,1153.569319,1154.546352,1155.527068,1156.511486,1157.499520,1158.491230,1159.486688,1160.485883,1161.488860,1162.495585,1163.506221,1164.520549,1165.538705,1166.560709,1167.586578,1168.616332,1169.649989,1170.687723,1171.729243,1172.774658,1173.824118,1174.877576,1175.935191,1176.996705,1178.062267,1179.131915,1180.205660,1181.283522,1182.365520,1183.451676,1184.542008,1185.636552,1186.735232,1187.838219,1188.945466,1190.056993,1191.172822,1192.292974,1193.417564,1194.546425,1195.679672,1196.817427,1197.959579,1199.106116,1200.257126,1201.412632,1202.572783,1203.737348,1204.906474,1206.080265,1207.258585,1208.441568,1209.629273,1210.821648,1212.018629,1213.220334,1214.426888,1215.638110,1216.854131,1218.074964,1219.300639,1220.531180,1221.766611,1223.006858,1224.252250,1225.502498,1226.757735,1228.017986,1229.283275,1230.553628,1231.829070,1233.109626,1234.395323,1235.686213,1236.982268,1238.283542,1239.590059,1240.901847,1242.218932,1243.541340,1244.869100,1246.202236,1247.540778,1248.884783,1250.234215,1251.589134,1252.949568,1254.315544,1255.687090,1257.064235,1258.447006,1259.835335,1261.229446,1262.629268,1264.034833,1265.446611,1266.863747,1268.286712,1269.715535,1271.150322,1272.590953,1274.037533,1275.490050,1276.948618,1278.413225,1279.883903,1281.360682,1282.843626,1284.332701,1285.827970,1287.329467,1288.837239,1290.351284,1291.871651,1293.398372,1294.931480,1296.471008,1298.016987,1299.569452,1301.128435,1302.693976,1304.266096,1305.844993,1307.430383,1309.022460,1310.621258,1312.226810,1313.839152,1315.458236,1317.084261,1318.717180,1320.357084,1322.003897
952.848746,953.156179,953.464294,953.773315,954.083164,954.393781,954.705128,955.017295,955.330249,955.644036,955.958775,956.274407,956.590715,956.907737,957.225720,957.544547,957.864257,958.184738,958.506068,958.828443,959.151547,959.475479,959.800287,960.125987,960.452662,960.780157,961.108463,961.437519,961.767716,962.098797,962.430663,962.763383,963.096996,963.431427,963.766838,964.103046,964.440298,964.778352,965.117470,965.457215,965.798067,966.139867,966.482624,966.826251,967.170843,967.516289,967.862948,968.210359,968.558716,968.908023,969.258309,969.609526,969.961895,970.315048,970.669443,971.024552,971.380736,971.737829,972.096046,972.455046,972.815035,973.176071,973.538047,973.901022,974.265100,974.630071,974.996040,975.363048,975.731073,976.100119,976.470208,976.841307,977.213426,977.586661,977.960886,978.336157,978.712474,979.089899,979.468376,979.847868,980.228433,980.610028,980.992693,981.376434,981.761263,982.147166,982.534111,982.922112,983.311287,983.701560,984.092962,984.485486,984.879087,985.273797,985.669683,986.066681,986.464763,986.863940,987.264290,987.665837,988.068335,988.472102,988.876997,989.283212,989.690541,990.099084,990.508680,990.919452,991.331353,991.744690,992.159209,992.574728,992.991543,993.409462,993.828588,994.248925,994.670564,995.093338,995.517434,995.942665,996.369129,996.796828,997.225777,997.655973,998.087448,998.520243,998.954216,999.389458,999.825973,1000.264031,1000.703102,1001.143431,1001.585122,1002.028175,1002.472433,1002.917999,1003.364878,1003.813399,1004.263221,1004.714071,1005.166255,1005.619828,1006.074766,1006.530981,1006.988551,1007.447481,1007.907990,1008.369639,1008.832680,1009.296930,1009.762739,1010.229939,1010.698618,1011.168618,1011.640027,1012.112852,1012.586992,1013.062722,1013.539839,1014.018419,1014.498353,1014.979779,1015.462658,1015.947164,1016.432968,1016.920449,1017.409202,1017.899521,1018.391245,1018.884481,1019.379200,1019.875515,1020.373249,1020.872506,1021.373288,1021.875601,1022.379491,1022.884884,1023.391826,1023.900324,1024.410384,1024.921954,1025.435157,1025.950014,1026.466466,1026.984451,1027.504141,1028.025313,1028.548098,1029.072503,1029.598733,1030.126393,1030.655698,1031.186741,1031.719345,1032.253533,1032.789463,1033.327067,1033.866439,1034.407415,1034.950181,1035.494603,1036.040745,1036.588526,1037.138078,1037.689344,1038.242322,1038.797044,1039.353517,1039.911748,1040.471757,1041.033525,1041.597074,1042.162615,1042.729746,1043.298667,1043.869559,1044.442178,1045.016565,1045.592784,1046.170850,1046.750931,1047.332806,1047.916653,1048.502152,1049.089531,1049.678855,1050.270016,1050.863080,1051.458075,1052.054976,1052.653797,1053.254553,1053.857253,1054.461899,1055.068511,1055.676911,1056.287468,1056.900010,1057.514532,1058.131070,1058.749585,1059.370152,1059.992787,1060.617420,1061.244097,1061.872915,1062.503763,1063.136630,1063.771577,1064.408614,1065.047799,1065.689052,1066.332401,1066.977897,1067.625518,1068.275318,1068.927261,1069.581321,1070.237568,1070.896003,1071.556699,1072.219527,1072.884610,1073.551868,1074.221355,1074.893207,1075.567096,1076.243331,1076.921834,1077.602743,1078.286002,1078.971372,1079.659143,1080.349271,1081.041693,1081.736467,1082.433484,1083.132862,1083.834576,1084.538681,1085.245201,1085.954196,1086.665531,1087.379296,1088.095553,1088.814399,1089.535494,1090.259165,1090.985305,1091.713846,1092.444875,1093.178415,1093.914441,1094.653037,1095.394435,1096.138114,1096.884380,1097.633412,1098.384849,1099.139011,1099.895666,1100.655164,1101.417189,1102.181759,1102.948991,1103.718897,1104.491489,1105.266717,1106.044804,1106.825528,1107.609051,1108.395259,1109.184227,1109.976244,1110.770785,1111.568110,1112.368245,1113.171205,1113.977001,1114.785686,1115.597195,1116.411580,1117.228854,1118.049031,1118.872123,1119.698145,1120.527122,1121.359043,1122.193933,1123.031807,1123.872850,1124.716806,1125.563714,1126.413662,1127.266684,1128.122753,1128.982036,1129.844284,1130.709642,1131.578264,1132.449887,1133.324665,1134.202898,1135.084311,1135.968733,1136.856277,1137.747050,1138.641067,1139.538349,1140.439168,1141.343010,1142.250156,1143.160624,1144.074654,1144.991811,1145.912461,1146.836329,1147.763640,1148.694366,1149.628525,1150.566133,1151.507206,1152.451760,1153.399789,1154.351357,1155.306484,1156.265165,1157.227446,1158.193241,1159.162636,1160.135620,1161.112265,1162.092588,1163.076553,1164.064324,1165.055680,1166.050758,1167.049576,1168.052152,1169.058503,1170.068649,1171.082762,1172.100551,1173.122124,1174.147630,1175.177023,1176.210321,1177.247682,1178.288847,1179.333966,1180.383076,1181.436187,1182.493318,1183.554490,1184.619721,1185.689114,1186.762455,1187.839916,1188.921585,1190.007413,1191.097422,1192.191631,1193.290157,1194.392829,1195.499764,1196.611082,1197.726605,1198.846520,1199.970716,1201.099280,1202.232261,1203.369726,1204.511524,1205.657838,1206.808587,1207.963816,1209.123601,1210.287996,1211.456952,1212.630402,1213.808464,1214.991264,1216.178618,1217.370658,1218.567397,1219.768862,1220.975079,1222.186069,1223.401759,1224.622477,1225.847934,1227.078261,1228.313483,1229.553623,1230.798708,1232.048760,1233.303806,1234.563870,1235.829004,1237.099179,1238.374449,1239.654838,1240.940372,1242.231078,1243.526980,1244.828105,1246.134480,1247.446131,1248.763116,1250.085398,1251.413036,1252.746057,1254.084488,1255.428356,1256.777690,1258.132515,1259.492861,1260.858658,1262.230128,1263.607202,1264.990352,1266.378721,1267.772780,1269.172558,1270.578157,1271.989460,1273.406569,1274.829513,1276.258282,1277.692987,1279.133617,1280.580203,1282.032806,1283.491393,1284.956026,1286.426737,1287.903556,1289.386532,1290.875661,1292.370992,1293.872556,1295.380387,1296.894514,1298.414971,1299.941791,1301.475004,1303.014651,1304.560751,1306.113504,1307.672623,1309.238301,1310.810573,1312.389471,1313.975029,1315.567199,1317.166181,1318.771925,1320.384523,1322.003897
958.315524,958.619475,958.924234,959.229703,959.536021,959.843257,960.151347,960.460095,960.769561,961.079932,961.391130,961.703120,962.015897,962.329691,962.644193,962.959482,963.275618,963.592589,963.910424,964.229206,964.548765,964.869133,965.190209,965.512397,965.835439,966.159237,966.483860,966.809346,967.135620,967.462845,967.790837,968.119917,968.449717,968.780335,969.111878,969.444322,969.777723,970.112147,970.447342,970.783441,971.120472,971.458345,971.797169,972.136908,972.477565,972.819275,973.162004,973.505496,973.849896,974.195205,974.541558,974.888865,975.236989,975.586170,975.936369,976.287348,976.639286,976.992186,977.346104,977.700986,978.056752,978.413536,978.771297,979.130041,979.489772,979.850589,980.212303,980.575002,980.938703,981.303436,981.669394,982.036012,982.403813,982.772613,983.142409,983.513285,983.885137,984.258022,984.631946,985.006911,985.382932,985.759992,986.138050,986.517280,986.897512,987.278709,987.661116,988.044561,988.429076,988.814729,989.201411,989.589225,989.978089,990.368012,990.759056,991.151244,991.544417,991.938883,992.334460,992.731208,993.128963,993.527848,993.928069,994.329177,994.731479,995.135024,995.539821,995.945578,996.352495,996.760576,997.169827,997.580355,997.992001,998.404785,998.818792,999.233950,999.650309,1000.067943,1000.486707,1000.906681,1001.327892,1001.750309,1002.174119,1002.599063,1003.025154,1003.452518,1003.881050,1004.310868,1004.742082,1005.174363,1005.607951,1006.042964,1006.479414,1006.916817,1007.355644,1007.795687,1008.236999,1008.679556,1009.123415,1009.568579,1010.015054,1010.462897,1010.912173,1011.362596,1011.814367,1012.267303,1012.721752,1013.177629,1013.634778,1014.093286,1014.553155,1015.014393,1015.476983,1015.940974,1016.406349,1016.873159,1017.341320,1017.810839,1018.281807,1018.754355,1019.228360,1019.703582,1020.180317,1020.658402,1021.137946,1021.618917,1022.101340,1022.585311,1023.070650,1023.557463,1024.045751,1024.535560,1025.026815,1025.519563,1026.013810,1026.509561,1027.006822,1027.505601,1028.005844,1028.507748,1029.011255,1029.516243,1030.022717,1030.530709,1031.040277,1031.551486,1032.064316,1032.578599,1033.094557,1033.612026,1034.131088,1034.651679,1035.173957,1035.697941,1036.223461,1036.750713,1037.279506,1037.809925,1038.342188,1038.875879,1039.411329,1039.948408,1040.487190,1041.027633,1041.569768,1042.113603,1042.659143,1043.206508,1043.755483,1044.306290,1044.858726,1045.412905,1045.968815,1046.526708,1047.086155,1047.647450,1048.210588,1048.775265,1049.342186,1049.910615,1050.480799,1051.052835,1051.626658,1052.202335,1052.779848,1053.359187,1053.940379,1054.523441,1055.108365,1055.695166,1056.283847,1056.874427,1057.466676,1058.061117,1058.657425,1059.255658,1059.855811,1060.457920,1061.061944,1061.667961,1062.275984,1062.885943,1063.497885,1064.111905,1064.727893,1065.345837,1065.965799,1066.587787,1067.211859,1067.837946,1068.466054,1069.096234,1069.728485,1070.362874,1070.999291,1071.637784,1072.278398,1072.921133,1073.565993,1074.213101,1074.862237,1075.513525,1076.166975,1076.822720,1077.480434,1078.140424,1078.802613,1079.467044,1080.133942,1080.802787,1081.473961,1082.147422,1082.823121,1083.501067,1084.181200,1084.863620,1085.548304,1086.235305,1086.924719,1087.616407,1088.310399,1089.006826,1089.705542,1090.406835,1091.110300,1091.816156,1092.524622,1093.235302,1093.948393,1094.663916,1095.381884,1096.102269,1096.825413,1097.550759,1098.278724,1099.009148,1099.742010,1100.477516,1101.215432,1101.956022,1102.699229,1103.444812,1104.192974,1104.943725,1105.697079,1106.452982,1107.211660,1107.972889,1108.736831,1109.503371,1110.272583,1111.044721,1111.819368,1112.596674,1113.376702,1114.159464,1114.944985,1115.733280,1116.524321,1117.318146,1118.114769,1118.914202,1119.716458,1120.521550,1121.329504,1122.140307,1122.953986,1123.770553,1124.590022,1125.412577,1126.237962,1127.066218,1127.897429,1128.731629,1129.568925,1130.409086,1131.252258,1132.098594,1132.947830,1133.800119,1134.655475,1135.514481,1136.376016,1137.240752,1138.108522,1138.979431,1139.853494,1140.730732,1141.611417,1142.495032,1143.381861,1144.272144,1145.165446,1146.062007,1146.961967,1147.865051,1148.771482,1149.681235,1150.594324,1151.510766,1152.430576,1153.353771,1154.280342,1155.210353,1156.143860,1157.080753,1158.021180,1158.965021,1159.912360,1160.863188,1161.817574,1162.775536,1163.737037,1164.702121,1165.670924,1166.643225,1167.619161,1168.598749,1169.582007,1170.568951,1171.559756,1172.554128,1173.552241,1174.554047,1175.559696,1176.569139,1177.582534,1178.599622,1179.620551,1180.645359,1181.674054,1182.706656,1183.743183,1184.783655,1185.828173,1186.876522,1187.928874,1188.985317,1190.045801,1191.110346,1192.178971,1193.251698,1194.328641,1195.409630,1196.494780,1197.584212,1198.677813,1199.775570,1200.877571,1201.983836,1203.094513,1204.209370,1205.328554,1206.452166,1207.580069,1208.712398,1209.849107,1210.990351,1212.136047,1213.286128,1214.440710,1215.599920,1216.763573,1217.931799,1219.104611,1220.282038,1221.464101,1222.650824,1223.842239,1225.038351,1226.239194,1227.444790,1228.655163,1229.870338,1231.090337,1232.315185,1233.544906,1234.779525,1236.019093,1237.263580,1238.513040,1239.767495,1241.026972,1242.291495,1243.561090,1244.835783,1246.115598,1247.400563,1248.690733,1249.986073,1251.286639,1252.592458,1253.903557,1255.219962,1256.541700,1257.868798,1259.201282,1260.539084,1261.882424,1263.231233,1264.585981,1265.945811,1267.311194,1268.682158,1270.058730,1271.441013,1272.828888,1274.222458,1275.621710,1277.026755,1278.437582,1279.854220,1281.276699,1282.705080,1284.139329,1285.579507,1287.025646,1288.477775,1289.935944,1291.400146,1292.870430,1294.346829,1295.829372,1297.318090,1298.813017,1300.314182,1301.821619,1303.335365,1304.855440,1306.382042,1307.914884,1309.454160,1310.999901,1312.552141,1314.110913,1315.676167,1317.248103,1318.826671,1320.411962,1322.003897
963.811728,964.112414,964.413632,964.715707,965.018633,965.322295,965.626761,965.931974,966.238164,966.545049,966.852702,967.161164,967.470434,967.780527,968.091552,968.403339,968.715894,969.029129,969.343447,969.658592,969.974464,970.291131,970.608635,970.926919,971.246178,971.566116,971.887022,972.208669,972.531112,972.854526,973.178819,973.503973,973.829994,974.156881,974.484642,974.813386,975.142778,975.473374,975.804784,976.136987,976.470044,976.804019,977.138928,977.474676,977.811337,978.149011,978.487608,978.827046,979.167452,979.508787,979.850927,980.194046,980.538042,980.882969,981.228856,981.575643,981.923391,982.272161,982.621802,982.972407,983.323957,983.676473,984.029946,984.384604,984.740002,985.096435,985.453697,985.812046,986.171392,986.531706,986.893066,987.255365,987.618663,987.982963,988.348336,988.714711,989.082050,989.450275,989.819642,990.190033,990.561452,990.933845,991.307332,991.681864,992.057491,992.434109,992.811804,993.190527,993.570309,993.951118,994.333205,994.716050,995.100135,995.485390,995.871608,996.259115,996.647511,997.037001,997.427624,997.819331,998.212147,998.606237,999.001264,999.397410,999.794680,1000.193181,1000.592773,1000.993439,1001.395229,1001.798181,1002.202388,1002.607643,1003.014057,1003.421632,1003.830375,1004.240246,1004.651581,1005.063945,1005.477400,1005.892077,1006.307914,1006.724949,1007.143146,1007.562591,1007.983392,1008.405377,1008.828471,1009.252791,1009.678739,1010.105526,1010.533788,1010.963019,1011.393540,1011.825316,1012.258350,1012.692700,1013.128267,1013.565272,1014.003392,1014.442780,1014.883359,1015.325286,1015.768570,1016.213240,1016.659136,1017.106346,1017.554892,1018.004808,1018.455888,1018.908404,1019.362260,1019.817505,1020.274056,1020.731919,1021.191353,1021.652193,1022.114197,1022.577663,1023.042445,1023.508596,1023.976140,1024.445083,1024.915529,1025.387277,1025.860444,1026.335037,1026.811097,1027.288548,1027.767437,1028.247770,1028.729551,1029.212788,1029.697486,1030.183650,1030.671370,1031.160536,1031.651158,1032.143329,1032.636935,1033.132083,1033.628680,1034.126790,1034.626631,1035.127789,1035.630476,1036.134706,1036.640411,1037.147737,1037.656720,1038.167256,1038.679274,1039.192868,1039.708090,1040.224924,1040.743342,1041.263308,1041.784889,1042.308062,1042.832873,1043.359338,1043.887413,1044.417131,1044.948596,1045.481618,1046.016315,1046.552745,1047.090803,1047.630512,1048.171915,1048.715001,1049.260089,1049.806745,1050.354978,1050.905050,1051.456799,1052.010296,1052.565560,1053.122490,1053.681181,1054.241640,1054.803919,1055.367938,1055.933747,1056.501361,1057.070774,1057.642000,1058.215041,1058.789917,1059.366628,1059.945012,1060.525410,1061.107675,1061.691809,1062.277803,1062.865694,1063.455442,1064.047163,1064.640751,1065.236254,1065.833766,1066.433124,1067.034474,1067.637719,1068.242921,1068.850086,1069.459285,1070.070415,1070.683514,1071.298645,1071.915795,1072.534925,1073.156058,1073.779238,1074.404466,1075.031744,1075.661127,1076.292601,1076.926083,1077.561650,1078.199312,1078.839204,1079.481083,1080.124998,1080.771163,1081.419624,1082.070141,1082.722723,1083.377763,1084.034736,1084.693798,1085.355257,1086.018778,1086.684514,1087.352477,1088.022689,1088.695132,1089.369849,1090.046797,1090.726100,1091.407631,1092.091659,1092.777785,1093.466226,1094.157203,1094.850307,1095.545768,1096.243575,1096.943749,1097.646264,1098.351325,1099.058798,1099.768641,1100.480883,1101.195483,1101.912647,1102.632143,1103.354232,1104.078857,1104.805777,1105.535194,1106.267119,1107.001564,1107.738540,1108.478080,1109.220151,1109.964787,1110.712064,1111.461865,1112.214506,1112.969571,1113.727208,1114.487481,1115.250400,1116.015991,1116.784269,1117.555203,1118.328833,1119.105170,1119.884229,1120.666020,1121.450556,1122.237863,1123.027927,1123.820775,1124.616418,1125.414871,1126.216144,1127.020496,1127.827452,1128.637268,1129.449959,1130.265556,1131.084167,1131.905698,1132.730017,1133.557277,1134.387491,1135.220674,1136.057407,1136.896568,1137.738738,1138.584024,1139.432256,1140.283539,1141.137889,1141.995324,1142.856118,1143.719752,1144.586509,1145.456631,1146.329681,1147.205898,1148.085422,1148.967979,1149.853789,1150.742827,1151.635108,1152.530647,1153.429460,1154.331562,1155.236944,1156.145671,1157.057796,1157.973210,1158.891992,1159.814225,1160.739790,1161.668744,1162.601157,1163.537018,1164.476370,1165.419178,1166.365602,1167.315422,1168.268773,1169.225673,1170.186138,1171.150185,1172.117986,1173.089250,1174.064148,1175.042632,1176.024850,1177.010755,1178.000365,1178.993836,1179.990908,1180.991729,1181.996337,1183.004739,1184.016954,1185.033001,1186.052898,1187.076747,1188.104331,1189.135823,1190.171308,1191.210738,1192.254132,1193.301509,1194.352983,1195.408385,1196.467828,1197.531332,1198.599085,1199.670772,1200.746580,1201.826529,1202.910668,1203.999061,1205.091558,1206.188277,1207.289319,1208.394547,1209.504095,1210.618016,1211.736260,1212.858760,1213.985630,1215.116997,1216.252675,1217.392788,1218.537366,1219.686418,1220.839972,1221.998051,1223.160677,1224.327881,1225.499669,1226.676072,1227.857114,1229.042816,1230.233203,1231.428298,1232.628124,1233.832705,1235.042064,1236.256252,1237.475241,1238.699079,1239.927793,1241.161405,1242.399941,1243.643426,1244.891884,1246.145339,1247.403819,1248.667378,1249.935979,1251.209680,1252.488505,1253.772481,1255.061634,1256.355990,1257.655574,1258.960414,1260.270438,1261.585867,1262.906632,1264.232760,1265.564719,1266.901653,1268.244030,1269.591879,1270.945301,1272.304177,1273.668607,1275.038620,1276.414204,1277.795469,1279.182403,1280.575033,1281.973390,1283.377535,1284.787433,1286.203144,1287.624698,1289.052144,1290.485475,1291.924739,1293.369967,1294.821189,1296.278435,1297.741736,1299.211123,1300.686628,1302.168280,1303.656119,1305.150162,1306.650607,1308.157168,1309.670036,1311.189243,1312.714821,1314.246803,1315.785139,1317.330027,1318.881419,1320.439401,1322.003897
969.337698,969.634694,969.932662,970.231294,970.530643,970.830783,971.131700,971.433387,971.735988,972.039295,972.343430,972.648191,972.953834,973.260418,973.567863,973.875908,974.184833,974.494491,974.804896,975.116178,975.428297,975.741245,976.054770,976.369333,976.684578,977.000798,977.317850,977.635741,977.954468,978.274241,978.594803,978.916079,979.238196,979.561168,979.884997,980.209687,980.535264,980.861744,981.189033,981.517306,981.846545,982.176462,982.507261,982.839053,983.171798,983.505262,983.839621,984.174877,984.511057,984.848197,985.186150,985.525030,985.864822,986.205543,986.547172,986.889725,987.233350,987.577853,987.923234,988.269504,988.616732,988.964797,989.313907,989.663989,990.015005,990.367071,990.720031,991.073988,991.428852,991.784688,992.141498,992.499219,992.857989,993.217701,993.578445,993.940147,994.302857,994.666589,995.031388,995.397114,995.763868,996.131680,996.500467,996.870275,997.241193,997.613056,997.985978,998.360156,998.735131,999.111150,999.488301,999.866422,1000.245564,1000.625801,1001.007119,1001.389488,1001.772930,1002.157627,1002.543328,1002.930011,1003.317843,1003.706705,1004.096740,1004.487781,1004.879940,1005.273212,1005.667633,1006.063135,1006.459758,1006.857687,1007.256565,1007.656685,1008.057870,1008.460172,1008.863611,1009.268202,1009.673947,1010.080848,1010.489039,1010.898422,1011.308905,1011.720447,1012.133217,1012.547499,1012.962739,1013.379083,1013.796728,1014.215477,1014.635434,1015.056606,1015.479046,1015.902659,1016.327663,1016.753737,1017.181048,1017.609584,1018.039234,1018.470263,1018.902651,1019.336237,1019.771071,1020.207176,1020.644619,1021.083281,1021.523126,1021.964364,1022.406943,1022.850778,1023.295918,1023.742533,1024.190469,1024.639577,1025.090077,1025.541825,1025.994909,1026.449335,1026.905207,1027.362334,1027.820817,1028.280664,1028.741867,1029.204497,1029.668466,1030.133819,1030.600563,1031.068702,1031.538243,1032.009332,1032.481692,1032.955470,1033.430672,1033.907295,1034.385384,1034.865047,1035.346020,1035.828409,1036.312359,1036.797686,1037.284605,1037.772878,1038.262627,1038.753793,1039.246634,1039.740868,1040.236695,1040.733946,1041.232755,1041.733046,1042.234857,1042.738298,1043.243197,1043.749701,1044.257653,1044.767258,1045.278390,1045.791218,1046.305503,1046.821374,1047.338839,1047.857903,1048.378663,1048.900945,1049.424872,1049.950400,1050.477560,1051.006422,1051.537122,1052.069317,1052.603295,1053.138719,1053.675770,1054.214526,1054.755167,1055.297325,1055.841185,1056.386772,1056.934054,1057.483081,1058.033815,1058.586285,1059.140505,1059.696469,1060.254186,1060.813674,1061.374935,1061.938036,1062.502633,1063.069249,1063.637675,1064.207912,1064.779953,1065.353799,1065.929552,1066.507106,1067.086509,1067.667768,1068.250978,1068.835974,1069.422903,1070.011667,1070.602327,1071.194953,1071.789429,1072.385836,1072.984174,1073.584436,1074.186679,1074.790818,1075.396940,1076.005024,1076.615140,1077.227197,1077.841249,1078.457374,1079.075443,1079.695532,1080.317651,1080.941934,1081.568139,1082.196314,1082.826674,1083.459262,1084.093839,1084.730613,1085.369385,1086.010211,1086.653062,1087.298242,1087.945414,1088.594733,1089.246279,1089.899887,1090.555679,1091.213680,1091.873939,1092.536338,1093.200956,1093.868000,1094.537068,1095.208380,1095.882153,1096.557980,1097.236090,1097.916472,1098.599146,1099.284085,1099.971374,1100.661355,1101.353282,1102.047572,1102.744289,1103.443419,1104.144803,1104.848702,1105.554972,1106.263631,1106.974621,1107.688040,1108.403897,1109.122205,1109.842997,1110.566238,1111.291962,1112.020244,1112.751208,1113.484449,1114.220271,1114.958580,1115.699440,1116.442874,1117.188870,1117.937480,1118.688659,1119.442448,1120.198857,1120.957900,1121.719587,1122.483931,1123.250957,1124.020651,1124.793038,1125.568131,1126.345942,1127.126482,1127.909839,1128.696049,1129.484856,1130.276444,1131.070826,1131.868166,1132.668312,1133.471152,1134.276836,1135.085379,1135.896793,1136.711092,1137.528859,1138.348968,1139.172002,1139.998067,1140.826992,1141.658882,1142.493752,1143.331622,1144.172762,1145.016655,1145.863809,1146.713787,1147.566829,1148.422949,1149.282245,1150.144565,1151.010007,1151.878585,1152.750313,1153.625208,1154.503283,1155.384553,1156.269010,1157.156751,1158.047728,1158.941932,1159.839407,1160.740238,1161.644304,1162.551661,1163.462379,1164.376447,1165.293907,1166.214722,1167.139054,1168.066682,1168.997739,1169.932243,1170.870211,1171.811657,1172.756755,1173.705211,1174.657197,1175.612665,1176.571761,1177.534437,1178.500712,1179.470741,1180.444263,1181.421426,1182.402266,1183.386792,1184.375021,1185.366970,1186.362659,1187.362187,1188.365339,1189.372284,1190.383111,1191.397767,1192.416272,1193.438645,1194.465000,1195.495165,1196.529254,1197.567286,1198.609382,1199.655426,1200.705404,1201.759404,1202.817472,1203.879573,1204.945853,1206.016134,1207.090554,1208.169156,1209.251859,1210.338776,1211.429963,1212.525366,1213.624918,1214.728735,1215.836940,1216.949348,1218.066084,1219.187174,1220.312630,1221.442477,1222.576738,1223.715434,1224.858597,1226.006231,1227.158367,1228.315027,1229.476234,1230.642010,1231.812378,1232.987362,1234.166983,1235.351265,1236.540259,1237.733933,1238.932339,1240.135499,1241.343437,1242.556178,1243.773746,1244.996164,1246.223456,1247.455649,1248.692797,1249.934861,1251.181899,1252.433936,1253.690996,1254.953104,1256.220287,1257.492570,1258.769977,1260.052536,1261.340175,1262.633115,1263.931283,1265.235151,1266.543858,1267.857875,1269.177228,1270.501909,1271.832124,1273.167647,1274.508615,1275.855015,1277.206955,1278.564423,1279.927448,1281.296057,1282.670310,1284.050173,1285.435705,1286.826935,1288.223893,1289.626625,1291.035125,1292.449441,1293.869602,1295.295637,1296.727577,1298.165452,1299.609291,1301.059126,1302.514994,1303.976912,1305.444917,1306.919200,1308.399474,1309.885930,1311.378598,1312.877511,1314.382700,1315.894116,1317.411955,1318.936222,1320.466840,1322.003897
974.893321,975.186819,975.481099,975.776241,976.072090,976.368674,976.665857,976.964067,977.263122,977.562773,977.863177,978.164470,978.466336,978.769066,979.072582,979.376781,979.681773,979.987585,980.294271,980.601814,980.910138,981.219230,981.529132,981.839974,982.151584,982.463846,982.776995,983.090981,983.405792,983.721432,984.037903,984.355232,984.673491,984.992472,985.312539,985.633225,985.954800,986.277172,986.600508,986.924711,987.249737,987.575547,987.902200,988.229794,988.558214,988.887495,989.217673,989.548743,989.880686,990.213732,990.547455,990.882148,991.217665,991.554079,991.891390,992.229620,992.568728,992.908783,993.249776,993.591730,993.934576,994.278348,994.623023,994.968632,995.315179,995.662589,996.011031,996.360410,996.710697,997.062023,997.414189,997.767376,998.121579,998.476716,998.832831,999.189915,999.548022,999.907188,1000.267220,1000.628276,1000.990614,1001.353580,1001.717516,1002.082616,1002.448641,1002.815677,1003.183744,1003.552783,1003.922876,1004.293996,1004.666147,1005.039332,1005.413838,1005.789179,1006.165552,1006.542912,1006.921326,1007.300792,1007.681325,1008.062905,1008.445572,1008.829528,1009.214346,1009.600244,1009.987263,1010.375421,1010.764545,1011.154874,1011.546239,1011.938720,1012.332301,1012.727154,1013.123035,1013.520114,1013.918140,1014.317333,1014.717614,1015.119081,1015.522110,1015.925869,1016.330781,1016.736808,1017.144180,1017.552575,1017.962192,1018.372931,1018.784849,1019.198114,1019.612403,1020.027887,1020.444550,1020.862317,1021.281383,1021.701740,1022.123251,1022.545983,1022.970002,1023.395187,1023.821607,1024.249265,1024.678065,1025.108260,1025.539663,1025.972325,1026.406456,1026.841792,1027.278258,1027.716086,1028.155111,1028.595425,1029.037031,1029.480034,1029.924240,1030.369754,1030.816581,1031.264726,1031.714222,1032.165018,1032.617148,1033.070617,1033.525572,1033.981734,1034.439250,1034.898127,1035.358369,1035.819981,1036.282969,1036.747408,1037.213188,1037.680418,1038.148986,1038.619008,1039.090368,1039.563143,1040.037461,1040.513183,1040.990158,1041.468648,1041.948582,1042.430099,1042.912936,1043.397234,1043.882997,1044.370218,1044.859015,1045.349218,1045.840906,1046.334146,1046.828832,1047.325116,1047.822824,1048.322077,1048.822832,1049.325120,1049.828946,1050.334318,1050.841315,1051.349808,1051.859881,1052.371495,1052.884763,1053.399645,1053.915996,1054.434421,1054.953985,1055.475217,1055.998042,1056.522347,1057.048455,1057.576203,1058.105521,1058.636488,1059.169111,1059.703420,1060.239376,1060.777008,1061.316330,1061.857336,1062.400034,1062.944441,1063.490621,1064.038459,1064.588022,1065.139087,1065.692115,1066.246899,1066.803424,1067.361724,1067.921800,1068.483646,1069.047277,1069.612700,1070.180008,1070.749037,1071.319934,1071.892599,1072.467105,1073.043438,1073.621665,1074.201720,1074.783611,1075.367371,1075.953044,1076.540544,1077.129958,1077.721266,1078.314535,1078.909675,1079.506740,1080.105738,1080.706747,1081.309637,1081.914484,1082.521422,1083.130211,1083.740983,1084.353694,1084.968646,1085.585526,1086.204415,1086.825324,1087.448267,1088.073203,1088.700096,1089.329252,1089.960333,1090.593564,1091.228813,1091.866125,1092.505554,1093.147186,1093.790880,1094.436707,1095.084891,1095.735015,1096.387301,1097.041859,1097.698498,1098.357436,1099.018477,1099.681717,1100.347176,1101.014865,1101.684869,1102.357167,1103.031719,1103.708424,1104.387482,1105.068877,1105.752450,1106.438462,1107.126768,1107.817387,1108.510258,1109.205481,1109.903064,1110.603019,1111.305442,1112.010108,1112.717241,1113.426852,1114.139064,1114.853488,1115.570380,1116.289692,1117.011485,1117.735746,1118.462498,1119.191780,1119.923547,1120.657839,1121.394667,1122.134043,1122.875978,1123.620483,1124.367584,1125.117265,1125.869553,1126.624458,1127.381992,1128.142168,1128.904997,1129.670564,1130.438908,1131.209771,1131.983335,1132.759635,1133.538913,1134.320660,1135.105158,1135.892421,1136.682461,1137.475292,1138.271208,1139.069945,1139.871224,1140.675345,1141.482412,1142.292256,1143.104982,1143.920603,1144.739406,1145.560857,1146.385243,1147.212804,1148.043102,1148.876376,1149.712769,1150.551993,1151.394280,1152.239600,1153.087966,1153.939392,1154.793894,1155.651485,1156.512180,1157.376003,1158.242950,1159.113073,1159.986331,1160.862765,1161.742461,1162.625296,1163.511327,1164.400623,1165.293172,1166.189016,1167.088118,1167.990639,1168.896356,1169.805404,1170.717800,1171.633558,1172.552695,1173.475382,1174.401325,1175.330696,1176.263445,1177.199720,1178.139472,1179.082717,1180.029610,1180.979893,1181.933709,1182.891096,1183.852061,1184.816621,1185.784794,1186.756597,1187.732129,1188.711244,1189.693905,1190.680403,1191.670620,1192.664573,1193.662281,1194.663761,1195.669128,1196.678208,1197.691117,1198.707872,1199.728660,1200.753164,1201.781572,1202.813901,1203.850199,1204.890529,1205.934740,1206.982967,1208.035256,1209.091522,1210.151880,1211.216383,1212.284884,1213.357598,1214.434355,1215.515375,1216.600471,1217.689766,1218.783288,1219.881045,1220.983064,1222.089367,1223.199973,1224.314906,1225.434193,1226.557841,1227.685879,1228.818329,1229.955213,1231.096553,1232.242370,1233.392688,1234.547528,1235.706913,1236.870893,1238.039436,1239.212592,1240.390385,1241.572837,1242.759972,1243.951813,1245.148383,1246.349707,1247.555808,1248.766741,1249.982468,1251.203044,1252.428493,1253.658840,1254.894110,1256.134326,1257.379515,1258.629702,1259.884910,1261.145069,1262.410397,1263.680824,1264.956818,1266.237521,1267.523399,1268.814479,1270.110788,1271.412426,1272.719271,1274.031424,1275.348913,1276.671722,1277.999962,1279.333618,1280.672718,1282.017289,1283.367393,1284.722991,1286.084145,1287.450881,1288.823230,1290.201237,1291.584895,1292.974251,1294.369334,1295.770173,1297.176798,1298.589237,1300.007521,1301.431679,1302.861747,1304.297744,1305.739864,1307.187821,1308.641803,1310.101841,1311.567967,1313.040211,1314.518605,1316.003097,1317.493884,1318.990972,1320.494280,1322.003897
980.478538,980.768554,981.059314,981.350855,981.642964,981.935822,982.229433,982.523717,982.818839,983.114614,983.411392,983.708722,984.006896,984.305695,984.605411,984.906035,985.207303,985.509351,985.812268,986.115889,986.420217,986.725404,987.031401,987.338193,987.645842,987.954263,988.263524,988.573534,988.884385,989.196288,989.508756,989.822109,990.136204,990.451234,990.767101,991.083683,991.401074,991.719375,992.038468,992.358403,992.679182,993.000814,993.323512,993.646849,993.971094,994.296167,994.622103,994.948957,995.276601,995.605120,995.934587,996.264773,996.595941,996.928015,997.260958,997.594820,997.929577,998.265204,998.601733,998.939090,999.277431,999.616694,999.956844,1000.297927,1000.639933,1000.982787,1001.326703,1001.671469,1002.017191,1002.363859,1002.711581,1003.060172,1003.409940,1003.760506,1004.111907,1004.464314,1004.817589,1005.171799,1005.527054,1005.883297,1006.240517,1006.598650,1006.957816,1007.317968,1007.679110,1008.041426,1008.404560,1008.768935,1009.134075,1009.500224,1009.867385,1010.235557,1010.604753,1010.974973,1011.346384,1011.718661,1012.091974,1012.466396,1012.841789,1013.218314,1013.595805,1013.974307,1014.353975,1014.734798,1015.116611,1015.499411,1015.883285,1016.268237,1016.654411,1017.041495,1017.429705,1017.819009,1018.209782,1018.601287,1018.993899,1019.387621,1019.782416,1020.178514,1020.575645,1020.973852,1021.373190,1021.773664,1022.175445,1022.578204,1022.982112,1023.387191,1023.793281,1024.200662,1024.609282,1025.018949,1025.429906,1025.841979,1026.255235,1026.669681,1027.085320,1027.502158,1027.920141,1028.339387,1028.760071,1029.181746,1029.604811,1030.028976,1030.454329,1030.880918,1031.308746,1031.737919,1032.168242,1032.599819,1033.032656,1033.466757,1033.902168,1034.338808,1034.776722,1035.216072,1035.656568,1036.098358,1036.541447,1036.985841,1037.431543,1037.878560,1038.326896,1038.776633,1039.227624,1039.679943,1040.133719,1040.588750,1041.045195,1041.502914,1041.961979,1042.422527,1042.884471,1043.347594,1043.812172,1044.278182,1044.745636,1045.214406,1045.684575,1046.156156,1046.629138,1047.103640,1047.579487,1048.056772,1048.535492,1049.015812,1049.497428,1049.980507,1050.465026,1050.951029,1051.438531,1051.927489,1052.417933,1052.909943,1053.403377,1053.898328,1054.394882,1054.892955,1055.392443,1055.893680,1056.396254,1056.900557,1057.406197,1057.913488,1058.422242,1058.932458,1059.444440,1059.957965,1060.473023,1060.989674,1061.507923,1062.027777,1062.549267,1063.072351,1063.597061,1064.123404,1064.651383,1065.181008,1065.712345,1066.245281,1066.779882,1067.315925,1067.853869,1068.393508,1068.934841,1069.477900,1070.022607,1070.569062,1071.117238,1071.667144,1072.218786,1072.772258,1073.327394,1073.884352,1074.443012,1075.003444,1075.565731,1076.129731,1076.695537,1077.263124,1077.832532,1078.403774,1078.976826,1079.551751,1080.128478,1080.707053,1081.287485,1081.869782,1082.454021,1083.040070,1083.628008,1084.217843,1084.809707,1085.403358,1085.998965,1086.596676,1087.196115,1087.797504,1088.401029,1089.006330,1089.613692,1090.222983,1090.834166,1091.447546,1092.062857,1092.680110,1093.299385,1093.920721,1094.544043,1095.169437,1095.796889,1096.426406,1097.058213,1097.691890,1098.327660,1098.965633,1099.605617,1100.247831,1100.892078,1101.538452,1102.186974,1102.837767,1103.490700,1104.145725,1104.803052,1105.462460,1106.124147,1106.788098,1107.454282,1108.122572,1108.793211,1109.466087,1110.141141,1110.818469,1111.498082,1112.179991,1112.864290,1113.550755,1114.239609,1114.931104,1115.624640,1116.320549,1117.018847,1117.719497,1118.422525,1119.127951,1119.835815,1120.546071,1121.258760,1121.973890,1122.691475,1123.411523,1124.134047,1124.859058,1125.586579,1126.316597,1127.049135,1127.784205,1128.521818,1129.261987,1130.004721,1130.750106,1131.498179,1132.248683,1133.001801,1133.757683,1134.516216,1135.277245,1136.040936,1136.807300,1137.576350,1138.348098,1139.122840,1139.900308,1140.680225,1141.462890,1142.248407,1143.036606,1143.827591,1144.621374,1145.417975,1146.217664,1147.019922,1147.825257,1148.633230,1149.444081,1150.257822,1151.074595,1151.894113,1152.716607,1153.542046,1154.370443,1155.201812,1156.036168,1156.873524,1157.713927,1158.557301,1159.403741,1160.253267,1161.105834,1161.961488,1162.820309,1163.682176,1164.547146,1165.415287,1166.286586,1167.161084,1168.038745,1168.919729,1169.803813,1170.691131,1171.581697,1172.475529,1173.372795,1174.273203,1175.176922,1176.083968,1176.994292,1177.908040,1178.825163,1179.745676,1180.669736,1181.597081,1182.527865,1183.462096,1184.399810,1185.341013,1186.285723,1187.233955,1188.185810,1189.141140,1190.099975,1191.062401,1192.028505,1192.998235,1193.971609,1194.948644,1195.929453,1196.913864,1197.901989,1198.893847,1199.889623,1200.889001,1201.892166,1202.899137,1203.909960,1204.924598,1205.943196,1206.965576,1207.991873,1209.022131,1210.056265,1211.094390,1212.136558,1213.182621,1214.232794,1215.286907,1216.345179,1217.407421,1218.473758,1219.544216,1220.618802,1221.697544,1222.780461,1223.867575,1224.959012,1226.054482,1227.154309,1228.258417,1229.366825,1230.479555,1231.596629,1232.718068,1233.843894,1234.974128,1236.108794,1237.247938,1238.391531,1239.539620,1240.692229,1241.849379,1243.011094,1244.177396,1245.348308,1246.523854,1247.704055,1248.888968,1250.078553,1251.272863,1252.471924,1253.675759,1254.884392,1256.097846,1257.316147,1258.539319,1259.767385,1261.000274,1262.238204,1263.481103,1264.728997,1265.982353,1267.240311,1268.503340,1269.771464,1271.044675,1272.323176,1273.606743,1274.895508,1276.189459,1277.488702,1278.793225,1280.103052,1281.418213,1282.738765,1284.064671,1285.395991,1286.732752,1288.074983,1289.422728,1290.775979,1292.134784,1293.499170,1294.869165,1296.244797,1297.626097,1299.013092,1300.405811,1301.804284,1303.208547,1304.618616,1306.034686,1307.456468,1308.884153,1310.317770,1311.757349,1313.202921,1314.654516,1316.112082,1317.575817,1319.045722,1320.521720,1322.003897
986.093526,986.379626,986.666533,986.954172,987.242303,987.531442,987.821211,988.111864,988.403117,988.695195,988.988019,989.281597,989.576009,989.871098,990.166972,990.463463,990.760895,991.059037,991.357948,991.657633,991.958178,992.259471,992.561600,992.864616,993.168220,993.472598,993.777767,994.083754,994.390601,994.698257,995.006620,995.315837,995.625814,995.936602,996.248418,996.560837,996.874128,997.188255,997.503168,997.818881,998.135426,998.452812,998.771089,999.090131,999.410018,999.730762,1000.052255,1000.374698,1000.698017,1001.022174,1001.347219,1001.673127,1001.999874,1002.327415,1002.655888,1002.985254,1003.315509,1003.646679,1003.978649,1004.311475,1004.645326,1004.980014,1005.315578,1005.652390,1005.989790,1006.328161,1006.667620,1007.007747,1007.348792,1007.690757,1008.033509,1008.377342,1008.722070,1009.067769,1009.414390,1009.761903,1010.110486,1010.459940,1010.810345,1011.161808,1011.514189,1011.867469,1012.221895,1012.577111,1012.933294,1013.290458,1013.648783,1014.007910,1014.368023,1014.729161,1015.091241,1015.454336,1015.818553,1016.183654,1016.549764,1016.917118,1017.285215,1017.654373,1018.024621,1018.395840,1018.768081,1019.141357,1019.515816,1019.891169,1020.267537,1020.644991,1021.023593,1021.403440,1021.784070,1022.165766,1022.548532,1022.932331,1023.317301,1023.703445,1024.090532,1024.478713,1024.867985,1025.258520,1025.650012,1026.042592,1026.436172,1026.830962,1027.226888,1027.623981,1028.022200,1028.421510,1028.821956,1029.223542,1029.626273,1030.030154,1030.435189,1030.841343,1031.248906,1031.657428,1032.067122,1032.478246,1032.890254,1033.303490,1033.717915,1034.133534,1034.550452,1034.968473,1035.387702,1035.808143,1036.229843,1036.652867,1037.076974,1037.502299,1037.928874,1038.356689,1038.785750,1039.216061,1039.647628,1040.080455,1040.514547,1040.949985,1041.386622,1041.824539,1042.263828,1042.704312,1043.146123,1043.589411,1044.033804,1044.479506,1044.926508,1045.374847,1045.824601,1046.275596,1046.727924,1047.181686,1047.636706,1048.093084,1048.550813,1049.009890,1049.470434,1049.932268,1050.395580,1050.860182,1051.326170,1051.793608,1052.262393,1052.732591,1053.204177,1053.677199,1054.151668,1054.627539,1055.104925,1055.583675,1056.063948,1056.545717,1057.028853,1057.513424,1057.999686,1058.487239,1058.976238,1059.466895,1059.958998,1060.452479,1060.947487,1061.443880,1061.941897,1062.441506,1062.942630,1063.445239,1063.949390,1064.455091,1064.962371,1065.471189,1065.981575,1066.493538,1067.007081,1067.522271,1068.038995,1068.557320,1069.077252,1069.598799,1070.121733,1070.646518,1071.172945,1071.701039,1072.230754,1072.762090,1073.295120,1073.829819,1074.366192,1074.904334,1075.444089,1075.985583,1076.528726,1077.073579,1077.620224,1078.168518,1078.718544,1079.270319,1079.823819,1080.379099,1080.936170,1081.494957,1082.055526,1082.617877,1083.182019,1083.747960,1084.315705,1084.885334,1085.456714,1086.029923,1086.604968,1087.182090,1087.760865,1088.341569,1088.924038,1089.508388,1090.094708,1090.682923,1091.273034,1091.864962,1092.458791,1093.054559,1093.652477,1094.252119,1094.853709,1095.457288,1096.062802,1096.670267,1097.279738,1097.891201,1098.504873,1099.120349,1099.737838,1100.357453,1100.979002,1101.602595,1102.228349,1102.856067,1103.485844,1104.117813,1104.751757,1105.387883,1106.026032,1106.666412,1107.308875,1107.953521,1108.600189,1109.249140,1109.900228,1110.553383,1111.208807,1111.866335,1112.526064,1113.188003,1113.852163,1114.518638,1115.187205,1115.858083,1116.531527,1117.206951,1117.884640,1118.564667,1119.246946,1119.931534,1120.618444,1121.307712,1121.999293,1122.693227,1123.389522,1124.088190,1124.789242,1125.492688,1126.198552,1126.906818,1127.617511,1128.330641,1129.046219,1129.764257,1130.484765,1131.207754,1131.933309,1132.661296,1133.391969,1134.124998,1134.860705,1135.598955,1136.339653,1137.082905,1137.828741,1138.577174,1139.328215,1140.082159,1140.838740,1141.597678,1142.359272,1143.123535,1143.890570,1144.660206,1145.432547,1146.207606,1146.985671,1147.766203,1148.549717,1149.335773,1150.124610,1150.916241,1151.710806,1152.508018,1153.308108,1154.111043,1154.916837,1155.725503,1156.537055,1157.351506,1158.168902,1158.989192,1159.812396,1160.638579,1161.467756,1162.299887,1163.135012,1163.973214,1164.814371,1165.658539,1166.505785,1167.356097,1168.209515,1169.066002,1169.925718,1170.788438,1171.654297,1172.523310,1173.395491,1174.271010,1175.149573,1176.031350,1176.916355,1177.804540,1178.696049,1179.590833,1180.488908,1181.390428,1182.295131,1183.203172,1184.114558,1185.029323,1185.947473,1186.869026,1187.793998,1188.722486,1189.654344,1190.589600,1191.528341,1192.470652,1193.416481,1194.365845,1195.318761,1196.275341,1197.235413,1198.199088,1199.166385,1200.137387,1201.112078,1202.090344,1203.072301,1204.057995,1205.047390,1206.040630,1207.037534,1208.038238,1209.042725,1210.051092,1211.063269,1212.079371,1213.099247,1214.123112,1215.150796,1216.182517,1217.218086,1218.257625,1219.301156,1220.348702,1221.400273,1222.455893,1223.515582,1224.579362,1225.647259,1226.719278,1227.795448,1228.875788,1229.960320,1231.049064,1232.142041,1233.239272,1234.340778,1235.446580,1236.556699,1237.671185,1238.790004,1239.913205,1241.040810,1242.172840,1243.309319,1244.450267,1245.595708,1246.745663,1247.900155,1249.059239,1250.222873,1251.391113,1252.563982,1253.741502,1254.923697,1256.110590,1257.302205,1258.498566,1259.699696,1260.905522,1262.116262,1263.331844,1264.552293,1265.778074,1267.008328,1268.243522,1269.483681,1270.728794,1271.979066,1273.234269,1274.494538,1275.759898,1277.030335,1278.305955,1279.586743,1280.872727,1282.163932,1283.460417,1284.762144,1286.069172,1287.381528,1288.699239,1290.022350,1291.350852,1292.684792,1294.024196,1295.369093,1296.719509,1298.075474,1299.437016,1300.804163,1302.176944,1303.555393,1304.939527,1306.329540,1307.725144,1309.126526,1310.533716,1311.946744,1313.365640,1314.790434,1316.221072,1317.657751,1319.100474,1320.549161,1322.003897
991.736723,992.019067,992.302114,992.585957,992.870521,993.155889,993.441901,993.728643,994.016175,994.304299,994.593227,994.882906,995.173463,995.464627,995.756561,996.049311,996.342852,996.637088,996.932020,997.227716,997.524157,997.821362,998.119420,998.418279,998.717793,999.018130,999.319413,999.621340,999.924020,1000.227420,1000.531632,1000.836645,1001.142494,1001.449078,1001.756461,1002.064653,1002.373642,1002.683427,1002.994034,1003.305444,1003.617561,1003.930636,1004.244533,1004.559236,1004.874765,1005.191136,1005.508281,1005.826310,1006.145179,1006.464889,1006.785445,1007.106901,1007.429156,1007.752221,1008.076375,1008.401201,1008.727012,1009.053546,1009.381126,1009.709551,1010.038725,1010.368823,1010.699758,1011.031578,1011.364287,1011.697764,1012.032369,1012.367726,1012.704019,1013.041168,1013.379272,1013.718391,1014.058321,1014.399230,1014.740997,1015.083689,1015.427308,1015.772215,1016.117700,1016.464122,1016.811485,1017.159828,1017.509082,1017.859288,1018.210449,1018.562635,1018.915788,1019.270028,1019.625043,1019.981029,1020.337991,1020.695890,1021.054814,1021.414790,1021.775691,1022.137595,1022.500487,1022.864521,1023.229418,1023.595382,1023.962301,1024.330561,1024.699516,1025.069448,1025.440453,1025.812500,1026.185572,1026.559684,1026.934979,1027.311179,1027.688428,1028.066750,1028.446277,1028.826702,1029.208192,1029.590641,1029.974275,1030.359054,1030.744912,1031.131786,1031.519707,1031.908772,1032.298937,1032.690203,1033.082595,1033.476080,1033.870934,1034.266551,1034.663395,1035.061451,1035.460724,1035.860965,1036.262303,1036.664830,1037.068606,1037.473436,1037.879425,1038.286719,1038.695038,1039.104569,1039.515235,1039.927082,1040.340110,1040.754323,1041.169739,1041.586354,1042.004172,1042.423199,1042.843514,1043.264971,1043.687650,1044.111643,1044.536780,1044.963154,1045.390921,1045.819748,1046.249860,1046.681330,1047.113999,1047.547878,1047.983043,1048.419532,1048.857253,1049.296348,1049.736642,1050.178234,1050.621127,1051.065332,1051.510826,1051.957835,1052.405982,1052.855455,1053.306260,1053.758406,1054.211889,1054.666776,1055.122960,1055.580509,1056.039399,1056.499670,1056.961343,1057.424450,1057.888940,1058.354853,1058.822055,1059.290658,1059.760932,1060.232357,1060.705235,1061.179539,1061.655237,1062.132566,1062.611204,1063.091249,1063.572726,1064.055662,1064.539959,1065.025899,1065.513300,1066.002133,1066.492454,1066.984270,1067.477611,1067.972435,1068.468767,1068.966631,1069.466013,1069.966988,1070.469441,1070.973437,1071.478984,1071.986088,1072.494524,1073.004752,1073.516604,1074.030000,1074.544971,1075.061517,1075.579699,1076.099490,1076.620897,1077.144023,1077.668681,1078.194974,1078.722987,1079.252572,1079.783863,1080.316767,1080.851340,1081.387590,1081.925523,1082.465209,1083.006525,1083.549552,1084.094291,1084.640749,1085.188933,1085.738851,1086.290510,1086.843916,1087.399148,1087.956073,1088.514876,1089.075474,1089.637767,1090.202007,1090.767778,1091.335437,1091.905005,1092.476397,1093.049527,1093.624587,1094.201402,1094.780127,1095.360660,1095.943208,1096.527489,1097.113720,1097.701748,1098.291688,1098.883562,1099.477355,1100.073285,1100.670941,1101.270546,1101.872097,1102.475709,1103.081190,1103.688647,1104.298199,1104.909649,1105.523203,1106.138656,1106.756128,1107.375715,1107.997237,1108.620958,1109.246675,1109.874505,1110.504417,1111.136281,1111.770342,1112.406399,1113.044653,1113.684940,1114.327355,1114.971909,1115.618695,1116.267553,1116.918513,1117.571954,1118.227418,1118.884999,1119.544795,1120.206832,1120.871056,1121.537513,1122.206243,1122.877198,1123.550418,1124.225911,1124.903689,1125.583761,1126.266137,1126.950828,1127.637857,1128.327209,1129.018906,1129.712960,1130.409380,1131.108178,1131.809365,1132.512950,1133.219018,1133.927434,1134.638452,1135.351881,1136.067625,1136.785966,1137.506669,1138.229840,1138.955509,1139.683687,1140.414386,1141.147901,1141.883964,1142.622295,1143.363193,1144.106670,1144.852829,1145.601498,1146.352782,1147.106692,1147.863509,1148.622714,1149.384801,1150.149337,1150.916560,1151.686481,1152.459119,1153.234556,1154.012650,1154.793494,1155.577100,1156.363480,1157.152648,1157.944616,1158.739432,1159.537040,1160.337488,1161.140765,1161.946932,1162.756007,1163.567946,1164.382791,1165.200624,1166.021323,1166.844942,1167.671549,1168.501131,1169.333728,1170.169301,1171.008011,1171.849633,1172.694300,1173.542026,1174.392827,1175.246872,1176.103864,1176.963974,1177.827217,1178.693542,1179.563095,1180.435824,1181.311746,1182.190875,1183.073366,1183.958956,1184.847789,1185.739901,1186.635298,1187.533994,1188.436006,1189.341433,1190.250124,1191.162180,1192.077477,1192.996308,1193.918551,1194.844222,1195.773339,1196.706012,1197.642069,1198.581620,1199.524683,1200.471342,1201.421580,1202.375281,1203.332562,1204.293468,1205.257961,1206.226087,1207.197962,1208.173423,1209.152551,1210.135444,1211.121997,1212.112323,1213.106474,1214.104301,1215.106017,1216.111451,1217.120821,1218.133937,1219.150922,1220.171801,1221.196582,1222.225288,1223.257940,1224.294557,1225.335266,1226.379772,1227.428401,1228.481073,1229.537809,1230.598627,1231.663550,1232.732596,1233.805786,1234.883141,1235.964680,1237.050426,1238.140426,1239.234646,1240.333135,1241.435914,1242.543004,1243.654426,1244.770203,1245.890355,1247.014905,1248.143875,1249.277318,1250.415193,1251.557554,1252.704423,1253.855822,1255.011776,1256.172305,1257.337434,1258.507185,1259.681581,1260.860646,1262.044306,1263.232778,1264.425990,1265.624408,1266.827170,1268.034744,1269.247153,1270.464421,1271.686648,1272.913709,1274.145704,1275.382658,1276.624554,1277.871499,1279.123479,1280.380517,1281.642641,1282.909908,1284.182279,1285.459812,1286.742534,1288.030471,1289.323668,1290.622114,1291.925856,1293.234919,1294.549331,1295.869118,1297.194309,1298.524930,1299.861010,1301.202576,1302.549663,1303.902285,1305.260477,1306.624428,1307.993846,1309.368921,1310.749680,1312.136154,1313.528370,1314.926359,1316.330066,1317.739688,1319.155227,1320.576601,1322.003897
997.409135,997.687710,997.967067,998.246967,998.527697,998.809096,999.091208,999.374035,999.657580,999.941962,1000.227082,1000.512867,1000.799319,1001.086505,1001.374408,1001.663023,1001.952490,1002.242691,1002.533885,1002.825538,1003.117955,1003.411057,1003.704922,1003.999579,1004.294965,1004.591096,1004.887988,1005.185646,1005.484072,1005.783269,1006.083247,1006.383995,1006.685509,1006.987806,1007.290898,1007.594663,1007.899332,1008.204817,1008.511074,1008.818084,1009.125968,1009.434629,1009.744097,1010.054374,1010.365506,1010.677615,1010.990348,1011.303907,1011.618321,1011.933599,1012.249694,1012.566647,1012.884340,1013.202877,1013.522249,1013.842466,1014.163574,1014.485583,1014.808351,1015.131854,1015.456353,1015.781700,1016.107875,1016.434907,1016.762963,1017.091790,1017.421557,1017.752143,1018.083614,1018.416154,1018.749399,1019.083541,1019.418797,1019.754737,1020.091582,1020.429333,1020.767994,1021.107642,1021.448218,1021.789789,1022.132107,1022.475368,1022.819595,1023.164719,1023.510781,1023.857741,1024.205686,1024.554578,1024.904486,1025.255283,1025.607048,1025.959908,1026.313584,1026.668325,1027.023909,1027.380830,1027.738403,1028.096960,1028.456507,1028.817002,1029.178526,1029.541048,1029.904569,1030.269256,1030.634790,1031.001336,1031.369062,1031.737643,1032.107246,1032.477764,1032.849425,1033.222183,1033.595982,1033.970758,1034.346571,1034.723391,1035.101334,1035.480317,1035.860361,1036.241470,1036.623902,1037.007156,1037.391385,1037.776882,1038.163550,1038.551139,1038.939822,1039.329560,1039.720544,1040.112677,1040.505778,1040.899993,1041.295369,1041.691827,1042.089413,1042.488130,1042.887984,1043.288974,1043.691113,1044.094393,1044.498835,1044.904511,1045.311274,1045.719203,1046.128391,1046.538668,1046.950226,1047.362869,1047.776701,1048.191727,1048.607986,1049.025437,1049.444093,1049.864023,1050.285090,1050.707288,1051.130803,1051.555673,1051.981746,1052.408971,1052.837438,1053.267259,1053.698221,1054.130549,1054.564052,1054.998826,1055.434875,1055.872205,1056.310820,1056.750731,1057.191932,1057.634490,1058.078295,1058.523421,1058.969839,1059.417673,1059.866857,1060.317380,1060.769132,1061.222226,1061.676889,1062.132684,1062.589879,1063.048468,1063.508354,1063.969615,1064.432316,1064.896499,1065.361979,1065.828794,1066.297012,1066.766637,1067.237571,1067.710097,1068.184032,1068.659345,1069.136096,1069.614288,1070.093952,1070.575041,1071.057594,1071.541621,1072.027173,1072.514142,1073.002594,1073.492536,1073.983973,1074.476912,1074.971127,1075.467177,1075.964599,1076.463605,1076.964130,1077.466174,1077.969797,1078.474983,1078.981714,1079.490097,1079.999964,1080.511432,1081.024513,1081.539130,1082.055394,1082.573212,1083.092639,1083.613682,1084.136405,1084.660706,1085.186633,1085.714210,1086.243437,1086.774321,1087.306869,1087.841088,1088.376985,1088.914566,1089.454017,1089.994990,1090.537669,1091.082061,1091.628333,1092.176368,1092.725944,1093.277176,1093.830335,1094.385160,1094.941843,1095.500294,1096.060506,1096.622417,1097.186139,1097.751662,1098.319205,1098.888355,1099.459331,1100.032105,1100.606730,1101.183227,1101.761616,1102.342008,1102.924098,1103.508074,1104.094033,1104.681788,1105.271447,1105.863019,1106.456620,1107.052167,1107.649526,1108.248831,1108.850090,1109.453397,1110.058571,1110.665878,1111.275235,1111.886393,1112.499686,1113.114969,1113.732169,1114.351401,1114.972760,1115.596082,1116.221462,1116.848909,1117.478519,1118.110129,1118.744074,1119.379834,1120.017831,1120.657873,1121.300085,1121.944401,1122.590866,1123.239520,1123.890315,1124.543288,1125.198451,1125.855811,1126.515379,1127.177165,1127.841178,1128.507443,1129.175941,1129.846696,1130.519719,1131.195019,1131.872607,1132.552493,1133.234687,1133.919199,1134.606113,1135.295293,1135.987133,1136.681024,1137.377285,1138.076061,1138.777116,1139.480555,1140.186407,1140.894684,1141.605680,1142.318840,1143.034744,1143.752830,1144.473397,1145.196455,1145.922107,1146.650181,1147.380781,1148.113918,1148.849603,1149.588124,1150.329168,1151.072570,1151.818566,1152.567170,1153.318397,1154.072375,1154.828829,1155.587981,1156.349802,1157.114302,1157.881495,1158.651392,1159.424040,1160.199384,1160.977470,1161.758311,1162.541895,1163.328284,1164.117496,1164.909484,1165.704293,1166.502001,1167.302488,1168.105807,1168.912025,1169.721128,1170.533157,1171.348072,1172.166033,1172.986815,1173.810550,1174.637253,1175.467093,1176.299774,1177.135464,1177.974178,1178.815930,1179.660670,1180.508541,1181.359493,1182.213542,1183.070700,1183.931123,1184.794547,1185.661117,1186.530866,1187.403799,1188.279933,1189.159282,1190.041944,1190.927770,1191.816857,1192.709084,1193.604741,1194.503706,1195.405995,1196.311625,1197.220706,1198.133064,1199.048811,1199.968029,1200.890601,1201.816611,1202.746176,1203.679110,1204.615561,1205.555487,1206.498935,1207.446021,1208.396580,1209.350694,1210.308398,1211.269770,1212.234739,1213.203418,1214.175657,1215.151668,1216.131280,1217.114710,1218.101769,1219.092577,1220.087154,1221.085523,1222.087692,1223.093684,1224.103519,1225.117216,1226.134900,1227.156278,1228.181673,1229.211006,1230.244295,1231.281562,1232.322825,1233.368103,1234.417417,1235.470787,1236.528233,1237.589801,1238.655458,1239.725251,1240.799202,1241.877329,1242.959655,1244.046200,1245.136985,1246.232030,1247.331358,1248.434988,1249.542976,1250.655278,1251.771948,1252.893008,1254.018479,1255.148384,1256.282745,1257.421584,1258.564923,1259.712785,1260.865193,1262.022072,1263.183639,1264.349821,1265.521082,1266.696563,1267.876727,1269.061599,1270.251202,1271.445526,1272.644772,1273.848713,1275.057481,1276.271060,1277.489556,1278.712952,1279.941274,1281.174547,1282.412827,1283.656076,1284.904350,1286.157675,1287.416077,1288.679582,1289.948233,1291.222021,1292.500989,1293.785165,1295.074573,1296.369241,1297.669196,1298.974465,1300.285074,1301.601050,1302.922428,1304.249223,1305.581467,1306.919348,1308.262576,1309.611338,1310.965662,1312.325576,1313.691109,1315.062290,1316.439065,1317.821628,1319.209981,1320.604042,1322.003897
1003.110458,1003.385124,1003.660573,1003.936779,1004.213524,1004.491107,1004.769261,1005.048120,1005.327646,1005.608119,1005.889109,1006.170922,1006.453542,1006.736674,1007.020501,1007.305050,1007.590322,1007.876323,1008.163051,1008.450512,1008.738704,1009.027632,1009.317299,1009.607707,1009.898866,1010.190748,1010.483383,1010.776782,1011.070923,1011.365734,1011.661402,1011.957853,1012.254975,1012.552965,1012.851697,1013.151229,1013.451714,1013.752814,1014.054653,1014.357358,1014.660957,1014.965155,1015.270096,1015.575998,1015.882578,1016.189959,1016.498119,1016.807185,1017.116988,1017.427612,1017.739079,1018.051335,1018.364394,1018.678172,1018.992803,1019.308394,1019.624818,1019.941983,1020.260083,1020.578962,1020.898867,1021.219435,1021.540848,1021.863153,1022.186279,1022.510262,1022.835287,1023.160997,1023.487648,1023.815096,1024.143579,1024.472864,1024.802943,1025.133906,1025.465755,1025.798476,1026.132107,1026.466670,1026.802097,1027.138426,1027.475619,1027.813763,1028.152819,1028.492857,1028.833748,1029.175810,1029.518546,1029.862214,1030.206814,1030.552641,1030.899117,1031.246591,1031.594956,1031.944184,1032.294469,1032.645693,1032.997876,1033.351022,1033.705136,1034.060363,1034.416586,1034.773623,1035.131641,1035.490532,1035.850523,1036.211570,1036.573632,1036.936595,1037.300577,1037.665576,1038.031525,1038.398539,1038.766571,1039.135832,1039.505912,1039.877068,1040.249296,1040.622374,1040.996596,1041.372032,1041.748348,1042.125961,1042.504387,1042.883831,1043.264383,1043.646003,1044.028738,1044.412508,1044.797359,1045.183295,1045.570320,1045.958438,1046.347650,1046.738043,1047.129457,1047.521990,1047.915637,1048.310489,1048.706478,1049.103493,1049.501639,1049.900920,1050.301342,1050.702948,1051.105662,1051.509580,1051.914547,1052.320776,1052.728129,1053.136659,1053.546358,1053.957220,1054.369496,1054.782848,1055.197294,1055.612934,1056.029766,1056.447903,1056.867175,1057.287658,1057.709362,1058.132292,1058.556454,1058.981851,1059.408493,1059.836377,1060.265508,1060.695952,1061.127601,1061.560599,1061.994845,1062.430437,1062.867177,1063.305423,1063.744738,1064.185348,1064.627259,1065.070545,1065.515114,1065.960956,1066.408200,1066.856689,1067.306510,1067.757803,1068.210364,1068.664211,1069.119411,1069.575969,1070.033786,1070.493144,1070.953861,1071.415905,1071.879335,1072.344157,1072.810392,1073.278012,1073.747040,1074.217549,1074.689409,1075.162694,1075.637410,1076.113562,1076.591156,1077.070198,1077.550462,1078.032546,1078.515869,1079.000761,1079.487117,1079.974937,1080.464291,1080.955130,1081.447557,1081.941429,1082.436791,1082.933674,1083.432136,1083.932078,1084.433609,1084.936635,1085.441213,1085.947395,1086.455084,1086.964375,1087.475223,1087.987655,1088.501678,1089.017297,1089.534520,1090.053353,1090.573911,1091.095985,1091.619689,1092.145100,1092.672085,1093.200721,1093.731179,1094.263327,1094.796957,1095.332179,1095.869266,1096.407953,1096.948339,1097.490689,1098.034496,1098.579970,1099.127267,1099.676324,1100.227205,1100.779692,1101.333936,1101.889912,1102.447694,1103.007232,1103.568792,1104.131955,1104.696887,1105.263646,1105.832330,1106.402734,1106.974971,1107.549050,1108.125201,1108.702987,1109.282651,1109.864176,1110.447582,1111.032999,1111.620156,1112.209237,1112.800581,1113.393517,1113.988514,1114.585320,1115.184178,1115.784886,1116.387558,1116.992290,1117.598917,1118.207533,1118.818233,1119.430854,1120.045734,1120.662423,1121.281056,1121.901858,1122.524647,1123.149534,1123.776452,1124.405477,1125.036561,1125.669742,1126.305028,1126.942429,1127.581955,1128.223614,1128.867416,1129.513385,1130.161501,1130.811790,1131.464259,1132.118920,1132.775781,1133.434852,1134.096143,1134.759664,1135.425426,1136.093649,1136.763921,1137.436462,1138.111455,1138.788567,1139.468113,1140.149836,1140.833901,1141.520278,1142.208997,1142.900353,1143.593788,1144.289884,1144.988078,1145.688667,1146.391663,1147.097075,1147.805008,1148.515288,1149.228017,1149.943208,1150.661140,1151.381521,1152.104163,1152.829311,1153.556977,1154.287176,1155.020036,1155.755280,1156.493132,1157.233560,1157.976575,1158.722189,1159.470449,1160.221298,1160.974782,1161.730913,1162.489705,1163.251144,1164.015291,1164.782163,1165.551716,1166.323991,1167.099067,1167.876823,1168.657312,1169.440599,1170.226672,1171.015543,1171.807251,1172.601877,1173.399222,1174.199417,1175.002476,1175.808568,1176.617395,1177.429127,1178.243777,1179.061359,1179.881886,1180.705309,1181.531769,1182.361216,1183.193664,1184.029128,1184.867761,1185.709299,1186.553885,1187.401554,1188.252310,1189.106169,1189.963226,1190.823333,1191.686586,1192.553001,1193.422454,1194.295237,1195.171226,1196.050437,1196.932885,1197.818682,1198.707652,1199.599906,1200.495527,1201.394396,1202.296597,1203.202245,1204.111185,1205.023477,1205.939165,1206.858265,1207.780893,1208.706885,1209.636321,1210.569236,1211.505707,1212.445663,1213.389216,1214.336214,1215.286777,1216.241015,1217.198757,1218.160219,1219.125211,1220.093853,1221.066171,1222.042169,1223.021873,1224.005299,1224.992466,1225.983499,1226.978203,1227.976605,1228.978920,1229.985069,1230.995070,1232.008943,1233.026705,1234.048377,1235.073978,1236.103527,1237.137043,1238.174573,1239.216083,1240.261619,1241.311202,1242.364851,1243.422586,1244.484428,1245.550397,1246.620514,1247.694799,1248.773272,1249.855987,1250.942901,1252.034066,1253.129504,1254.229235,1255.333282,1256.441666,1257.554409,1258.671531,1259.793056,1260.919005,1262.049303,1263.184167,1264.323521,1265.467832,1266.616236,1267.769200,1268.926744,1270.088894,1271.255637,1272.427173,1273.603276,1274.784077,1275.969599,1277.159826,1278.354863,1279.554694,1280.759342,1281.968831,1283.183220,1284.402467,1285.626630,1286.855733,1288.089801,1289.328878,1290.572953,1291.822070,1293.076253,1294.335529,1295.599923,1296.869462,1298.144171,1299.424077,1300.709207,1301.999586,1303.295248,1304.596206,1305.902655,1307.214302,1308.531333,1309.853777,1311.181661,1312.515012,1313.853859,1315.198229,1316.548068,1317.903570,1319.264736,1320.631484,1322.003897
1008.841044,1009.111753,1009.383239,1009.655290,1009.928057,1010.201621,1010.475844,1010.750638,1011.026122,1011.302301,1011.579177,1011.856749,1012.135021,1012.413999,1012.693679,1012.974051,1013.255149,1013.536959,1013.819492,1014.102734,1014.386684,1014.671369,1014.956767,1015.242784,1015.529670,1015.817214,1016.105754,1016.394852,1016.684661,1016.975325,1017.266665,1017.558709,1017.851626,1018.145232,1018.439616,1018.734722,1019.030578,1019.327162,1019.624512,1019.922630,1020.221496,1020.521175,1020.821621,1021.122856,1021.424901,1021.727686,1022.031258,1022.335519,1022.640702,1022.946662,1023.253657,1023.561172,1023.869527,1024.178689,1024.488691,1024.799475,1025.111074,1025.423565,1025.736804,1026.050867,1026.365757,1026.681817,1026.998371,1027.315846,1027.634075,1027.953145,1028.273060,1028.593823,1028.915436,1029.237886,1029.561210,1029.885395,1030.210478,1030.536391,1030.863132,1031.190787,1031.519318,1031.848727,1032.179324,1032.510510,1032.842575,1033.175528,1033.509382,1033.844457,1034.180125,1034.516679,1034.854160,1035.192493,1035.531735,1035.871939,1036.213065,1036.555114,1036.898092,1037.242142,1037.587150,1037.932931,1038.279654,1038.627209,1038.975887,1039.325453,1039.676076,1040.027556,1040.379982,1040.733390,1041.087758,1041.443057,1041.799591,1042.156897,1042.515186,1042.874508,1043.234860,1043.596122,1043.958425,1044.321856,1044.686124,1045.051502,1045.417792,1045.785100,1046.153385,1046.522738,1046.893160,1047.264572,1047.637021,1048.010510,1048.385042,1048.760622,1049.137331,1049.515014,1049.893761,1050.273659,1050.654629,1051.036579,1051.419604,1051.803709,1052.188939,1052.575216,1052.962584,1053.351049,1053.740614,1054.131284,1054.523113,1054.915946,1055.309998,1055.705054,1056.101390,1056.498876,1056.897470,1057.297252,1057.698054,1058.100004,1058.503090,1058.907428,1059.312846,1059.719429,1060.127188,1060.536115,1060.946221,1061.357510,1061.769986,1062.183653,1062.598523,1063.014591,1063.431921,1063.850483,1064.270430,1064.691284,1065.113653,1065.537054,1065.961666,1066.387518,1066.814650,1067.242996,1067.672631,1068.103531,1068.535675,1068.969128,1069.403794,1069.839739,1070.276969,1070.715684,1071.155498,1071.596610,1072.039027,1072.482754,1072.927691,1073.374120,1073.821859,1074.270877,1074.721225,1075.172920,1075.625984,1076.080378,1076.536189,1076.993310,1077.451791,1077.911646,1078.372880,1078.835499,1079.299508,1079.764913,1080.231527,1080.699830,1081.169358,1081.640402,1082.112869,1082.586733,1083.062067,1083.538843,1084.017177,1084.496853,1084.977988,1085.460588,1085.944713,1086.430262,1086.917344,1087.405911,1087.895926,1088.387423,1088.880457,1089.375015,1089.871073,1090.368657,1090.867773,1091.368428,1091.870736,1092.374487,1092.879795,1093.386668,1093.895111,1094.405201,1094.916810,1095.430038,1095.945144,1096.461538,1096.979543,1097.499257,1098.020416,1098.543290,1099.067873,1099.594214,1100.122020,1100.651430,1101.182662,1101.715462,1102.249940,1102.786250,1103.324107,1103.863664,1104.404894,1104.947847,1105.492755,1106.039182,1106.587347,1107.137253,1107.689017,1108.242432,1108.797612,1109.354565,1109.913412,1110.474043,1111.036360,1111.600493,1112.166424,1112.734174,1113.303872,1113.875228,1114.448604,1115.023916,1115.601008,1116.179835,1116.760642,1117.343225,1117.927698,1118.514070,1119.102435,1119.692627,1120.284829,1120.879118,1121.475116,1122.073066,1122.672894,1123.274814,1123.878643,1124.484492,1125.092293,1125.702123,1126.313932,1126.927757,1127.543609,1128.161494,1128.781423,1129.403404,1130.027447,1130.653573,1131.281765,1131.912046,1132.544424,1133.178909,1133.815511,1134.454238,1135.095100,1135.738107,1136.383267,1137.030804,1137.680301,1138.331980,1138.985853,1139.642098,1140.300384,1140.961026,1141.623766,1142.288767,1142.956000,1143.625780,1144.297547,1144.971596,1145.648225,1146.326869,1147.007826,1147.691107,1148.376721,1149.064771,1149.755084,1150.447763,1151.142817,1151.840755,1152.540601,1153.242849,1153.947517,1154.654615,1155.364158,1156.076274,1156.790685,1157.507616,1158.227032,1158.948946,1159.673369,1160.400346,1161.129821,1161.861839,1162.596413,1163.333553,1164.073272,1164.815557,1165.560469,1166.308023,1167.058176,1167.810966,1168.566476,1169.324580,1170.085333,1170.848800,1171.614967,1172.383846,1173.155477,1173.929938,1174.707031,1175.486887,1176.269519,1177.055096,1177.843319,1178.634358,1179.428224,1180.224933,1181.024431,1181.826862,1182.632175,1183.440382,1184.251499,1185.065676,1185.882651,1186.702576,1187.525455,1188.351321,1189.180180,1190.012044,1190.847011,1191.684929,1192.525897,1193.369928,1194.216899,1195.067100,1195.920408,1196.776838,1197.636405,1198.499219,1199.365104,1200.234170,1201.106501,1201.981977,1202.860681,1203.742728,1204.627961,1205.516441,1206.408210,1207.303285,1208.201681,1209.103533,1210.008621,1210.917078,1211.828982,1212.744228,1213.663026,1214.585125,1215.510677,1216.439792,1217.372298,1218.308410,1219.247937,1220.191001,1221.137618,1222.087812,1223.041588,1223.998969,1224.959974,1225.924619,1226.893030,1227.864912,1228.840587,1229.819974,1230.803092,1231.789959,1232.780593,1233.775012,1234.773236,1235.775283,1236.781172,1237.790921,1238.804578,1239.822106,1240.843551,1241.868935,1242.898275,1243.931591,1244.968903,1246.010231,1247.055594,1248.105013,1249.158508,1250.216130,1251.277837,1252.343680,1253.413680,1254.487858,1255.566235,1256.648831,1257.735668,1258.826766,1259.922147,1261.021833,1262.125747,1263.234105,1264.346833,1265.464394,1266.585926,1267.711893,1268.842318,1269.977222,1271.116593,1272.260632,1273.409111,1274.562159,1275.719801,1276.882018,1278.048915,1279.220476,1280.396723,1281.577680,1282.763403,1283.953852,1285.149082,1286.349119,1287.553985,1288.763706,1289.978324,1291.197828,1292.422261,1293.651647,1294.886012,1296.125382,1297.369780,1298.619234,1299.873768,1301.133409,1302.398182,1303.668120,1304.943237,1306.223723,1307.509289,1308.800118,1310.096239,1311.397678,1312.704462,1314.016618,1315.334092,1316.657076,1317.985515,1319.319492,1320.658925,1322.003897
1014.600042,1014.866695,1015.134031,1015.402015,1015.670637,1015.939961,1016.209957,1016.480632,1016.751982,1017.024012,1017.296724,1017.570120,1017.844212,1018.118984,1018.394437,1018.670800,1018.947644,1019.225078,1019.503279,1019.782343,1020.062007,1020.342407,1020.623489,1020.905478,1021.187989,1021.471369,1021.755498,1022.040172,1022.325580,1022.611632,1022.898445,1023.186035,1023.474360,1023.763438,1024.053236,1024.343782,1024.635081,1024.927121,1025.219956,1025.513501,1025.807989,1026.103048,1026.398844,1026.695449,1026.992835,1027.290920,1027.589808,1027.889549,1028.189993,1028.491217,1028.793224,1029.096177,1029.399758,1029.704130,1030.009296,1030.315525,1030.622288,1030.929853,1031.238223,1031.547401,1031.857389,1032.168192,1032.479811,1032.792249,1033.105492,1033.419577,1033.734527,1034.050272,1034.366809,1034.684225,1035.002576,1035.321675,1035.641831,1035.962630,1036.284287,1036.606785,1036.930198,1037.254765,1037.579816,1037.905770,1038.232595,1038.560253,1038.888782,1039.218237,1039.548575,1039.879799,1040.211913,1040.544919,1040.879130,1041.213933,1041.549702,1041.886201,1042.223740,1042.562172,1042.901603,1043.241870,1043.583044,1043.925160,1044.268166,1044.612381,1044.957244,1045.303097,1045.649977,1045.997909,1046.346601,1046.696246,1047.046848,1047.398477,1047.751104,1048.104598,1048.459062,1048.814501,1049.170919,1049.528317,1049.886701,1050.246074,1050.606440,1050.967803,1051.330243,1051.693609,1052.057984,1052.423470,1052.789954,1053.157374,1053.525816,1053.895318,1054.265817,1054.637351,1055.009923,1055.383537,1055.758197,1056.133906,1056.510670,1056.888491,1057.267375,1057.647375,1058.028263,1058.410500,1058.793671,1059.178095,1059.563435,1059.949865,1060.337497,1060.726120,1061.115832,1061.506749,1061.898690,1062.291750,1062.685930,1063.081240,1063.477672,1063.875237,1064.273936,1064.673779,1065.074768,1065.476988,1065.880282,1066.284900,1066.690595,1067.097602,1067.505567,1067.914685,1068.325026,1068.736565,1069.149259,1069.563148,1069.978272,1070.394587,1070.812119,1071.230910,1071.650847,1072.072008,1072.494396,1072.918019,1073.342866,1073.769179,1074.196531,1074.625135,1075.054997,1075.486016,1075.918533,1076.352141,1076.787135,1077.223355,1077.660867,1078.099673,1078.539861,1078.981268,1079.423990,1079.868018,1080.313365,1080.760036,1081.208036,1081.657371,1082.108085,1082.560105,1083.013243,1083.468059,1083.924060,1084.381514,1084.840327,1085.300498,1085.762110,1086.225173,1086.689544,1087.155315,1087.622492,1088.091081,1088.561141,1089.032666,1089.505524,1089.979816,1090.455528,1090.932707,1091.411342,1091.891457,1092.373010,1092.856140,1093.340639,1093.826619,1094.314088,1094.803050,1095.293513,1095.785482,1096.278964,1096.774039,1097.270599,1097.768845,1098.268565,1098.769704,1099.272485,1099.776731,1100.282454,1100.789903,1101.298858,1101.809580,1102.321707,1102.835439,1103.350764,1103.867738,1104.386288,1104.906606,1105.428408,1105.951846,1106.476894,1107.003625,1107.532199,1108.062251,1108.593991,1109.127477,1109.662562,1110.199345,1110.737821,1111.278117,1111.820013,1112.363629,1112.909083,1113.456175,1114.004997,1114.555569,1115.108021,1115.662061,1116.218051,1116.775907,1117.335473,1117.896704,1118.459842,1119.024687,1119.591349,1120.159837,1120.730160,1121.302411,1121.876511,1122.452637,1123.030390,1123.610001,1124.191494,1124.774814,1125.360159,1125.947384,1126.536485,1127.127538,1127.720493,1128.315388,1128.912230,1129.511029,1130.111793,1130.714531,1131.319250,1131.925973,1132.534683,1133.145400,1133.758135,1134.372895,1134.989689,1135.608528,1136.229418,1136.852371,1137.477393,1138.104636,1138.733901,1139.365190,1139.998587,1140.634101,1141.271912,1141.911821,1142.553742,1143.197817,1143.844076,1144.492773,1145.143370,1145.796160,1146.451152,1147.108644,1147.768072,1148.429733,1149.093636,1149.759791,1150.428301,1151.098992,1151.771966,1152.447232,1153.125300,1153.805191,1154.487401,1155.171945,1155.858838,1156.548084,1157.239820,1157.933766,1158.630143,1159.328920,1160.030106,1160.733747,1161.439786,1162.148268,1162.859204,1163.572605,1164.288482,1165.006847,1165.727711,1166.451062,1167.176987,1167.905418,1168.636393,1169.369926,1170.106095,1170.844751,1171.586025,1172.329904,1173.076398,1173.825548,1174.577312,1175.331848,1176.088930,1176.848689,1177.611294,1178.376446,1179.144313,1179.914907,1180.688241,1181.464328,1182.243117,1183.024749,1183.809173,1184.596401,1185.386447,1186.179463,1186.975185,1187.773764,1188.575205,1189.379540,1190.186773,1190.997001,1191.810071,1192.626081,1193.445044,1194.266974,1195.091748,1195.919654,1196.750570,1197.584510,1198.421583,1199.261613,1200.104710,1200.950956,1201.800230,1202.652616,1203.508128,1204.366880,1205.228716,1206.093695,1206.961859,1207.833225,1208.707825,1209.585739,1210.466800,1211.351125,1212.238728,1213.129686,1214.024028,1214.921562,1215.822439,1216.726674,1217.634378,1218.545483,1219.459891,1220.377723,1221.298995,1222.223730,1223.151934,1224.083627,1225.018829,1225.957555,1226.899930,1227.845757,1228.795062,1229.748059,1230.704667,1231.664905,1232.628789,1233.596338,1234.567570,1235.542502,1236.521152,1237.503540,1238.489683,1239.479627,1240.473336,1241.470855,1242.472205,1243.477403,1244.486469,1245.499421,1246.516279,1247.537062,1248.561789,1249.590480,1250.623187,1251.659866,1252.700567,1253.745312,1254.794119,1255.847011,1256.904005,1257.965124,1259.030387,1260.099816,1261.173430,1262.251155,1263.333204,1264.419501,1265.510070,1266.605372,1267.704545,1268.808053,1269.915916,1271.028124,1272.144874,1273.265938,1274.391446,1275.521420,1276.655843,1277.794818,1278.938327,1280.086394,1281.239040,1282.396289,1283.558198,1284.724723,1285.895921,1287.071816,1288.252432,1289.437809,1290.627937,1291.822857,1293.022594,1294.227171,1295.436614,1296.650948,1297.870196,1299.094384,1300.323537,1301.557681,1302.796846,1304.041046,1305.290313,1306.544831,1307.804308,1309.068930,1310.338723,1311.613712,1312.893925,1314.179387,1315.470044,1316.766088,1318.067462,1319.374249,1320.686367,1322.003897
1020.387028,1020.649573,1020.912767,1021.176615,1021.441323,1021.706484,1021.972312,1022.238795,1022.506014,1022.773817,1023.042107,1023.311280,1023.581128,1023.851632,1024.123043,1024.394947,1024.667562,1024.940938,1025.214914,1025.489519,1025.764817,1026.040808,1026.317432,1026.594818,1026.872880,1027.151689,1027.431187,1027.711394,1027.992289,1028.273920,1028.556458,1028.839628,1029.123459,1029.408031,1029.693201,1029.979078,1030.265846,1030.553290,1030.841454,1031.130356,1031.419963,1031.710511,1032.001643,1032.293524,1032.586157,1032.879543,1033.173686,1033.468674,1033.764338,1034.060947,1034.358143,1034.656109,1034.954848,1035.254361,1035.554653,1035.855725,1036.157581,1036.460223,1036.763636,1037.067858,1037.372911,1037.678725,1037.985393,1038.292810,1038.601038,1038.910215,1039.220059,1039.530783,1039.842287,1040.154632,1040.468078,1040.782023,1041.096797,1041.412368,1041.728769,1042.046048,1042.364168,1042.683085,1043.002895,1043.323555,1043.645068,1043.967603,1044.290831,1044.615147,1044.940104,1045.265817,1045.592513,1045.920167,1046.248616,1046.577945,1046.908159,1047.239245,1047.571445,1047.904468,1048.238251,1048.572969,1048.908603,1049.245097,1049.582501,1049.920818,1050.260154,1050.600479,1050.941456,1051.283462,1051.626398,1051.970268,1052.315117,1052.660865,1053.007514,1053.355231,1053.703821,1054.053367,1054.403971,1054.755523,1055.107954,1055.461353,1055.815766,1056.171109,1056.527436,1056.884746,1057.243035,1057.602322,1057.962604,1058.323884,1058.686165,1059.049452,1059.413749,1059.779058,1060.145484,1060.512831,1060.881179,1061.250578,1061.620995,1061.992553,1062.365061,1062.738693,1063.113292,1063.489051,1063.865743,1064.243594,1064.622424,1065.002319,1065.383289,1065.765335,1066.148458,1066.532673,1066.917971,1067.304361,1067.691925,1068.080622,1068.470319,1068.861120,1069.253337,1069.646425,1070.040580,1070.435920,1070.832301,1071.229847,1071.628558,1072.028388,1072.429422,1072.831552,1073.234840,1073.639350,1074.045007,1074.451792,1074.859753,1075.268893,1075.679217,1076.090730,1076.503634,1076.917539,1077.332646,1077.748961,1078.166489,1078.585127,1079.005161,1079.426400,1079.848823,1080.272483,1080.697445,1081.123615,1081.551012,1081.979665,1082.409586,1082.840765,1083.273214,1083.706939,1084.141945,1084.578276,1085.015859,1085.454750,1085.894698,1086.336273,1086.778972,1087.223110,1087.668499,1088.115262,1088.563358,1089.012878,1089.463655,1089.915780,1090.369260,1090.824199,1091.280403,1091.738028,1092.196979,1092.657291,1093.119005,1093.582117,1094.046674,1094.512685,1094.980010,1095.448749,1095.918910,1096.390497,1096.863518,1097.337976,1097.813880,1098.291238,1098.770048,1099.250424,1099.732354,1100.215569,1100.700389,1101.186570,1101.674337,1102.163580,1102.654171,1103.146359,1103.640063,1104.135541,1104.632299,1105.130538,1105.630374,1106.131798,1106.634738,1107.139240,1107.645455,1108.153099,1108.662291,1109.173314,1109.685698,1110.199706,1110.715322,1111.232655,1111.751507,1112.272106,1112.794220,1113.317975,1113.843379,1114.370439,1114.899270,1115.429661,1115.961740,1116.495491,1117.031054,1117.568175,1118.107106,1118.647736,1119.190278,1119.734386,1120.280123,1120.827602,1121.376829,1121.927812,1122.480559,1123.035164,1123.591801,1124.149885,1124.709779,1125.271458,1125.834947,1126.400253,1126.967385,1127.536387,1128.107220,1128.679873,1129.254382,1129.830757,1130.409004,1130.989131,1131.571148,1132.155061,1132.740880,1133.328626,1133.918281,1134.509865,1135.103388,1135.698858,1136.296284,1136.895674,1137.497036,1138.100380,1138.705853,1139.313185,1139.922598,1140.533954,1141.147336,1141.762751,1142.380209,1142.999890,1143.621594,1144.245236,1144.870957,1145.498785,1146.128977,1146.760991,1147.395122,1148.031378,1148.670056,1149.310592,1149.953283,1150.598136,1151.245164,1151.894466,1152.545869,1153.199475,1153.855791,1154.513832,1155.174112,1155.836628,1156.501396,1157.168432,1157.837735,1158.509447,1159.183283,1159.859467,1160.537964,1161.218820,1161.901978,1162.587481,1163.275340,1163.965565,1164.658169,1165.353161,1166.050552,1166.750353,1167.452551,1168.157206,1168.864333,1169.573885,1170.285904,1171.000467,1171.717450,1172.436907,1173.158902,1173.883419,1174.610471,1175.340095,1176.072370,1176.807095,1177.544401,1178.284457,1179.026962,1179.772085,1180.519837,1181.270231,1182.023278,1182.778928,1183.537320,1184.298404,1185.062191,1185.828694,1186.597926,1187.370039,1188.144767,1188.922263,1189.702529,1190.485598,1191.271473,1192.060251,1192.851779,1193.646152,1194.443385,1195.243423,1196.046346,1196.852239,1197.661045,1198.472778,1199.287549,1200.105179,1200.925779,1201.749429,1202.576009,1203.405601,1204.238219,1205.073906,1205.912719,1206.754502,1207.599369,1208.447334,1209.298431,1210.152738,1211.010089,1211.870598,1212.734281,1213.601213,1214.471422,1215.344717,1216.221248,1217.101028,1217.984170,1218.870603,1219.760229,1220.653169,1221.549439,1222.449060,1223.352037,1224.258393,1225.168142,1226.081303,1226.997998,1227.918030,1228.841425,1229.768396,1230.698861,1231.632838,1232.570344,1233.511395,1234.456010,1235.404205,1236.355999,1237.311408,1238.270451,1239.233172,1240.199535,1241.169586,1242.143341,1243.120820,1244.102041,1245.087022,1246.075781,1247.068338,1248.064711,1249.064919,1250.068980,1251.076946,1252.088772,1253.104510,1254.124178,1255.147795,1256.175383,1257.206960,1258.242546,1259.282161,1260.325824,1261.373558,1262.425283,1263.481215,1264.541278,1265.605491,1266.674319,1267.746897,1268.823689,1269.904714,1270.989995,1272.079519,1273.173484,1274.271660,1275.374178,1276.481060,1277.592285,1278.707958,1279.828061,1280.952616,1282.081644,1283.215202,1284.353246,1285.495833,1286.642984,1287.794722,1288.951072,1290.112074,1291.277717,1292.448040,1293.623068,1294.802825,1295.987335,1297.176622,1298.370709,1299.569622,1300.773385,1301.982022,1303.195565,1304.414025,1305.637435,1306.865978,1308.099361,1309.337770,1310.581228,1311.829764,1313.083401,1314.342167,1315.606004,1316.875104,1318.149411,1319.429008,1320.713809,1322.003897
1026.202606,1026.460971,1026.719970,1026.979484,1027.239769,1027.500863,1027.762513,1028.024782,1028.287807,1028.551337,1028.815611,1029.080454,1029.345957,1029.612122,1029.878951,1030.146390,1030.414582,1030.683417,1030.952883,1031.223251,1031.494114,1031.765656,1032.037964,1032.310909,1032.584575,1032.858935,1033.133959,1033.409483,1033.685808,1033.962876,1034.240645,1034.519301,1034.798480,1035.078332,1035.358931,1035.640243,1035.922271,1036.205018,1036.488571,1036.772762,1037.057678,1037.343323,1037.629699,1037.916989,1038.204835,1038.493419,1038.782745,1039.072814,1039.363629,1039.655193,1039.947509,1040.240578,1040.534387,1040.828973,1041.124420,1041.420527,1041.717407,1042.015056,1042.313644,1042.612843,1042.912872,1043.213696,1043.515233,1043.817898,1044.121016,1044.424926,1044.729630,1045.035057,1045.341360,1045.648465,1045.956377,1046.265052,1046.574584,1046.884950,1047.196280,1047.508330,1047.821139,1048.134918,1048.449272,1048.764569,1049.080702,1049.397756,1049.715569,1050.034371,1050.354084,1050.674423,1050.995632,1051.317744,1051.640698,1051.964435,1052.289135,1052.614657,1052.941051,1053.268422,1053.596740,1053.925770,1054.255583,1054.586385,1054.918121,1055.250710,1055.584196,1055.918661,1056.254012,1056.590211,1056.927322,1057.265433,1057.604376,1057.944281,1058.285068,1058.626784,1058.969430,1059.313008,1059.657527,1060.002988,1060.349385,1060.696739,1061.045045,1061.394307,1061.744528,1062.095812,1062.447962,1062.801081,1063.155174,1063.510171,1063.866272,1064.223307,1064.581363,1064.940421,1065.300431,1065.661440,1066.023533,1066.386537,1066.750758,1067.115802,1067.481863,1067.848946,1068.217049,1068.586188,1068.956359,1069.327569,1069.699901,1070.073306,1070.447651,1070.823049,1071.199727,1071.577326,1071.955908,1072.335559,1072.716374,1073.098176,1073.481117,1073.865018,1074.250097,1074.636273,1075.023559,1075.411912,1075.801371,1076.192001,1076.583686,1076.976520,1077.370461,1077.765517,1078.161705,1078.559030,1078.957496,1079.357243,1079.758067,1080.159983,1080.563058,1080.967297,1081.372598,1081.779297,1082.186995,1082.595985,1083.006108,1083.417484,1083.829994,1084.243728,1084.658643,1085.074775,1085.492114,1085.910672,1086.330454,1086.751504,1087.173760,1087.597243,1088.021969,1088.447711,1088.875027,1089.303439,1089.733187,1090.164189,1090.596444,1091.030011,1091.464949,1091.901087,1092.338519,1092.777296,1093.217331,1093.658728,1094.101436,1094.545414,1094.990696,1095.437431,1095.885398,1096.334744,1096.785408,1097.237404,1097.690767,1098.145493,1098.601586,1099.059054,1099.517900,1099.978136,1100.439757,1100.902775,1101.367228,1101.833313,1102.300553,1102.769211,1103.239419,1103.711096,1104.184045,1104.658437,1105.134190,1105.611547,1106.090391,1106.570704,1107.052394,1107.535508,1108.020160,1108.506342,1108.993980,1109.483121,1109.973916,1110.466080,1110.959769,1111.455155,1111.951878,1112.450164,1112.950098,1113.451485,1113.954544,1114.459055,1114.965144,1115.472806,1115.982053,1116.492892,1117.005330,1117.519482,1118.035150,1118.552424,1119.071446,1119.592084,1120.114220,1120.638243,1121.163850,1121.691089,1122.219888,1122.750363,1123.282518,1123.816362,1124.351913,1124.889398,1125.428524,1125.969211,1126.511605,1127.055732,1127.601598,1128.149210,1128.698514,1129.249773,1129.802671,1130.357345,1130.913804,1131.472055,1132.032106,1132.593964,1133.157638,1133.723134,1134.290475,1134.859642,1135.430655,1136.003523,1136.578253,1137.154855,1137.733335,1138.313703,1138.895965,1139.480272,1140.066350,1140.654348,1141.244275,1141.836212,1142.430022,1143.025785,1143.623511,1144.223207,1144.825188,1145.428853,1146.034516,1146.642469,1147.252172,1147.863879,1148.477618,1149.093399,1149.711517,1150.331408,1150.953368,1151.577406,1152.203530,1152.831751,1153.462170,1154.094611,1154.729405,1155.366374,1156.005218,1156.646221,1157.289380,1157.934715,1158.582228,1159.231933,1159.883964,1160.538038,1161.194377,1161.852981,1162.513793,1163.176856,1163.842180,1164.509777,1165.179655,1165.851826,1166.526300,1167.203086,1167.882196,1168.563617,1169.247406,1169.933579,1170.622090,1171.312977,1172.006252,1172.701994,1173.400051,1174.100555,1174.803491,1175.508869,1176.216727,1176.927145,1177.639919,1178.355181,1179.073098,1179.793370,1180.516165,1181.241494,1181.969368,1182.699800,1183.432801,1184.168319,1184.906495,1185.647276,1186.390674,1187.136701,1187.885509,1188.636832,1189.390821,1190.147488,1190.906838,1191.668900,1192.433762,1193.201270,1193.971520,1194.744525,1195.520297,1196.298781,1197.080058,1197.864211,1198.651184,1199.441086,1200.233739,1201.029251,1201.827705,1202.628978,1203.433152,1204.240240,1205.050257,1205.863244,1206.679259,1207.498144,1208.320013,1209.144898,1209.972779,1210.803786,1211.637734,1212.474739,1213.314814,1214.158035,1215.004429,1215.853805,1216.706310,1217.561960,1218.420864,1219.282953,1220.148129,1221.016510,1221.888112,1222.762950,1223.641047,1224.522405,1225.407047,1226.294989,1227.186246,1228.080942,1228.978878,1229.880079,1230.784760,1231.692837,1232.604327,1233.519246,1234.437612,1235.359442,1236.284751,1237.213558,1238.145878,1239.081730,1240.021157,1240.964124,1241.910673,1242.860824,1243.814593,1244.771998,1245.733058,1246.697790,1247.666212,1248.638342,1249.614199,1250.593833,1251.577198,1252.564345,1253.555293,1254.550061,1255.548667,1256.551130,1257.557469,1258.567705,1259.581855,1260.599939,1261.621978,1262.647893,1263.677898,1264.711917,1265.749968,1266.792517,1267.838696,1268.888968,1269.943355,1271.001877,1272.064520,1273.131481,1274.202532,1275.277800,1276.357308,1277.441036,1278.529086,1279.621439,1280.718117,1281.819142,1282.924569,1284.034353,1285.148549,1286.267181,1287.390269,1288.517837,1289.649925,1290.786520,1291.927663,1293.073377,1294.223685,1295.378609,1296.538174,1297.702403,1298.871320,1300.044947,1301.223310,1302.406432,1303.594345,1304.787058,1305.984762,1307.187164,1308.394447,1309.606636,1310.823757,1312.045833,1313.272891,1314.504956,1315.741970,1316.984125,1318.231363,1319.483767,1320.741251,1322.003897
1032.046289,1032.300439,1032.555245,1032.810618,1033.066648,1033.323298,1033.580565,1033.838484,1034.097135,1034.356314,1034.616145,1034.876611,1035.137714,1035.399653,1035.662064,1035.925189,1036.188885,1036.453260,1036.718300,1036.983991,1037.250411,1037.517398,1037.785092,1038.053457,1038.322515,1038.592228,1038.862619,1039.133653,1039.405405,1039.677928,1039.951051,1040.224864,1040.499368,1040.774566,1041.050460,1041.327053,1041.604527,1041.882525,1042.161228,1042.440640,1042.720763,1043.001599,1043.283150,1043.565420,1043.848415,1044.132223,1044.416645,1044.701812,1044.987728,1045.274354,1045.561720,1045.849972,1046.138871,1046.428461,1046.718797,1047.010273,1047.302106,1047.594707,1047.888054,1048.182160,1048.476988,1048.772585,1049.068984,1049.366172,1049.664114,1049.962786,1050.262345,1050.562787,1050.863847,1051.165694,1051.468329,1051.771788,1052.076156,1052.381176,1052.687080,1052.993703,1053.301342,1053.609581,1053.918632,1054.228567,1054.539251,1054.850717,1055.163074,1055.476275,1055.790208,1056.105125,1056.420776,1056.737265,1057.054766,1057.372941,1057.691905,1058.011856,1058.332685,1058.654269,1058.976712,1059.300019,1059.624279,1059.949320,1060.275234,1060.602023,1060.929691,1061.258241,1061.587676,1061.917999,1062.249214,1062.581320,1062.914327,1063.248236,1063.583050,1063.918864,1064.255496,1064.593044,1064.931509,1065.270896,1065.611208,1065.952448,1066.294546,1066.637652,1066.981748,1067.326826,1067.672759,1068.019626,1068.367460,1068.716251,1069.066067,1069.416864,1069.768668,1070.121302,1070.474924,1070.829526,1071.185109,1071.541674,1071.899308,1072.257967,1072.617512,1072.978063,1073.339834,1073.702390,1074.065958,1074.430619,1074.796260,1075.162884,1075.530533,1075.899269,1076.269004,1076.639816,1077.011559,1077.384419,1077.758335,1078.133279,1078.509343,1078.886408,1079.264539,1079.643770,1080.024046,1080.405412,1080.787849,1081.171372,1081.555985,1081.941694,1082.328637,1082.716611,1083.105630,1083.495762,1083.887009,1084.279372,1084.672885,1085.067450,1085.463320,1085.860214,1086.258250,1086.657433,1087.057791,1087.459281,1087.861939,1088.265754,1088.670739,1089.076949,1089.484286,1089.892806,1090.302513,1090.713413,1091.125535,1091.538602,1091.953196,1092.368815,1092.785747,1093.203852,1093.623230,1094.043926,1094.465817,1094.888901,1095.313230,1095.738809,1096.165697,1096.593842,1097.023289,1097.453913,1097.885817,1098.319002,1098.753508,1099.189268,1099.626333,1100.064679,1100.504341,1100.945314,1101.387603,1101.831220,1102.276158,1102.722428,1103.170036,1103.619022,1104.069512,1104.521236,1104.974249,1105.428792,1105.884667,1106.341792,1106.800298,1107.260256,1107.721457,1108.184142,1108.648323,1109.113916,1109.580777,1110.049113,1110.518877,1110.990113,1111.462749,1111.936830,1112.412507,1112.889532,1113.368124,1113.848044,1114.329415,1114.812392,1115.296869,1115.782727,1116.270082,1116.758943,1117.249321,1117.741212,1118.234627,1118.729572,1119.226054,1119.724189,1120.223777,1120.724909,1121.227726,1121.732095,1122.237899,1122.745527,1123.254645,1123.765389,1124.277600,1124.791420,1125.306867,1125.823926,1126.342858,1126.863183,1127.385341,1127.908960,1128.434237,1128.961177,1129.489789,1130.020080,1130.552056,1131.085793,1131.621162,1132.158238,1132.697028,1133.237541,1133.779782,1134.323760,1134.869482,1135.416968,1135.966201,1136.517199,1137.069972,1137.624526,1138.180869,1138.739010,1139.298955,1139.860713,1140.424431,1140.989838,1141.557080,1142.126167,1142.697106,1143.269979,1143.844646,1144.421190,1144.999618,1145.579938,1146.162294,1146.746596,1147.332645,1147.920906,1148.510835,1149.102688,1149.696492,1150.292256,1150.889988,1151.489986,1152.091682,1152.695372,1153.301066,1153.908773,1154.518500,1155.130350,1155.744146,1156.360220,1156.978392,1157.598361,1158.220411,1158.844544,1159.470768,1160.099094,1160.729533,1161.362219,1161.996868,1162.633736,1163.272721,1163.913866,1164.557181,1165.202676,1165.850361,1166.500245,1167.152338,1167.806650,1168.463191,1169.121972,1169.783002,1170.446268,1171.111856,1171.779696,1172.449826,1173.122257,1173.797067,1174.474104,1175.153500,1175.835239,1176.519331,1177.205788,1177.894646,1178.585984,1179.279599,1179.975777,1180.674219,1181.375090,1182.078403,1182.784168,1183.492397,1184.203101,1184.916226,1185.631914,1186.350111,1187.070829,1187.794080,1188.519874,1189.248364,1189.979283,1190.712782,1191.448863,1192.187557,1192.928950,1193.672889,1194.419467,1195.168699,1195.920596,1196.675170,1197.432366,1198.192263,1198.954945,1199.720355,1200.488602,1201.259507,1202.033246,1202.809696,1203.588940,1204.370990,1205.155858,1205.943588,1206.734135,1207.527641,1208.323920,1209.123086,1209.925169,1210.730148,1211.538155,1212.349004,1213.162808,1213.979582,1214.799400,1215.622289,1216.448057,1217.276852,1218.108688,1218.943580,1219.781741,1220.622788,1221.466935,1222.314197,1223.164589,1224.018131,1224.874827,1225.734698,1226.597760,1227.464027,1228.333623,1229.206348,1230.082227,1230.961473,1231.844003,1232.729832,1233.618978,1234.511455,1235.407281,1236.306471,1237.209042,1238.115010,1239.024392,1239.937204,1240.853491,1241.773214,1242.696419,1243.623121,1244.553339,1245.487088,1246.424388,1247.365254,1248.309705,1249.257757,1250.209430,1251.164772,1252.123738,1253.086377,1254.052708,1255.022749,1255.996518,1256.974033,1257.955313,1258.940378,1259.929244,1260.921932,1261.918460,1262.918750,1263.923015,1264.931178,1265.943701,1266.959718,1267.979691,1269.003640,1270.031585,1271.063545,1272.099506,1273.139666,1274.183793,1275.232017,1276.284357,1277.340794,1278.401430,1279.466245,1280.535260,1281.608495,1282.685973,1283.767747,1284.853774,1285.944106,1287.038767,1288.137778,1289.241160,1290.348954,1291.461147,1292.577777,1293.698868,1294.824443,1295.954523,1297.089132,1298.228292,1299.372028,1300.520360,1301.673314,1302.830919,1303.993185,1305.160143,1306.331976,1307.508389,1308.689566,1309.875530,1311.066307,1312.261920,1313.462394,1314.667755,1315.877943,1317.093150,1318.313318,1319.538528,1320.768694,1322.003897
1037.918083,1038.167893,1038.418314,1038.669466,1038.921117,1039.173405,1039.426295,1039.679806,1039.934103,1040.188838,1040.444228,1040.700209,1040.956805,1041.214092,1041.471977,1041.730540,1041.989744,1042.249648,1042.510104,1042.771331,1043.033121,1043.295527,1043.558623,1043.822376,1044.086787,1044.351859,1044.617594,1044.883994,1045.151062,1045.418800,1045.687391,1045.956476,1046.226238,1046.496684,1046.767807,1047.039613,1047.312200,1047.585400,1047.859272,1048.133837,1048.409080,1048.685038,1048.961691,1049.239253,1049.517321,1049.796095,1050.075580,1050.355777,1050.637017,1050.918710,1051.201061,1051.484144,1051.767903,1052.052448,1052.337668,1052.623656,1052.910380,1053.197841,1053.486107,1053.775005,1054.064861,1054.355445,1054.646634,1054.938465,1055.231163,1055.524762,1055.819065,1056.114047,1056.410006,1056.706525,1057.003816,1057.301967,1057.600811,1057.900419,1058.200826,1058.501981,1058.804040,1059.106915,1059.410432,1059.714797,1060.019961,1060.326200,1060.633094,1060.940676,1061.248968,1061.558176,1061.868330,1062.179176,1062.490844,1062.803339,1063.116663,1063.430776,1063.745766,1064.061595,1064.378264,1064.695778,1065.014139,1065.333350,1065.653415,1065.974434,1066.296214,1066.618857,1066.942366,1067.266735,1067.591985,1067.918110,1068.245114,1068.572999,1068.901697,1069.231355,1069.561905,1069.893440,1070.225782,1070.559077,1070.893226,1071.228302,1071.564235,1071.901187,1072.238987,1072.577788,1072.917557,1073.258116,1073.599622,1073.942064,1074.285520,1074.629949,1074.975216,1075.321433,1075.668825,1076.016957,1076.366041,1076.716090,1077.067220,1077.419205,1077.772165,1078.126107,1078.481046,1078.837006,1079.193899,1079.551784,1079.910760,1080.270574,1080.631483,1080.993376,1081.356342,1081.720261,1082.085200,1082.451161,1082.818179,1083.186197,1083.555263,1083.925355,1084.296490,1084.668670,1085.041902,1085.416322,1085.791729,1086.168135,1086.545609,1086.924148,1087.303767,1087.684484,1088.066270,1088.449190,1088.833149,1089.218204,1089.604359,1089.991642,1090.380009,1090.769496,1091.160105,1091.551863,1091.944706,1092.338680,1092.733812,1093.130058,1093.527448,1093.925985,1094.325443,1094.726378,1095.128287,1095.531459,1095.935755,1096.341406,1096.748102,1097.155983,1097.565052,1097.975315,1098.386884,1098.799601,1099.213503,1099.628587,1100.044882,1100.462405,1100.881154,1101.301172,1101.722389,1102.144857,1102.568551,1102.993507,1103.419725,1103.847199,1104.275938,1104.705950,1105.137237,1105.569841,1106.003697,1106.439034,1106.875549,1107.313367,1107.752515,1108.193008,1108.634693,1109.077766,1109.522103,1109.967774,1110.414699,1110.863145,1111.312851,1111.763951,1112.216374,1112.670163,1113.125324,1113.581903,1114.039826,1114.499138,1114.960201,1115.422309,1115.885789,1116.350715,1116.817250,1117.285017,1117.754213,1118.224846,1118.696919,1119.170439,1119.645417,1120.121849,1120.599746,1121.079113,1121.559958,1122.042396,1122.526225,1123.011660,1123.498599,1123.986905,1124.476874,1124.968270,1125.461261,1125.955815,1126.451786,1126.949291,1127.448592,1127.949209,1128.451408,1128.955250,1129.460671,1129.967590,1130.476101,1130.986211,1131.497927,1132.011283,1132.526268,1133.042843,1133.561049,1134.080894,1134.602386,1135.125532,1135.650339,1136.176813,1136.704976,1137.234806,1137.766326,1138.299543,1138.834463,1139.371093,1139.909442,1140.449516,1140.991464,1141.535011,1142.080307,1142.627357,1143.176171,1143.726755,1144.279117,1144.833338,1145.389280,1145.947022,1146.506574,1147.067942,1147.631269,1148.196466,1148.763332,1149.332334,1149.902906,1150.475363,1151.049673,1151.625864,1152.203944,1152.784209,1153.366093,1153.949890,1154.535611,1155.123262,1155.712852,1156.304483,1156.898207,1157.493667,1158.091372,1158.690789,1159.292197,1159.895616,1160.501034,1161.108469,1161.717931,1162.329554,1162.943086,1163.558683,1164.176343,1164.796075,1165.417888,1166.041792,1166.667796,1167.295910,1167.926142,1168.558503,1169.193001,1169.829647,1170.468451,1171.109421,1171.752544,1172.397877,1173.045435,1173.695170,1174.347122,1175.001368,1175.657755,1176.316416,1176.977333,1177.640516,1178.305977,1178.973751,1179.643916,1180.316426,1180.991099,1181.668101,1182.347444,1183.029137,1183.713191,1184.399618,1185.088427,1185.779567,1186.473176,1187.169200,1187.867652,1188.568542,1189.271882,1189.977822,1190.686095,1191.396851,1192.110103,1192.825852,1193.544211,1194.265017,1194.988366,1195.714267,1196.442734,1197.173779,1197.907344,1198.643579,1199.382358,1200.123832,1200.868040,1201.614802,1202.364294,1203.116394,1203.871182,1204.628670,1205.388871,1206.151826,1206.917491,1207.685908,1208.457190,1209.231148,1210.007915,1210.787468,1211.569838,1212.355138,1213.143182,1213.934083,1214.727855,1215.524572,1216.324260,1217.126727,1217.932119,1218.740451,1219.551737,1220.366190,1221.183425,1222.003657,1222.826900,1223.653167,1224.482480,1225.314841,1226.150271,1226.988784,1227.830395,1228.675227,1229.523080,1230.374076,1231.228132,1232.085460,1232.945977,1233.809698,1234.676639,1235.546816,1236.420244,1237.296939,1238.176916,1239.060192,1239.946783,1240.836733,1241.730002,1242.626634,1243.526647,1244.430055,1245.336877,1246.247128,1247.160825,1248.077986,1248.998626,1249.922764,1250.850449,1251.781633,1252.716366,1253.654665,1254.596548,1255.542033,1256.491138,1257.443879,1258.400276,1259.360345,1260.324106,1261.291577,1262.262776,1263.237623,1264.216333,1265.198826,1266.185565,1267.175683,1268.169640,1269.167457,1270.169153,1271.174746,1272.184223,1273.197778,1274.215182,1275.236562,1276.261938,1277.291289,1278.324717,1279.362201,1280.403762,1281.449420,1282.499195,1283.553140,1284.611213,1285.673464,1286.739917,1287.810592,1288.885509,1289.964709,1291.048177,1292.135953,1293.228058,1294.324514,1295.425343,1296.530567,1297.640208,1298.754289,1299.872833,1300.995861,1302.123396,1303.255468,1304.392087,1305.533282,1306.679236,1307.829654,1308.984718,1310.144452,1311.308879,1312.478024,1313.651911,1314.830563,1316.013923,1317.202180,1318.395275,1319.593289,1320.796137,1322.003897
1043.817658,1044.063091,1044.309053,1044.555684,1044.802925,1045.050707,1045.299113,1045.548167,1045.797831,1046.048108,1046.299143,1046.550615,1046.802743,1047.055491,1047.308827,1047.562823,1047.817446,1048.072699,1048.328583,1048.585100,1048.842254,1049.100051,1049.358482,1049.617736,1049.877454,1050.137838,1050.398947,1050.660611,1050.922929,1051.185902,1051.449532,1051.713822,1051.978774,1052.244427,1052.510710,1052.777769,1053.045428,1053.313725,1053.582697,1053.852348,1054.123006,1054.394021,1054.665801,1054.938188,1055.211237,1055.485006,1055.759469,1056.034630,1056.310454,1056.587081,1056.864493,1057.142465,1057.421313,1057.700661,1057.980768,1058.261592,1058.543024,1058.825288,1059.108277,1059.392428,1059.676873,1059.962049,1060.248045,1060.534693,1060.822080,1061.110209,1061.399082,1061.688687,1061.979159,1062.270322,1062.562302,1062.854938,1063.148362,1063.442692,1063.737659,1064.033396,1064.329948,1064.627188,1064.925102,1065.223898,1065.523475,1065.823838,1066.124989,1066.426930,1066.729665,1067.033153,1067.337483,1067.642615,1067.948653,1068.255398,1068.562954,1068.871322,1069.180508,1069.490509,1069.801336,1070.112989,1070.425470,1070.738782,1071.052920,1071.367903,1071.683655,1072.000323,1072.317837,1072.636291,1072.955508,1073.275580,1073.596562,1073.918355,1074.241014,1074.564546,1074.888992,1075.214265,1075.540416,1075.867529,1076.195568,1076.524449,1076.854238,1077.184827,1077.516314,1077.848921,1078.182213,1078.516411,1078.851520,1079.187580,1079.524605,1079.862467,1080.201253,1080.540987,1080.881632,1081.223216,1081.565733,1081.909192,1082.253651,1082.599040,1082.945403,1083.292612,1083.640877,1083.990084,1084.340233,1084.691353,1085.043446,1085.396516,1085.750597,1086.105633,1086.461658,1086.818688,1087.176701,1087.535713,1087.895729,1088.256753,1088.618985,1088.982035,1089.346098,1089.711190,1090.077308,1090.444518,1090.812721,1091.181885,1091.552201,1091.923511,1092.295872,1092.669286,1093.043796,1093.419339,1093.795981,1094.173654,1094.552401,1094.932252,1095.313161,1095.695158,1096.078246,1096.462429,1096.847713,1097.233869,1097.621454,1098.010012,1098.399737,1098.790537,1099.182596,1099.575699,1099.970045,1100.365421,1100.761940,1101.159607,1101.558512,1101.958489,1102.359622,1102.761926,1103.165401,1103.570050,1103.975917,1104.382931,1104.791144,1105.200536,1105.611131,1106.022930,1106.435936,1106.850155,1107.265592,1107.682251,1108.100173,1108.519482,1108.939910,1109.361508,1109.784516,1110.208613,1110.634032,1111.060773,1111.488656,1111.917812,1112.348244,1112.779959,1113.212966,1113.647261,1114.082853,1114.519789,1114.957993,1115.397510,1115.838386,1116.280547,1116.724037,1117.169219,1117.615385,1118.062864,1118.511842,1118.962164,1119.413722,1119.866673,1120.320996,1120.776701,1121.233788,1121.692266,1122.152146,1122.613421,1123.076104,1123.540201,1124.005716,1124.472765,1124.941149,1125.411202,1125.882435,1126.355266,1126.829495,1127.305191,1127.782273,1128.260962,1128.740996,1129.222758,1129.705768,1130.190292,1130.676390,1131.163910,1131.653034,1132.143594,1132.635682,1133.129305,1133.624500,1134.121213,1134.619584,1135.119350,1135.620747,1136.123718,1136.628271,1137.134410,1137.642145,1138.151494,1138.662437,1139.174994,1139.689173,1140.204981,1140.722423,1141.241508,1141.762382,1142.284773,1142.808826,1143.334550,1143.861951,1144.391037,1144.921815,1145.454292,1145.988549,1146.524446,1147.062064,1147.601410,1148.142493,1148.685319,1149.230029,1149.776364,1150.324923,1150.874798,1151.426455,1151.979920,1152.535163,1153.092210,1153.651070,1154.212037,1154.774546,1155.338890,1155.905079,1156.473120,1157.043021,1157.614790,1158.188757,1158.764289,1159.341983,1159.921309,1160.502545,1161.085703,1161.670790,1162.257806,1162.846765,1163.437676,1164.030663,1164.625505,1165.222325,1165.821132,1166.421934,1167.024741,1167.629562,1168.236405,1168.845279,1169.456194,1170.069158,1170.684182,1171.301273,1171.920441,1172.541695,1173.165022,1173.790477,1174.418076,1175.047770,1175.679598,1176.313638,1176.949736,1177.588022,1178.228482,1178.871123,1179.515956,1180.163018,1180.812385,1181.464010,1182.117711,1182.773655,1183.431851,1184.092310,1184.755041,1185.420056,1186.087364,1186.756913,1187.428840,1188.103093,1188.779681,1189.458616,1190.139908,1190.823569,1191.509747,1192.198177,1192.889008,1193.582241,1194.277989,1194.976090,1195.676636,1196.379639,1197.085110,1197.793061,1198.503434,1199.216379,1199.931769,1200.649754,1201.370373,1202.093446,1202.819148,1203.547355,1204.278149,1205.011539,1205.747540,1206.486190,1207.227447,1207.971350,1208.718012,1209.467246,1210.219181,1210.973796,1211.731119,1212.491165,1213.254045,1214.019574,1214.787863,1215.558927,1216.332938,1217.109621,1217.889086,1218.671377,1219.456508,1220.244597,1221.035545,1221.829278,1222.625907,1223.425444,1224.227903,1225.033305,1225.841651,1226.652961,1227.467250,1228.284533,1229.104930,1229.928241,1230.754589,1231.583889,1232.416353,1233.251897,1234.090537,1234.932287,1235.777162,1236.625177,1237.476348,1238.330689,1239.188216,1240.048945,1240.912918,1241.780096,1242.650523,1243.524214,1244.401185,1245.281452,1246.165031,1247.051938,1247.942189,1248.835801,1249.732791,1250.633174,1251.537000,1252.444220,1253.354884,1254.269009,1255.186612,1256.107710,1257.032319,1257.960458,1258.892143,1259.827393,1260.766224,1261.708655,1262.654702,1263.604288,1264.557623,1265.514630,1266.475769,1267.440173,1268.408303,1269.380177,1270.355814,1271.335233,1272.318418,1273.305565,1274.296442,1275.291177,1276.289788,1277.292296,1278.298678,1279.309036,1280.323349,1281.341637,1282.363919,1283.390248,1284.420579,1285.454964,1286.493425,1287.535982,1288.582654,1289.633463,1290.688448,1291.747594,1292.810939,1293.878505,1294.950312,1296.026384,1297.106740,1298.191403,1299.280394,1300.373735,1301.471448,1302.573556,1303.680087,1304.791050,1305.906633,1307.026542,1308.150958,1309.279903,1310.413400,1311.551474,1312.694146,1313.841441,1314.993382,1316.149910,1317.311214,1318.477235,1319.648052,1320.823580,1322.003897
1049.744586,1049.985575,1050.227149,1050.469368,1050.712083,1050.955425,1051.199360,1051.443855,1051.688982,1051.934715,1052.181043,1052.427973,1052.675509,1052.923652,1053.172423,1053.421787,1053.672040,1053.922633,1054.173843,1054.425673,1054.678124,1054.931198,1055.184899,1055.439227,1055.694240,1055.949830,1056.206185,1056.463006,1056.720506,1056.978682,1057.237465,1057.496913,1057.757317,1058.018043,1058.279421,1058.541449,1058.804164,1059.067668,1059.331675,1059.596410,1059.861745,1060.127713,1060.394385,1060.661729,1060.929915,1061.198610,1061.467939,1061.737995,1062.008623,1062.280049,1062.552373,1062.825262,1063.098760,1063.373182,1063.648074,1063.923667,1064.199963,1064.476964,1064.754672,1065.033296,1065.312411,1065.592385,1065.872950,1066.154227,1066.436277,1066.719001,1067.002720,1067.286911,1067.571835,1067.857494,1068.143892,1068.431030,1068.718809,1069.007436,1069.296812,1069.586938,1069.877819,1070.169558,1070.461954,1070.755069,1071.048992,1071.343681,1071.639141,1071.935373,1072.232381,1072.530167,1072.828730,1073.128081,1073.428218,1073.729145,1074.030864,1074.333378,1074.636608,1074.940721,1075.245637,1075.551452,1075.857984,1076.165329,1076.473490,1076.782468,1077.092319,1077.402927,1077.714463,1078.026765,1078.339845,1078.653873,1078.968773,1079.284406,1079.601089,1079.918415,1080.236802,1080.555835,1080.875726,1081.196478,1081.518127,1081.840609,1082.163963,1082.488269,1082.813399,1083.139383,1083.466250,1083.794004,1084.122647,1084.452183,1084.782621,1085.113953,1085.446280,1085.779422,1086.113473,1086.448558,1086.784388,1087.121197,1087.458921,1087.797572,1088.137153,1088.477668,1088.819119,1089.161542,1089.504879,1089.849176,1090.194411,1090.540602,1090.887751,1091.235861,1091.584938,1091.935176,1092.286195,1092.638191,1092.991228,1093.345188,1093.700031,1094.056095,1094.412972,1094.770957,1095.129906,1095.489848,1095.850801,1096.212792,1096.575825,1096.939857,1097.304890,1097.670953,1098.038049,1098.406183,1098.775359,1099.145581,1099.516852,1099.889177,1100.262375,1100.636909,1101.012322,1101.388978,1101.766707,1102.145439,1102.525255,1102.906157,1103.288150,1103.671238,1104.055405,1104.440797,1104.827196,1105.214707,1105.603335,1105.993084,1106.383996,1106.776000,1107.169144,1107.563421,1107.958840,1108.355408,1108.753127,1109.152003,1109.552040,1109.953243,1110.355652,1110.759462,1111.164190,1111.570102,1111.977297,1112.385726,1112.795219,1113.205916,1113.617945,1114.031063,1114.445397,1114.860954,1115.277738,1115.695760,1116.115013,1116.535454,1116.957290,1117.380285,1117.804536,1118.230049,1118.656869,1119.084958,1119.514463,1119.945221,1120.377203,1120.810498,1121.244989,1121.680760,1122.117863,1122.556280,1122.996000,1123.437078,1123.879468,1124.323200,1124.768266,1125.214679,1125.662443,1126.111565,1126.562158,1127.014011,1127.467495,1127.922102,1128.378220,1128.835603,1129.294526,1129.754709,1130.216299,1130.679683,1131.144108,1131.609975,1132.077257,1132.546063,1133.016226,1133.487838,1133.960992,1134.435521,1134.911547,1135.389018,1135.867968,1136.348442,1136.830435,1137.313799,1137.798730,1138.285172,1138.773131,1139.262614,1139.753641,1140.246190,1140.740283,1141.235924,1141.733122,1142.231882,1142.732351,1143.234256,1143.737743,1144.242819,1144.749491,1145.257765,1145.767649,1146.279149,1146.792272,1147.307025,1147.823488,1148.341522,1148.861207,1149.382549,1149.905557,1150.430237,1150.956730,1151.485062,1152.014973,1152.546414,1153.079564,1153.614429,1154.151038,1154.689357,1155.229413,1155.771504,1156.315060,1156.860377,1157.407461,1157.956322,1158.506967,1159.059631,1159.613959,1160.170002,1160.728129,1161.287810,1161.849326,1162.412676,1162.977873,1163.544931,1164.113846,1164.684667,1165.257457,1165.831967,1166.408417,1166.986771,1167.567038,1168.149226,1168.733344,1169.319400,1169.907403,1170.497361,1171.089283,1171.683178,1172.279055,1172.876922,1173.476788,1174.078662,1174.682530,1175.288447,1175.896428,1176.506425,1177.118475,1177.732588,1178.348814,1178.967080,1179.587436,1180.209892,1180.834457,1181.461141,1182.090255,1182.721205,1183.354303,1183.989559,1184.626981,1185.266580,1185.908366,1186.552349,1187.198538,1187.846880,1188.497512,1189.150382,1189.805498,1190.462872,1191.122513,1191.784433,1192.448780,1193.115286,1193.784103,1194.455239,1195.128779,1195.804587,1196.482747,1197.163270,1197.846167,1198.531449,1199.219127,1199.909143,1200.601645,1201.296508,1201.993976,1202.693799,1203.396154,1204.100915,1204.808162,1205.517907,1206.230162,1206.944965,1207.662273,1208.382125,1209.104534,1209.829611,1210.557186,1211.287336,1212.020091,1212.755462,1213.493463,1214.234205,1214.977500,1215.723463,1216.472104,1217.223631,1217.977669,1218.734423,1219.493908,1220.256135,1221.021223,1221.789070,1222.559604,1223.332934,1224.109072,1224.888032,1225.669834,1226.454478,1227.241985,1228.032368,1228.825641,1229.621925,1230.421019,1231.223045,1232.027918,1232.835849,1233.646754,1234.460647,1235.277543,1236.097456,1236.920400,1237.746391,1238.575442,1239.407570,1240.242787,1241.081111,1241.922582,1242.767161,1243.614891,1244.465788,1245.319865,1246.177140,1247.037627,1247.901343,1248.768302,1249.638521,1250.512015,1251.388833,1252.268927,1253.152344,1254.039101,1254.929215,1255.822702,1256.719578,1257.619860,1258.523564,1259.430709,1260.341309,1261.255384,1262.172948,1263.094021,1264.018522,1264.946662,1265.878362,1266.814083,1267.752956,1268.695443,1269.641560,1270.591327,1271.544760,1272.501844,1273.462775,1274.427320,1275.395605,1276.367649,1277.343471,1278.323048,1279.306482,1280.293751,1281.284873,1282.279869,1283.278789,1284.281589,1285.288320,1286.299002,1287.313655,1288.332299,1289.354954,1290.381658,1291.412395,1292.447204,1293.486105,1294.529118,1295.576265,1296.627566,1297.683043,1298.742715,1299.806605,1300.874734,1301.947123,1303.023800,1304.104774,1305.190073,1306.279879,1307.373894,1308.472301,1309.575121,1310.682376,1311.794091,1312.910286,1314.030985,1315.156211,1316.285904,1317.420252,1318.559197,1319.702816,1320.851023,1322.003897
1055.699156,1055.935656,1056.172708,1056.410334,1056.648537,1056.887317,1057.126772,1057.366714,1057.607420,1057.848531,1058.090230,1058.332518,1058.575397,1058.818925,1059.062993,1059.307658,1059.552923,1059.798789,1060.045406,1060.292443,1060.540125,1060.788417,1061.037356,1061.287201,1061.537334,1061.788232,1062.039603,1062.291592,1062.544170,1062.797545,1063.051416,1063.305928,1063.561062,1063.816831,1064.073201,1064.330245,1064.588097,1064.846426,1065.105401,1065.365023,1065.625348,1065.886273,1066.147851,1066.410171,1066.673151,1066.936706,1067.201170,1067.466055,1067.731608,1067.997832,1068.264909,1068.532480,1068.800772,1069.069732,1069.339341,1069.609723,1069.880738,1070.152408,1070.424941,1070.697946,1070.971697,1071.246147,1071.521298,1071.797153,1072.073714,1072.350984,1072.628964,1072.907657,1073.187067,1073.467195,1073.748043,1074.029616,1074.311915,1074.594899,1074.878657,1075.163149,1075.448377,1075.734344,1076.021052,1076.308501,1076.596701,1076.885650,1077.175351,1077.465734,1077.756947,1078.048921,1078.341648,1078.635241,1078.929512,1079.224553,1079.520368,1079.816957,1080.114314,1080.412603,1080.711541,1081.011344,1081.311881,1081.613302,1081.915374,1082.218280,1082.522212,1082.826725,1083.132250,1083.438382,1083.745348,1084.053110,1084.361691,1084.671093,1084.981402,1085.292481,1085.604371,1085.917095,1086.230664,1086.545066,1086.860313,1087.176407,1087.493350,1087.811146,1088.129840,1088.449352,1088.769782,1089.091084,1089.413193,1089.736233,1090.060038,1090.384782,1090.710398,1091.036900,1091.364290,1091.692571,1092.021778,1092.351852,1092.682828,1093.014709,1093.347511,1093.681211,1094.015827,1094.351356,1094.687812,1095.025391,1095.363701,1095.703006,1096.043184,1096.384302,1096.726362,1097.069389,1097.413301,1097.758211,1098.104130,1098.450957,1098.798774,1099.147597,1099.497336,1099.848042,1100.199728,1100.552396,1100.906050,1101.260694,1101.616332,1101.973015,1102.330652,1102.689295,1103.048825,1103.409579,1103.771260,1104.133865,1104.497645,1104.862388,1105.228175,1105.594999,1105.962864,1106.331753,1106.701710,1107.072768,1107.444889,1107.818016,1108.192209,1108.567470,1108.943810,1109.321259,1109.699752,1110.079331,1110.460009,1110.841761,1111.224622,1111.608585,1111.993656,1112.379944,1112.767432,1113.155850,1113.545391,1113.936062,1114.328024,1114.720966,1115.115119,1115.510350,1115.906731,1116.304394,1116.703092,1117.102954,1117.503986,1117.906192,1118.309582,1118.714150,1119.119852,1119.526895,1119.935041,1120.344390,1120.754946,1121.166791,1121.579950,1121.994271,1122.409850,1122.826515,1123.244485,1123.663628,1124.084017,1124.505633,1124.928529,1125.352687,1125.778114,1126.204810,1126.632782,1127.062043,1127.492584,1127.924418,1128.357550,1128.791984,1129.227960,1129.665161,1130.103668,1130.543350,1130.984485,1131.426924,1131.870592,1132.315888,1132.762425,1133.210201,1133.659323,1134.109813,1134.561764,1135.015007,1135.469635,1135.925654,1136.383186,1136.842004,1137.302230,1137.763870,1138.226968,1138.691518,1139.157435,1139.624726,1140.093524,1140.563771,1141.035488,1141.508652,1141.983284,1142.459389,1142.936975,1143.416046,1143.896751,1144.378814,1144.862381,1145.347460,1145.834056,1146.322176,1146.811827,1147.303014,1147.795745,1148.290026,1148.785863,1149.283336,1149.782306,1150.282851,1150.784980,1151.288698,1151.794013,1152.301065,1152.809880,1153.320026,1153.831795,1154.345366,1154.860403,1155.377086,1155.895440,1156.415433,1156.937380,1157.460713,1157.985726,1158.512426,1159.040821,1159.570918,1160.102725,1160.636478,1161.171819,1161.708799,1162.247788,1162.788255,1163.330480,1163.874463,1164.420216,1164.967786,1165.517101,1166.068209,1166.621243,1167.175917,1167.732451,1168.290809,1168.851000,1169.413032,1169.976912,1170.542649,1171.110250,1171.679725,1172.251081,1172.824327,1173.399471,1173.976521,1174.555486,1175.136374,1175.719195,1176.303931,1176.890670,1177.479337,1178.069970,1178.662579,1179.257240,1179.853799,1180.452387,1181.052984,1181.655602,1182.260248,1182.866932,1183.475965,1184.086752,1184.699605,1185.314532,1185.931544,1186.550648,1187.171856,1187.795175,1188.420617,1189.048126,1189.677840,1190.309705,1190.943731,1191.579927,1192.218303,1192.858869,1193.501775,1194.146752,1194.793949,1195.443376,1196.095117,1196.749036,1197.405216,1198.063667,1198.724401,1199.387426,1200.052755,1200.720329,1201.390295,1202.062527,1202.737270,1203.414341,1204.093711,1204.775460,1205.459598,1206.146136,1206.835086,1207.526487,1208.220293,1208.916545,1209.615253,1210.316429,1211.020203,1211.726350,1212.435000,1213.146164,1213.859854,1214.576183,1215.294961,1216.016301,1216.740215,1217.466815,1218.196007,1218.927716,1219.662047,1220.399014,1221.138627,1221.881006,1222.626047,1223.373679,1224.124008,1224.877048,1225.632818,1226.391318,1227.152567,1227.916579,1228.683367,1229.453050,1230.225429,1231.000623,1231.778646,1232.559413,1233.343135,1234.129726,1234.919201,1235.711573,1236.506856,1237.305064,1238.106212,1238.910313,1239.717382,1240.527432,1241.340479,1242.156564,1242.975646,1243.797769,1244.622946,1245.451193,1246.282524,1247.116953,1247.954498,1248.795171,1249.638989,1250.485967,1251.336120,1252.189496,1253.046046,1253.905818,1254.768828,1255.635091,1256.504623,1257.377441,1258.253560,1259.132997,1260.015768,1260.901888,1261.791376,1262.684247,1263.580420,1264.480107,1265.383228,1266.289799,1267.200281,1268.113804,1269.030830,1269.951374,1270.875455,1271.803089,1272.734261,1273.669165,1274.607568,1275.549595,1276.495266,1277.444598,1278.397568,1279.354277,1280.314701,1281.278861,1282.246773,1283.218490,1284.193966,1285.173251,1286.156364,1287.143326,1288.134155,1289.128871,1290.127510,1291.130057,1292.136550,1293.147007,1294.161450,1295.179898,1296.202371,1297.228890,1298.259475,1299.294146,1300.332925,1301.375831,1302.422885,1303.474116,1304.529531,1305.589158,1306.653177,1307.721292,1308.793683,1309.870371,1310.951380,1312.036730,1313.126443,1314.220542,1315.318967,1316.421904,1317.529295,1318.641161,1319.757581,1320.878467,1322.003897
1061.681472,1061.913380,1062.145901,1062.378928,1062.612517,1062.846671,1063.081410,1063.316699,1063.552557,1063.789135,1064.026139,1064.263826,1064.501966,1064.740703,1064.980349,1065.220287,1065.460775,1065.701850,1065.943514,1066.185794,1066.428643,1066.672153,1066.916194,1067.160845,1067.406087,1067.651932,1067.898347,1068.145572,1068.393239,1068.641518,1068.890621,1069.140018,1069.390143,1069.640945,1069.892482,1070.144473,1070.397090,1070.650336,1070.904291,1071.158985,1071.414232,1071.670012,1071.926432,1072.183580,1072.441332,1072.699682,1072.958706,1073.218353,1073.478653,1073.739770,1074.001381,1074.263652,1074.526533,1074.790230,1075.054490,1075.319419,1075.585018,1075.851290,1076.118136,1076.385760,1076.654064,1076.923050,1077.192721,1077.463079,1077.734126,1078.005865,1078.278255,1078.551384,1078.825212,1079.099741,1079.374975,1079.650914,1079.927559,1080.204919,1080.482921,1080.761710,1081.041219,1081.321449,1081.602495,1081.884167,1082.166574,1082.449715,1082.733591,1083.018203,1083.303625,1083.589796,1083.876797,1084.164383,1084.452719,1084.742053,1085.031897,1085.322522,1085.613828,1085.905954,1086.198882,1086.492749,1086.787183,1087.082390,1087.378360,1087.675146,1087.972774,1088.271105,1088.570227,1088.870141,1089.170848,1089.472353,1089.774664,1090.077772,1090.381685,1090.686443,1090.991977,1091.298330,1091.605496,1091.913543,1092.222409,1092.532045,1092.842511,1093.153869,1093.465952,1093.778933,1094.092747,1094.407406,1094.722913,1095.039271,1095.356514,1095.674583,1095.993513,1096.313307,1096.633980,1096.955506,1097.277909,1097.601190,1097.925349,1098.250665,1098.576582,1098.903401,1099.231113,1099.559734,1099.889242,1100.219673,1100.550989,1100.883183,1101.216375,1101.550471,1101.885446,1102.221369,1102.558203,1102.895959,1103.234648,1103.574276,1103.914843,1104.256402,1104.598972,1104.942384,1105.286750,1105.632076,1105.978364,1106.325386,1106.673699,1107.022895,1107.373026,1107.724167,1108.076305,1108.429432,1108.783531,1109.138645,1109.494755,1109.851925,1110.210104,1110.569240,1110.929397,1111.290567,1111.652760,1112.016018,1112.380268,1112.745554,1113.111878,1113.479254,1113.847657,1114.217121,1114.587712,1114.959326,1115.332158,1115.705866,1116.080711,1116.456660,1116.833595,1117.211614,1117.590722,1117.970991,1118.352288,1118.734811,1119.118314,1119.502926,1119.888652,1120.275497,1120.663557,1121.052565,1121.442792,1121.834100,1122.226697,1122.620344,1123.015142,1123.411131,1123.808571,1124.206845,1124.606287,1125.007003,1125.408941,1125.811882,1126.216043,1126.621395,1127.027919,1127.435667,1127.844622,1128.254789,1128.666169,1129.078770,1129.492601,1129.907657,1130.323948,1130.741491,1131.160390,1131.580416,1132.001928,1132.424613,1132.848403,1133.273587,1133.700259,1134.127893,1134.556794,1134.987005,1135.418647,1135.851456,1136.285659,1136.721088,1137.157834,1137.595903,1138.035330,1138.476061,1138.918219,1139.361635,1139.806440,1140.252562,1140.700045,1141.148961,1141.599184,1142.050724,1142.503724,1142.958100,1143.413872,1143.871045,1144.329625,1144.789758,1145.251171,1145.714007,1146.178275,1146.643979,1147.111126,1147.579722,1148.049772,1148.521284,1148.994262,1149.468713,1149.944644,1150.422060,1150.900968,1151.381448,1151.863359,1152.346780,1152.831718,1153.318179,1153.806171,1154.296121,1154.787192,1155.279813,1155.773989,1156.269900,1156.767208,1157.266093,1157.766580,1158.268637,1158.772578,1159.277834,1159.784700,1160.293183,1160.803290,1161.315027,1161.828631,1162.343651,1162.860415,1163.378745,1163.899011,1164.420685,1164.944036,1165.469073,1165.995840,1166.524282,1167.054426,1167.586288,1168.120000,1168.655275,1169.192333,1169.731138,1170.271698,1170.814021,1171.358113,1171.903984,1172.451640,1173.001089,1173.552340,1174.105400,1174.660277,1175.216979,1175.775515,1176.335891,1176.898117,1177.462176,1178.028126,1178.595977,1179.165683,1179.737279,1180.310773,1180.886218,1181.463536,1182.042778,1182.623954,1183.207071,1183.792294,1184.379466,1184.968460,1185.559430,1186.152386,1186.747336,1187.344288,1187.943253,1188.544239,1189.147256,1189.752247,1190.359351,1190.968513,1191.579742,1192.193048,1192.808439,1193.425925,1194.045516,1194.667360,1195.291189,1195.917151,1196.545340,1197.175589,1197.808010,1198.442604,1199.079380,1199.718349,1200.359520,1201.002904,1201.648442,1202.296281,1202.946363,1203.598794,1204.253393,1204.910267,1205.569425,1206.230878,1206.894637,1207.560741,1208.229143,1208.899883,1209.572972,1210.248420,1210.926239,1211.606557,1212.289150,1212.974146,1213.661558,1214.351395,1215.043669,1215.738493,1216.435676,1217.135332,1217.837570,1218.542237,1219.249437,1219.959096,1220.671284,1221.386014,1222.103403,1222.823254,1223.545777,1224.270796,1224.998417,1225.728653,1226.461522,1227.197024,1227.935179,1228.675998,1229.419494,1230.165787,1230.914676,1231.666280,1232.420613,1233.177589,1233.937418,1234.700014,1235.465391,1236.233563,1237.004541,1237.778341,1238.554976,1239.334458,1240.116802,1240.902022,1241.690131,1242.481170,1243.275099,1244.071960,1244.871766,1245.674531,1246.480270,1247.288998,1248.100728,1248.915476,1249.733255,1250.554081,1251.377968,1252.204963,1253.035018,1253.868178,1254.704461,1255.543879,1256.386449,1257.232187,1258.081107,1258.933226,1259.788558,1260.647120,1261.508927,1262.373996,1263.242342,1264.113884,1264.988832,1265.867107,1266.749167,1267.634143,1268.522494,1269.414237,1270.309389,1271.207966,1272.109950,1273.015429,1273.924493,1274.836942,1275.752902,1276.672391,1277.595425,1278.521982,1279.452161,1280.385940,1281.323335,1282.264365,1283.209081,1284.157436,1285.109480,1286.065233,1287.024712,1287.987936,1288.954924,1289.925712,1290.900285,1291.878678,1292.860912,1293.847004,1294.836975,1295.830844,1296.828631,1297.830355,1298.836037,1299.845695,1300.859351,1301.877024,1302.898741,1303.924510,1304.954357,1305.988463,1307.026529,1308.068736,1309.115104,1310.165655,1311.220410,1312.279391,1313.342618,1314.410113,1315.481815,1316.557912,1317.638342,1318.723128,1319.812347,1320.905911,1322.003897
1067.691174,1067.918444,1068.146260,1068.374583,1068.603477,1068.833268,1069.063284,1069.293890,1069.525083,1069.756768,1069.988975,1070.221778,1070.455149,1070.689086,1070.923656,1071.158729,1071.394385,1071.630603,1071.867564,1072.105109,1072.343162,1072.581693,1072.820696,1073.060480,1073.300765,1073.541721,1073.783266,1074.025323,1074.267976,1074.511328,1074.755176,1074.999712,1075.244907,1075.490564,1075.736827,1075.983700,1076.231275,1076.479371,1076.728083,1076.977397,1077.227448,1077.478151,1077.729375,1077.981195,1078.233642,1078.486669,1078.740379,1078.994722,1079.249702,1079.505321,1079.761580,1080.018382,1080.275929,1080.534124,1080.792969,1081.052466,1081.312617,1081.573425,1081.834891,1082.096976,1082.359766,1082.623222,1082.887346,1083.152140,1083.417606,1083.683673,1083.950491,1084.217990,1084.486262,1084.755125,1085.024676,1085.294917,1085.565840,1085.837466,1086.109853,1086.383070,1086.656793,1086.931220,1087.206353,1087.482472,1087.759025,1088.036292,1088.314296,1088.593034,1088.872458,1089.152571,1089.433445,1089.715048,1089.997527,1090.280678,1090.564484,1090.849093,1091.134381,1091.420414,1091.707194,1091.994721,1092.283003,1092.572042,1092.861838,1093.152395,1093.443722,1093.735845,1094.028702,1094.322330,1094.616733,1094.911980,1095.207941,1095.504685,1095.802270,1096.100589,1096.399758,1096.699663,1097.000314,1097.301825,1097.604131,1097.907242,1098.211163,1098.515896,1098.821474,1099.127840,1099.435026,1099.743032,1100.051883,1100.361550,1100.672051,1100.983450,1101.295626,1101.608868,1101.922719,1102.237432,1102.552996,1102.869415,1103.186716,1103.504874,1103.823876,1104.143729,1104.464521,1104.786135,1105.108627,1105.432022,1105.756285,1106.081428,1106.407617,1106.734544,1107.062367,1107.391091,1107.720719,1108.051253,1108.382699,1108.715058,1109.048334,1109.382300,1109.717511,1110.053648,1110.390498,1110.728399,1111.067253,1111.407028,1111.747764,1112.089454,1112.432147,1112.775752,1113.120364,1113.465886,1113.812375,1114.159835,1114.508308,1114.857721,1115.208116,1115.559496,1115.911867,1116.265302,1116.619673,1116.975024,1117.331426,1117.688993,1118.047446,1118.406851,1118.767276,1119.128820,1119.491298,1119.854809,1120.219355,1120.584942,1120.951644,1121.319324,1121.688182,1122.057971,1122.428821,1122.800736,1123.173812,1123.547869,1123.922917,1124.299079,1124.676381,1125.054866,1125.434468,1125.815265,1126.196953,1126.579789,1126.963696,1127.348821,1127.734965,1128.122347,1128.510745,1128.900277,1129.290948,1129.682737,1130.075698,1130.469810,1130.865064,1131.261511,1131.659107,1132.057891,1132.457832,1132.858953,1133.261382,1133.664877,1134.069566,1134.475816,1134.882902,1135.291554,1135.701068,1136.111892,1136.523847,1136.936993,1137.351409,1137.767198,1138.184095,1138.602327,1139.021725,1139.442411,1139.864330,1140.287518,1140.711979,1141.137806,1141.564830,1141.993182,1142.422789,1142.853697,1143.285974,1143.719511,1144.154288,1144.590447,1145.027934,1145.466752,1145.907049,1146.348548,1146.791395,1147.235597,1147.681158,1148.128085,1148.576383,1149.026057,1149.477114,1149.929559,1150.383397,1150.838636,1151.295280,1151.753335,1152.212808,1152.673703,1153.136102,1153.599862,1154.065064,1154.531712,1154.999813,1155.469662,1155.940823,1156.413322,1156.887298,1157.362758,1157.839709,1158.318327,1158.798277,1159.279737,1159.762732,1160.247518,1160.733544,1161.221106,1161.710209,1162.200860,1162.693295,1163.187063,1163.682398,1164.179308,1164.677892,1165.178242,1165.679922,1166.183199,1166.688119,1167.194621,1167.702745,1168.212499,1168.723895,1169.237054,1169.751696,1170.268039,1170.786047,1171.305727,1171.827087,1172.350133,1172.874874,1173.401316,1173.929467,1174.459334,1174.990925,1175.524248,1176.059309,1176.596117,1177.134679,1177.675002,1178.217096,1178.760966,1179.306598,1179.854075,1180.403324,1180.954382,1181.507257,1182.061957,1182.618531,1183.176905,1183.737127,1184.299206,1184.863308,1185.429126,1185.996973,1186.566565,1187.138055,1187.711453,1188.286766,1188.864004,1189.443174,1190.024287,1190.607349,1191.192307,1191.779296,1192.368261,1192.959213,1193.552158,1194.147107,1194.744068,1195.343051,1195.944204,1196.547257,1197.152359,1197.759603,1198.368821,1198.980126,1199.593517,1200.209004,1200.826597,1201.446304,1202.068068,1202.692034,1203.318144,1203.946408,1204.576931,1205.209532,1205.844316,1206.481294,1207.120475,1207.761899,1208.405518,1209.051370,1209.699468,1210.349819,1211.002436,1211.657346,1212.314525,1212.974100,1213.635882,1214.299982,1214.966411,1215.635179,1216.306398,1216.979877,1217.655729,1218.333965,1219.014695,1219.697824,1220.383276,1221.071156,1221.761476,1222.454351,1223.149584,1223.847386,1224.547578,1225.250268,1225.955467,1226.663186,1227.373444,1228.086240,1228.801593,1229.519515,1230.240124,1230.963220,1231.688920,1232.417239,1233.148187,1233.881679,1234.617925,1235.356838,1236.098432,1236.842719,1237.589712,1238.339423,1239.091867,1239.847056,1240.605002,1241.365720,1242.129223,1242.895550,1243.664662,1244.436598,1245.211373,1245.989000,1246.769493,1247.552865,1248.339131,1249.128304,1249.920399,1250.715429,1251.513409,1252.314385,1253.118308,1253.925224,1254.735147,1255.548092,1256.364074,1257.183107,1258.005207,1258.830388,1259.658665,1260.490054,1261.324570,1262.162227,1263.003042,1263.847029,1264.694108,1265.544487,1266.398087,1267.255365,1268.115451,1268.978805,1269.845442,1270.715379,1271.588632,1272.465183,1273.345116,1274.228524,1275.115204,1276.005284,1276.898778,1277.795705,1278.696041,1279.599884,1280.507210,1281.418037,1282.332383,1283.250297,1284.171732,1285.096738,1286.025333,1286.957535,1287.893361,1288.832831,1289.775961,1290.722789,1291.673297,1292.627522,1293.585481,1294.547194,1295.512680,1296.481957,1297.455044,1298.431962,1299.412728,1300.397363,1301.385885,1302.378315,1303.374678,1304.374982,1305.379252,1306.387669,1307.399933,1308.416225,1309.436565,1310.460972,1311.489468,1312.522074,1313.558810,1314.599697,1315.644673,1316.693926,1317.747394,1318.805098,1319.867114,1320.933355,1322.003897
1073.728020,1073.950588,1074.173685,1074.397320,1074.621490,1074.846300,1075.071612,1075.297400,1075.524119,1075.750995,1075.978381,1076.206394,1076.434889,1076.664041,1076.893666,1077.123846,1077.354669,1077.585966,1077.817970,1078.050391,1078.283376,1078.516929,1078.751050,1078.985741,1079.221147,1079.457028,1079.693594,1079.930587,1080.168160,1080.406315,1080.645053,1080.884362,1081.124447,1081.364949,1081.606036,1081.847725,1082.090009,1082.332892,1082.576323,1082.820407,1083.065095,1083.310389,1083.556291,1083.802703,1084.049827,1084.297566,1084.545921,1084.794895,1085.044489,1085.294707,1085.545550,1085.797019,1086.049075,1086.301805,1086.555168,1086.809095,1087.063732,1087.319004,1087.575016,1087.831580,1088.088791,1088.346651,1088.605240,1088.864405,1089.124323,1089.384878,1089.646017,1089.908045,1090.170512,1090.433646,1090.697450,1090.961926,1091.227163,1091.492990,1091.759496,1092.026704,1092.294575,1092.563153,1092.832422,1093.102301,1093.373055,1093.644381,1093.916568,1094.189293,1094.462722,1094.736841,1095.011684,1095.287238,1095.563502,1095.840485,1096.118186,1096.396608,1096.675789,1096.955667,1097.236267,1097.517598,1097.799726,1098.082527,1098.366073,1098.650356,1098.935383,1099.221212,1099.507736,1099.795013,1100.083103,1100.371892,1100.661399,1100.951713,1101.242792,1101.534640,1101.827260,1102.120684,1102.414856,1102.709803,1103.005537,1103.302070,1103.599379,1103.897556,1104.196451,1104.496143,1104.796635,1105.098127,1105.400254,1105.703165,1106.006887,1106.311424,1106.616779,1106.923015,1107.230015,1107.537785,1107.846494,1108.156093,1108.466466,1108.777663,1109.089671,1109.402523,1109.716225,1110.030778,1110.346186,1110.662452,1110.979579,1111.297570,1111.616429,1111.936159,1112.256763,1112.578014,1112.900465,1113.223799,1113.547801,1113.872792,1114.198709,1114.525520,1114.853241,1115.181861,1115.511439,1115.841877,1116.173283,1116.505553,1116.838744,1117.172859,1117.507941,1117.843917,1118.180828,1118.518749,1118.857541,1119.197279,1119.538013,1119.879643,1120.222497,1120.566055,1120.910578,1121.256162,1121.602624,1121.950062,1122.298478,1122.647877,1122.998262,1123.349638,1123.702078,1124.055446,1124.409941,1124.765317,1125.121702,1125.479101,1125.837609,1126.197047,1126.557509,1126.918862,1127.281503,1127.645065,1128.009976,1128.375625,1128.742325,1129.110078,1129.479030,1129.848903,1130.219842,1130.591996,1130.965047,1131.339209,1131.714454,1132.090785,1132.468185,1132.846704,1133.226323,1133.607043,1133.988892,1134.371837,1134.755906,1135.141090,1135.527526,1135.914968,1136.303677,1136.693516,1137.084840,1137.476846,1137.870029,1138.264428,1138.659914,1139.056568,1139.454357,1139.853360,1140.253680,1140.655138,1141.057730,1141.461488,1141.866447,1142.272611,1142.679986,1143.088576,1143.498473,1143.909547,1144.321813,1144.735314,1145.150055,1145.566121,1145.983358,1146.401850,1146.821680,1147.242698,1147.664987,1148.088552,1148.513398,1148.939530,1149.366954,1149.795675,1150.225699,1150.657030,1151.089674,1151.523637,1151.958923,1152.395539,1152.833490,1153.272781,1153.713418,1154.155406,1154.598826,1155.043535,1155.489612,1155.937063,1156.385893,1156.836398,1157.288006,1157.741146,1158.195554,1158.651372,1159.108604,1159.567256,1160.027506,1160.489019,1160.951969,1161.416365,1161.882520,1162.349823,1162.818590,1163.288826,1163.760537,1164.233960,1164.708641,1165.184817,1165.662493,1166.141676,1166.622469,1167.104956,1167.588733,1168.074009,1168.560824,1169.049185,1169.539099,1170.030571,1170.523616,1171.018353,1171.514500,1172.012277,1172.511647,1173.012616,1173.515192,1174.019382,1174.525192,1175.032630,1175.541702,1176.052417,1176.564779,1177.078798,1177.594480,1178.111833,1178.630863,1179.151577,1179.673985,1180.198091,1180.723881,1181.251410,1181.780689,1182.311669,1182.844386,1183.378848,1183.915104,1184.453079,1184.992821,1185.534339,1186.077797,1186.622890,1187.169902,1187.718628,1188.269143,1188.821481,1189.375650,1189.931659,1190.489516,1191.049228,1191.610804,1192.174189,1192.739519,1193.306737,1193.875853,1194.446876,1195.019812,1195.594672,1196.171464,1196.750196,1197.331016,1197.913656,1198.498345,1199.084926,1199.673483,1200.264042,1200.856604,1201.451177,1202.047771,1202.646395,1203.246989,1203.849700,1204.454468,1205.061468,1205.670310,1206.281307,1206.894399,1207.509596,1208.126936,1208.746371,1209.367940,1209.991653,1210.617519,1211.245548,1211.875768,1212.508153,1213.142731,1213.779613,1214.418609,1215.059827,1215.703280,1216.348977,1216.996928,1217.647245,1218.299737,1218.954615,1219.611690,1220.271105,1220.932866,1221.596895,1222.263264,1222.932088,1223.603169,1224.276622,1224.952554,1225.630787,1226.311425,1226.994480,1227.679971,1228.367895,1229.058270,1229.751109,1230.446423,1231.144330,1231.844627,1232.547435,1233.252764,1233.960627,1234.670937,1235.383903,1236.099438,1236.817556,1237.538268,1238.261586,1238.987523,1239.716092,1240.447304,1241.181173,1241.917712,1242.656932,1243.398874,1244.143497,1244.890840,1245.640917,1246.393741,1247.149324,1247.907681,1248.668824,1249.432768,1250.199524,1250.969108,1251.741532,1252.516843,1253.294990,1254.076019,1254.859944,1255.646778,1256.436537,1257.229234,1258.024884,1258.823500,1259.625098,1260.429692,1261.237295,1262.047924,1262.861593,1263.678317,1264.498013,1265.320890,1266.146867,1266.975959,1267.808625,1268.643993,1269.482522,1270.324228,1271.169125,1272.017230,1272.868525,1273.723093,1274.581025,1275.442120,1276.306503,1277.174189,1278.045196,1278.919498,1279.797194,1280.678260,1281.562713,1282.450568,1283.341877,1284.236590,1285.134757,1286.036396,1286.941523,1287.850156,1288.762313,1289.678011,1290.597285,1291.520119,1292.446547,1293.376587,1294.310258,1295.247577,1296.188564,1297.133235,1298.081611,1299.033709,1299.989548,1300.949148,1301.912526,1302.879702,1303.850702,1304.825531,1305.804217,1306.786936,1307.773391,1308.763761,1309.758064,1310.756322,1311.758553,1312.764779,1313.775019,1314.789294,1315.807542,1316.829947,1317.856450,1318.887069,1319.921883,1320.960800,1322.003897
1079.792337,1080.010140,1080.228317,1080.447159,1080.666611,1080.886500,1081.106999,1081.328044,1081.549514,1081.771516,1081.994003,1082.217174,1082.440778,1082.664963,1082.889644,1083.114867,1083.340777,1083.567137,1083.793995,1084.021403,1084.249360,1084.477870,1084.707106,1084.936710,1085.166888,1085.397626,1085.628918,1085.860781,1086.093209,1086.326204,1086.559718,1086.793853,1087.028562,1087.263845,1087.499705,1087.736144,1087.973063,1088.210665,1088.448852,1088.687625,1088.926987,1089.166940,1089.407486,1089.648627,1089.890292,1090.132583,1090.375519,1090.619058,1090.863295,1091.108042,1091.353479,1091.599562,1091.846146,1092.093346,1092.341149,1092.589897,1092.838956,1093.088638,1093.338937,1093.589873,1093.841476,1094.093674,1094.346508,1094.599978,1094.854138,1095.108910,1095.364303,1095.620364,1095.877051,1096.134389,1096.392402,1096.651047,1096.910372,1097.170457,1097.431080,1097.692448,1097.954402,1098.217008,1098.480300,1098.744266,1099.008905,1099.274225,1099.540261,1099.806943,1100.074311,1100.342366,1100.611180,1100.880618,1101.150751,1101.421581,1101.693111,1101.965348,1102.238285,1102.511929,1102.786339,1103.061406,1103.337187,1103.613745,1103.890964,1104.168855,1104.447530,1104.726924,1105.007049,1105.287907,1105.569526,1105.851857,1106.134944,1106.418760,1106.703386,1106.988710,1107.274773,1107.561590,1107.849189,1108.137524,1108.426831,1108.716681,1109.007311,1109.298713,1109.590928,1109.883880,1110.177846,1110.472254,1110.767543,1111.063629,1111.360558,1111.658229,1111.956696,1112.255994,1112.556063,1112.856938,1113.158621,1113.461115,1113.764423,1114.068549,1114.373495,1114.679264,1114.985859,1115.293284,1115.601542,1115.910404,1116.220513,1116.531234,1116.842755,1117.155210,1117.468528,1117.782699,1118.097729,1118.413671,1118.730425,1119.048046,1119.366593,1119.685959,1120.006201,1120.327434,1120.649441,1120.972335,1121.296119,1121.620796,1121.946371,1122.272947,1122.600527,1122.928803,1123.257999,1123.588110,1123.919233,1124.251183,1124.584057,1124.917860,1125.252593,1125.588262,1125.924870,1126.262420,1126.600986,1126.940431,1127.280955,1127.622311,1127.964627,1128.307907,1128.652247,1128.997467,1129.343724,1129.690812,1130.038969,1130.388325,1130.738553,1131.089682,1131.441809,1131.795039,1132.149214,1132.504359,1132.860517,1133.217693,1133.576004,1133.935227,1134.295480,1134.656767,1135.019079,1135.382445,1135.746857,1136.112303,1136.478837,1136.846410,1137.215047,1137.584755,1137.955653,1138.327502,1138.700808,1139.074941,1139.450166,1139.826461,1140.203749,1140.582213,1140.961707,1141.342310,1141.724027,1142.106826,1142.490872,1142.876123,1143.262340,1143.649694,1144.038188,1144.427828,1144.818618,1145.210562,1145.603666,1145.998059,1146.393495,1146.790105,1147.187906,1147.586941,1147.987240,1148.388590,1148.791137,1149.194823,1149.599779,1150.005946,1150.413330,1150.821936,1151.231768,1151.642832,1152.055132,1152.468673,1152.883462,1153.299502,1153.716799,1154.135358,1154.555185,1154.976283,1155.398660,1155.822319,1156.247266,1156.673581,1157.101121,1157.529965,1157.960118,1158.391875,1158.824664,1159.258914,1159.694360,1160.131144,1160.569270,1161.008743,1161.449571,1161.891758,1162.335480,1162.780403,1163.226702,1163.674691,1164.123761,1164.574224,1165.026086,1165.479585,1165.934264,1166.390361,1166.847882,1167.306831,1167.767220,1168.229173,1168.692717,1169.157445,1169.623632,1170.091285,1170.560411,1171.031014,1171.503103,1171.976688,1172.451890,1172.928427,1173.406518,1173.886125,1174.367256,1174.849915,1175.334111,1175.819850,1176.307138,1176.795982,1177.286389,1177.778365,1178.271917,1178.767053,1179.263778,1179.762100,1180.262025,1180.763561,1181.266714,1181.771492,1182.277901,1182.785925,1183.295648,1183.806995,1184.320001,1184.834676,1185.350999,1185.869098,1186.388818,1186.910392,1187.433513,1187.958346,1188.484898,1189.013323,1189.543336,1190.075092,1190.608596,1191.143859,1191.680886,1192.219686,1192.760267,1193.302573,1193.846739,1194.392710,1194.940493,1195.490097,1196.041529,1196.594798,1197.149913,1197.706880,1198.265849,1198.826548,1199.389208,1199.953672,1200.520031,1201.088284,1201.658459,1202.230554,1202.804579,1203.380542,1203.958452,1204.538249,1205.120147,1205.704046,1206.289832,1206.877539,1207.467316,1208.059102,1208.652935,1209.248767,1209.846635,1210.446550,1211.048520,1211.652556,1212.258683,1212.866876,1213.477162,1214.089551,1214.704152,1215.320776,1215.939531,1216.560429,1217.183477,1217.808687,1218.436169,1219.065732,1219.697587,1220.331543,1220.967744,1221.606194,1222.246817,1222.889682,1223.534905,1224.182286,1224.831942,1225.483977,1226.138213,1226.794754,1227.453613,1228.114799,1228.778329,1229.444203,1230.112437,1230.783043,1231.456138,1232.131520,1232.809307,1233.489511,1234.172142,1234.857212,1235.544634,1236.234617,1236.927073,1237.622016,1238.319455,1239.019403,1239.721873,1240.426876,1241.134423,1241.844528,1242.557201,1243.272457,1243.990333,1244.710788,1245.433862,1246.159567,1246.887915,1247.618920,1248.352594,1249.088949,1249.828000,1250.569758,1251.314236,1252.061449,1252.811440,1253.564159,1254.319652,1255.077931,1255.839011,1256.602904,1257.369625,1258.139187,1258.911604,1259.686889,1260.465057,1261.246121,1262.030096,1262.816996,1263.606835,1264.399628,1265.195290,1265.994033,1266.795772,1267.600965,1268.408743,1269.219561,1270.033434,1270.850379,1271.670410,1272.493507,1273.319755,1274.149134,1274.981770,1275.817459,1276.656326,1277.498387,1278.343657,1279.192112,1280.043850,1280.898844,1281.757112,1282.618669,1283.483566,1284.351752,1285.223276,1286.098157,1286.976409,1287.858050,1288.743097,1289.631567,1290.523494,1291.418860,1292.317701,1293.220033,1294.125874,1295.035241,1295.948153,1296.864626,1297.784680,1298.708331,1299.635597,1300.566498,1301.501051,1302.439274,1303.381193,1304.326813,1305.276159,1306.229409,1307.186264,1308.146902,1309.111342,1310.079603,1311.051704,1312.027666,1313.007507,1313.991246,1314.978905,1315.970420,1316.965976,1317.965510,1318.969099,1319.976652,1320.988245,1322.003897
1085.883036,1086.096007,1086.309486,1086.523473,1086.737968,1086.952973,1087.168490,1087.384570,1087.601259,1087.818323,1088.035906,1088.254008,1088.472805,1088.691954,1088.911629,1089.131815,1089.352547,1089.573771,1089.795596,1090.017924,1090.240789,1090.464192,1090.688085,1090.912568,1091.137596,1091.363168,1091.589288,1091.815855,1092.043073,1092.270844,1092.499170,1092.728049,1092.957489,1093.187417,1093.417979,1093.649104,1093.880794,1094.113180,1094.346120,1094.579519,1094.813488,1095.048035,1095.283386,1095.519076,1095.755447,1095.992315,1096.229767,1096.467844,1096.706473,1096.945693,1097.185497,1097.425905,1097.666910,1097.908535,1098.150740,1098.393549,1098.637015,1098.881036,1099.125667,1099.370931,1099.616787,1099.863259,1100.110430,1100.358163,1100.606438,1100.855519,1101.105103,1101.355315,1101.606239,1101.857715,1102.109811,1102.362559,1102.615984,1102.870012,1103.124687,1103.380008,1103.636039,1103.892660,1104.149933,1104.407868,1104.666455,1104.925702,1105.185611,1105.446185,1105.707431,1105.969342,1106.231924,1106.495236,1106.759169,1107.023781,1107.289133,1107.555109,1107.821746,1108.089081,1108.357119,1108.625869,1108.895331,1109.165462,1109.436356,1109.707890,1109.980131,1110.253105,1110.526778,1110.801151,1111.076240,1111.352048,1111.628577,1111.906041,1112.184118,1112.462867,1112.742307,1113.022529,1113.303440,1113.585091,1113.867505,1114.150643,1114.434472,1114.719160,1115.004549,1115.290694,1115.577629,1115.865294,1116.153723,1116.442918,1116.732883,1117.023621,1117.315134,1117.607425,1117.900497,1118.194352,1118.488995,1118.784426,1119.080488,1119.377604,1119.675418,1119.974004,1120.273330,1120.573547,1120.874588,1121.176493,1121.479163,1121.782652,1122.086963,1122.392154,1122.698191,1123.004987,1123.312656,1123.621125,1123.930434,1124.240652,1124.551652,1124.863538,1125.176434,1125.489994,1125.804425,1126.119698,1126.435942,1126.752961,1127.070853,1127.389621,1127.709269,1128.029799,1128.351215,1128.673520,1128.996719,1129.320813,1129.645877,1129.971774,1130.298703,1130.626416,1130.955043,1131.284795,1131.615258,1131.946646,1132.278907,1132.612190,1132.946460,1133.281578,1133.617732,1133.954737,1134.292793,1134.631699,1134.971602,1135.312424,1135.654210,1135.996964,1136.340813,1136.685512,1137.031190,1137.377850,1137.725496,1138.074108,1138.423738,1138.774365,1139.125979,1139.478630,1139.832274,1140.187056,1140.542983,1140.899811,1141.257551,1141.616530,1141.976314,1142.337228,1142.699103,1143.062086,1143.426045,1143.791057,1144.157127,1144.524289,1144.892539,1145.261808,1145.632287,1146.003710,1146.376217,1146.749811,1147.124497,1147.500279,1147.877201,1148.255189,1148.634388,1149.014599,1149.396071,1149.778588,1150.162168,1150.546880,1150.932728,1151.319718,1151.707790,1152.097074,1152.487514,1152.879113,1153.271876,1153.665807,1154.060913,1154.457196,1154.854663,1155.253317,1155.653165,1156.054209,1156.456456,1156.859911,1157.264577,1157.670461,1158.077567,1158.485974,1158.895539,1159.306341,1159.718675,1160.131967,1160.546511,1160.962314,1161.379514,1161.797847,1162.217453,1162.638338,1163.060507,1163.483965,1163.908717,1164.334939,1164.762296,1165.191253,1165.621237,1166.052562,1166.485195,1166.919391,1167.354694,1167.791341,1168.229337,1168.668688,1169.109438,1169.551516,1169.995329,1170.440157,1170.886369,1171.333970,1171.782966,1172.233364,1172.685168,1173.138385,1173.593022,1174.049214,1174.506664,1174.965593,1175.425965,1175.887787,1176.351064,1176.815803,1177.282009,1177.749690,1178.218851,1178.689498,1179.161639,1179.635279,1180.110425,1180.587083,1181.065260,1181.544963,1182.026197,1182.508970,1182.993287,1183.479157,1183.966585,1184.455555,1184.946149,1185.438293,1185.932022,1186.427344,1186.924240,1187.422836,1187.923134,1188.424896,1188.928285,1189.433309,1189.939974,1190.448408,1190.958405,1191.470039,1191.983343,1192.498325,1193.014992,1193.533352,1194.053413,1194.575117,1195.098600,1195.623805,1196.150741,1196.679415,1197.209835,1197.742007,1198.275941,1198.811644,1199.349124,1199.888611,1200.429669,1200.972526,1201.517193,1202.063676,1202.611975,1203.162116,1203.714099,1204.267930,1204.823620,1205.381108,1205.940606,1206.502015,1207.065219,1207.630324,1208.197267,1208.766197,1209.337081,1209.909870,1210.484603,1211.061288,1211.639933,1212.220548,1212.803160,1213.387742,1213.974320,1214.562904,1215.153502,1215.746225,1216.340882,1216.937581,1217.536331,1218.137143,1218.740026,1219.345090,1219.952143,1220.561396,1221.172658,1221.786072,1222.401581,1223.019290,1223.639086,1224.261145,1224.885268,1225.511569,1226.140058,1226.770840,1227.403736,1228.038852,1228.676196,1229.315786,1229.957620,1230.601715,1231.248081,1231.896836,1232.547775,1233.201018,1233.856575,1234.514457,1235.174674,1235.837139,1236.502061,1237.169351,1237.839021,1238.511082,1239.185545,1239.862422,1240.541724,1241.223463,1241.907649,1242.594296,1243.283413,1243.975014,1244.669137,1245.365740,1246.064861,1246.766512,1247.470707,1248.177456,1248.886772,1249.598668,1250.313155,1251.030246,1251.749953,1252.472290,1253.197300,1253.924933,1254.655232,1255.388212,1256.123884,1256.862262,1257.603359,1258.347188,1259.093762,1259.843094,1260.595198,1261.350087,1262.107775,1262.868275,1263.631601,1264.397766,1265.166688,1265.938574,1266.713341,1267.491447,1268.272019,1269.055515,1269.841949,1270.631334,1271.423687,1272.219021,1273.017316,1273.818656,1274.623129,1275.430535,1276.240995,1277.054525,1277.871141,1278.690857,1279.513647,1280.339610,1281.168719,1282.000989,1282.836438,1283.675112,1284.516963,1285.362039,1286.210356,1287.061930,1287.916778,1288.774914,1289.636357,1290.501140,1291.369244,1292.240703,1293.115535,1293.993755,1294.875382,1295.760432,1296.648921,1297.540868,1298.436290,1299.335204,1300.237627,1301.143577,1302.053072,1302.966129,1303.882774,1304.803011,1305.726864,1306.654512,1307.585653,1308.520466,1309.458969,1310.401181,1311.347120,1312.296805,1313.250256,1314.207491,1315.168529,1316.133308,1317.102011,1318.074575,1319.051076,1320.031423,1321.015690,1322.003897
1092.000461,1092.208543,1092.417290,1092.626358,1092.835921,1093.045980,1093.256523,1093.467581,1093.679103,1093.891195,1094.103763,1094.316837,1094.530419,1094.744461,1094.959064,1095.174180,1095.389812,1095.605959,1095.822625,1096.039711,1096.257419,1096.475580,1096.694337,1096.913699,1097.133512,1097.354062,1097.574938,1097.796348,1098.018520,1098.240961,1098.463984,1098.687545,1098.911639,1099.136377,1099.361612,1099.587360,1099.813657,1100.040507,1100.267912,1100.495892,1100.724410,1100.953488,1101.183118,1101.413321,1101.644089,1101.875425,1102.107330,1102.339857,1102.572907,1102.806531,1103.040753,1103.275615,1103.510976,1103.746921,1103.983450,1104.220590,1104.458362,1104.696659,1104.935548,1105.175033,1105.415196,1105.655913,1105.897180,1106.139066,1106.381556,1106.624652,1106.868423,1107.112742,1107.357675,1107.603225,1107.849392,1108.096179,1108.343595,1108.591629,1108.840290,1109.089580,1109.339505,1109.590059,1109.841248,1110.093131,1110.345598,1110.598707,1110.852520,1111.106935,1111.361979,1111.617637,1111.873990,1112.131000,1112.388761,1112.647114,1112.906105,1113.165761,1113.426084,1113.687078,1113.948743,1114.211206,1114.474222,1114.737918,1115.002296,1115.267358,1115.533405,1115.799830,1116.066960,1116.334783,1116.603303,1116.872522,1117.142568,1117.413088,1117.684419,1117.956401,1118.229205,1118.502670,1118.776861,1119.051786,1119.327410,1119.603757,1119.880832,1120.158637,1120.437174,1120.716446,1120.996456,1121.277206,1121.558706,1121.840925,1122.124000,1122.407505,1122.692088,1122.977304,1123.263312,1123.549985,1123.837508,1124.125811,1124.414937,1124.704857,1124.995480,1125.286883,1125.579123,1125.872093,1126.165889,1126.460503,1126.755845,1127.051984,1127.348959,1127.646891,1127.945438,1128.244793,1128.544959,1128.846045,1129.147832,1129.450451,1129.753894,1130.058163,1130.363261,1130.669193,1130.975961,1131.283567,1131.592016,1131.901311,1132.211454,1132.522448,1132.834368,1133.147318,1133.460887,1133.775322,1134.090716,1134.406890,1134.723938,1135.041848,1135.360831,1135.680522,1136.001016,1136.322487,1136.645048,1136.968312,1137.292477,1137.617547,1137.943577,1138.270468,1138.598273,1138.926997,1139.256611,1139.587330,1139.918832,1140.251267,1140.584639,1140.918927,1141.254183,1141.590386,1141.927526,1142.265777,1142.605092,1142.945123,1143.286276,1143.628242,1143.971289,1144.315328,1144.660226,1145.006093,1145.353086,1145.701025,1146.049887,1146.399779,1146.750645,1147.102607,1147.455457,1147.809359,1148.164282,1148.520364,1148.877339,1149.235347,1149.594390,1149.954513,1150.315657,1150.677976,1151.041206,1151.405581,1151.770929,1152.137408,1152.504892,1152.873449,1153.243085,1153.613803,1153.985545,1154.358441,1154.732432,1155.107523,1155.483718,1155.861022,1156.239439,1156.618974,1156.999631,1157.381414,1157.764329,1158.148379,1158.533569,1158.919905,1159.307390,1159.696029,1160.085827,1160.476862,1160.868992,1161.262584,1161.657065,1162.052729,1162.449580,1162.847623,1163.246998,1163.647441,1164.049090,1164.451951,1164.856029,1165.261329,1165.667856,1166.075614,1166.484610,1166.895018,1167.306792,1167.719530,1168.133776,1168.549034,1168.965560,1169.383359,1169.802436,1170.222831,1170.644486,1171.067431,1171.491675,1171.917588,1172.344449,1172.772626,1173.202125,1173.632950,1174.065109,1174.498606,1174.933446,1175.369637,1175.807314,1176.246177,1176.686451,1177.128096,1177.571120,1178.015528,1178.461326,1178.908519,1179.357114,1179.807117,1180.258533,1180.711369,1181.165631,1181.621324,1182.078455,1182.537030,1182.997055,1183.458536,1183.921480,1184.385892,1184.851779,1185.319148,1185.788005,1186.258331,1186.730211,1187.203569,1187.678441,1188.154832,1188.632725,1189.112401,1189.593392,1190.075930,1190.560020,1191.045671,1191.532888,1192.021799,1192.512197,1193.004155,1193.497708,1193.992861,1194.489623,1194.988000,1195.487998,1195.989563,1196.492827,1196.997735,1197.504294,1198.012510,1198.522392,1199.033947,1199.547181,1200.062103,1200.578720,1201.097262,1201.617292,1202.139038,1202.662510,1203.187715,1203.714651,1204.243344,1204.773793,1205.306006,1205.839990,1206.375755,1206.913306,1207.452750,1207.993900,1208.536862,1209.081644,1209.628213,1210.176659,1210.726949,1211.279092,1211.833095,1212.388968,1212.946719,1213.506373,1214.067905,1214.631340,1215.196687,1215.763954,1216.333151,1216.904387,1217.477469,1218.052506,1218.629509,1219.208485,1219.789444,1220.372494,1220.957546,1221.544508,1222.133488,1222.724530,1223.317577,1223.912731,1224.509986,1225.109203,1225.710494,1226.313871,1226.919342,1227.527013,1228.136702,1228.748516,1229.362463,1229.978560,1230.596804,1231.217212,1231.839793,1232.464665,1233.091623,1233.720786,1234.352162,1234.985764,1235.621600,1236.259682,1236.899921,1237.542525,1238.187407,1238.834576,1239.484043,1240.135820,1240.789918,1241.446346,1242.105117,1242.766240,1243.429728,1244.095592,1244.763842,1245.434517,1246.107575,1246.783053,1247.460964,1248.141318,1248.824128,1249.509405,1250.197161,1250.887407,1251.580156,1252.275420,1252.973210,1253.673570,1254.376450,1255.081892,1255.789909,1256.500515,1257.213720,1257.929537,1258.647980,1259.369061,1260.092791,1260.819186,1261.548256,1262.280015,1263.014476,1263.751652,1264.491557,1265.234203,1265.979506,1266.727674,1267.478625,1268.232813,1268.989367,1269.748744,1270.510957,1271.276019,1272.043946,1272.814715,1273.588411,1274.365014,1275.144644,1275.927101,1276.712507,1277.500877,1278.292224,1279.086523,1279.883870,1280.684240,1281.487646,1282.294105,1283.103630,1283.916270,1284.731975,1285.550793,1286.372739,1287.197829,1288.026077,1288.857501,1289.692115,1290.529953,1291.370997,1292.215278,1293.062814,1293.913621,1294.767715,1295.625112,1296.485829,1297.349882,1298.217289,1299.088066,1299.962229,1300.839797,1301.720785,1302.605211,1303.493098,1304.384452,1305.279296,1306.177807,1307.079683,1307.985103,1308.894083,1309.806642,1310.722798,1311.642569,1312.565972,1313.493028,1314.423753,1315.358084,1316.296205,1317.238052,1318.183644,1319.133055,1320.086194,1321.043135,1322.003897
1098.144490,1098.347617,1098.551224,1098.755308,1098.959875,1099.164875,1099.370410,1099.576431,1099.783018,1099.989945,1100.197447,1100.405428,1100.613904,1100.822970,1101.032667,1101.242635,1101.453106,1101.664078,1101.875553,1102.087571,1102.300005,1102.513089,1102.726595,1102.940616,1103.155152,1103.370224,1103.585793,1103.801881,1104.018491,1104.235623,1104.453280,1104.671463,1104.890174,1105.109415,1105.329179,1105.549485,1105.770326,1105.991704,1106.213672,1106.436211,1106.659211,1106.882775,1107.106866,1107.331504,1107.556692,1107.782431,1108.008748,1108.235720,1108.463069,1108.691033,1108.919596,1109.148685,1109.378420,1109.608641,1109.839477,1110.070837,1110.302770,1110.535275,1110.768358,1111.002021,1111.236263,1111.471089,1111.706498,1111.942494,1112.179085,1112.416260,1112.654028,1112.892390,1113.131354,1113.370911,1113.611070,1113.851902,1114.093268,1114.335242,1114.577879,1114.821073,1115.064906,1115.309302,1115.554389,1115.800050,1116.046363,1116.293269,1116.540913,1116.789074,1117.037866,1117.287292,1117.537352,1117.788062,1118.039447,1118.291467,1118.544090,1118.797360,1119.051489,1119.306059,1119.561270,1119.817149,1120.073685,1120.330882,1120.588742,1120.847392,1121.106479,1121.366283,1121.626817,1121.888077,1122.149970,1122.412558,1122.675804,1122.939734,1123.204350,1123.469656,1123.735653,1124.002350,1124.269738,1124.537825,1124.806593,1125.076085,1125.346370,1125.617278,1125.888666,1126.161090,1126.434107,1126.707877,1126.982344,1127.257547,1127.533543,1127.810217,1128.087624,1128.365765,1128.644710,1128.924385,1129.204787,1129.485897,1129.767756,1130.050403,1130.333959,1130.618081,1130.902963,1131.188607,1131.475017,1131.762290,1132.050249,1132.338961,1132.628461,1132.918741,1133.209803,1133.501650,1133.794286,1134.087713,1134.381934,1134.676953,1134.972771,1135.269509,1135.566937,1135.865244,1136.164419,1136.464284,1136.764967,1137.066564,1137.368892,1137.672033,1137.976195,1138.281016,1138.586673,1138.893084,1139.200527,1139.508725,1139.817856,1140.127745,1140.438490,1140.750094,1141.062601,1141.375933,1141.690135,1142.005176,1142.321271,1142.638100,1142.955811,1143.274407,1143.593869,1143.914247,1144.235768,1144.558067,1144.881128,1145.205146,1145.530171,1145.855977,1146.182812,1146.510455,1146.839143,1147.168637,1147.499045,1147.830405,1148.162930,1148.496169,1148.830354,1149.165576,1149.501663,1149.838707,1150.176674,1150.515642,1150.855578,1151.196620,1151.538502,1151.881506,1152.225404,1152.570236,1152.916058,1153.262875,1153.610690,1153.959594,1154.309418,1154.660318,1155.012167,1155.365033,1155.718923,1156.073838,1156.429784,1156.786702,1157.144721,1157.503783,1157.863892,1158.225051,1158.587266,1158.950540,1159.314878,1159.680284,1160.046762,1160.414316,1160.782952,1161.152672,1161.523482,1161.895385,1162.268462,1162.642856,1163.018067,1163.394391,1163.771830,1164.150390,1164.530076,1164.911025,1165.292975,1165.676062,1166.060294,1166.445673,1166.832205,1167.219895,1167.608747,1167.998765,1168.389956,1168.782322,1169.176330,1169.571296,1169.967242,1170.364363,1170.762686,1171.162248,1171.562986,1171.964945,1172.368120,1172.772520,1173.178152,1173.585289,1173.993491,1174.402845,1174.813451,1175.225313,1175.638437,1176.052827,1176.468490,1176.885430,1177.303779,1177.723247,1178.144059,1178.566162,1178.989570,1179.414288,1179.840322,1180.267676,1180.696356,1181.126369,1181.557719,1181.990412,1182.424454,1182.859851,1183.296608,1183.734731,1184.174226,1184.615099,1185.057355,1185.501000,1185.946041,1186.392483,1186.840332,1187.289594,1187.740252,1188.192358,1188.645925,1189.100901,1189.557320,1190.015320,1190.474645,1190.935501,1191.397757,1191.861488,1192.326700,1192.793400,1193.261714,1193.731409,1194.202636,1194.675352,1195.149587,1195.625349,1196.102644,1196.581479,1197.061798,1197.543733,1198.027228,1198.512291,1198.998927,1199.487143,1199.976948,1200.468347,1200.961347,1201.455956,1201.952264,1202.450251,1202.949729,1203.450843,1203.953602,1204.458012,1204.964072,1205.471807,1205.981215,1206.492305,1207.005151,1207.519557,1208.035831,1208.553719,1209.073326,1209.594659,1210.117754,1210.642494,1211.169051,1211.697366,1212.227447,1212.759300,1213.292934,1213.828375,1214.365595,1214.904620,1215.445458,1215.988117,1216.532606,1217.078933,1217.627106,1218.177234,1218.729124,1219.282886,1219.838527,1220.396057,1220.955583,1221.516915,1222.080262,1222.645431,1223.212532,1223.781606,1224.352596,1224.925606,1225.500627,1226.077519,1226.656396,1227.237268,1227.820143,1228.405126,1228.992036,1229.580977,1230.171959,1230.764997,1231.360088,1231.957249,1232.556488,1233.157922,1233.761348,1234.366880,1234.974531,1235.584308,1236.196223,1236.810284,1237.426503,1238.044790,1238.665353,1239.288104,1239.913052,1240.540208,1241.169583,1241.801186,1242.435028,1243.071120,1243.709472,1244.350095,1244.992999,1245.638196,1246.285723,1246.935537,1247.587676,1248.242151,1248.898973,1249.558153,1250.219702,1250.883631,1251.549953,1252.218678,1252.889817,1253.563382,1254.239418,1254.917870,1255.598784,1256.282170,1256.968041,1257.656408,1258.347284,1259.040680,1259.736609,1260.435083,1261.136114,1261.839713,1262.545895,1263.254671,1263.966053,1264.680054,1265.396687,1266.115868,1266.837803,1267.562408,1268.290140,1269.020125,1269.752819,1270.488236,1271.226388,1271.967290,1272.710953,1273.457358,1274.206587,1274.958728,1275.713576,1276.471255,1277.231779,1277.995160,1278.761414,1279.530513,1280.302554,1281.077509,1281.855393,1282.636221,1283.420007,1284.206798,1284.996543,1285.789291,1286.585055,1287.383851,1288.185693,1288.990598,1289.798579,1290.609670,1291.423851,1292.241154,1293.061597,1293.885193,1294.711959,1295.541910,1296.375063,1297.211433,1298.051036,1298.893889,1299.740008,1300.589408,1301.442107,1302.298121,1303.157474,1304.020168,1304.886227,1305.755668,1306.628667,1307.504924,1308.384613,1309.267753,1310.154361,1311.044454,1311.938050,1312.835167,1313.735822,1314.640033,1315.547735,1316.459113,1317.374101,1318.292718,1319.215037,1320.140967,1321.070581,1322.003897
1104.315165,1104.513276,1104.711851,1104.910893,1105.110439,1105.310418,1105.510868,1105.711778,1105.913260,1106.115132,1106.317502,1106.520287,1106.723591,1106.927381,1107.131654,1107.336412,1107.541656,1107.747389,1107.953611,1108.160325,1108.367531,1108.575233,1108.783430,1108.992126,1109.201321,1109.411008,1109.621207,1109.831992,1110.043202,1110.254972,1110.467200,1110.679938,1110.893211,1111.106978,1111.321261,1111.536062,1111.751383,1111.967250,1112.183777,1112.400669,1112.618030,1112.835977,1113.054455,1113.273609,1113.493153,1113.713234,1113.933836,1114.154993,1114.376689,1114.598931,1114.821717,1115.045051,1115.268933,1115.493366,1115.718351,1115.943896,1116.169992,1116.396661,1116.623875,1116.851650,1117.079995,1117.308900,1117.538369,1117.768493,1117.999107,1118.230295,1118.462118,1118.694633,1118.927554,1119.161030,1119.395099,1119.629801,1119.865060,1120.100908,1120.337348,1120.574430,1120.812059,1121.050286,1121.289114,1121.528596,1121.768629,1122.009269,1122.250517,1122.492375,1122.735056,1122.978142,1123.221832,1123.466154,1123.711096,1123.956662,1124.202854,1124.449799,1124.697144,1124.945225,1125.193884,1125.443289,1125.693288,1125.943921,1126.195221,1126.447149,1126.699719,1126.952939,1127.206812,1127.461339,1127.716505,1127.972349,1128.228853,1128.486112,1128.743949,1129.002456,1129.261403,1129.521326,1129.781912,1130.043118,1130.305006,1130.567519,1130.830776,1131.094787,1131.359423,1131.624754,1131.890780,1132.157559,1132.425024,1132.693154,1132.962026,1133.231763,1133.502018,1133.772988,1134.044674,1134.317174,1134.590301,1134.864152,1135.138731,1135.414048,1135.690078,1135.966853,1136.244365,1136.522618,1136.801614,1137.081356,1137.361846,1137.643205,1137.925200,1138.207953,1138.491465,1138.775740,1139.060850,1139.346784,1139.633363,1139.920809,1140.208977,1140.498062,1140.787701,1141.078191,1141.369457,1141.661514,1141.954468,1142.248030,1142.542479,1142.837825,1143.133883,1143.430750,1143.728429,1144.026964,1144.326277,1144.626412,1144.927371,1145.229125,1145.531888,1145.835340,1146.139628,1146.445005,1146.750954,1147.057917,1147.365585,1147.674092,1147.983603,1148.293859,1148.605067,1148.917034,1149.229876,1149.543707,1149.858292,1150.173771,1150.490119,1150.807428,1151.125673,1151.444777,1151.764690,1152.085504,1152.407220,1152.729844,1153.053341,1153.377930,1153.703295,1154.029732,1154.356942,1154.685121,1155.014191,1155.344197,1155.675142,1156.007030,1156.339864,1156.673735,1157.008473,1157.344234,1157.680891,1158.018512,1158.357103,1158.696666,1159.037205,1159.378662,1159.721166,1160.064657,1160.409141,1160.754620,1161.101099,1161.448581,1161.797071,1162.146573,1162.497090,1162.848627,1163.201188,1163.554777,1163.909397,1164.265418,1164.622115,1164.979856,1165.338645,1165.698488,1166.059387,1166.421347,1166.784373,1167.148603,1167.513773,1167.880020,1168.247350,1168.615767,1168.985276,1169.355880,1169.727585,1170.100394,1170.474312,1170.849632,1171.226185,1171.603459,1171.981859,1172.361445,1172.742114,1173.123924,1173.506884,1173.890990,1174.276251,1174.662672,1175.050258,1175.439283,1175.829213,1176.220414,1176.612706,1177.006187,1177.400862,1177.796735,1178.193812,1178.592097,1178.991721,1179.392395,1179.794336,1180.197512,1180.601915,1181.007557,1181.414443,1181.822578,1182.231968,1182.642617,1183.054531,1183.467715,1183.882175,1184.297915,1184.714942,1185.133261,1185.552876,1185.973794,1186.396020,1186.819559,1187.244417,1187.670600,1188.098113,1188.526962,1188.957153,1189.388690,1189.821557,1190.255835,1190.691448,1191.128431,1191.566948,1192.006664,1192.447861,1192.890385,1193.334307,1193.779636,1194.226376,1194.674534,1195.124236,1195.575274,1196.027721,1196.481611,1196.936950,1197.393743,1197.851997,1198.311719,1198.772850,1199.235526,1199.699687,1200.165341,1200.632495,1201.101155,1201.571327,1202.043018,1202.516234,1202.991067,1203.467355,1203.945328,1204.424714,1204.905659,1205.388171,1205.872255,1206.357910,1206.845161,1207.334074,1207.824520,1208.316573,1208.810174,1209.305561,1209.802481,1210.301037,1210.801266,1211.303117,1211.806626,1212.311731,1212.818579,1213.327107,1213.837324,1214.349253,1214.862868,1215.378194,1215.895237,1216.414007,1216.934511,1217.456756,1217.980750,1218.506502,1219.034018,1219.563408,1220.094479,1220.627338,1221.161995,1221.698457,1222.236833,1222.777031,1223.318958,1223.862723,1224.408367,1224.955834,1225.505163,1226.056531,1226.609613,1227.164584,1227.721452,1228.280226,1228.840915,1229.403623,1229.968168,1230.534655,1231.103091,1231.673493,1232.245857,1232.820199,1233.396633,1233.974956,1234.555284,1235.137626,1235.721990,1236.308388,1236.896827,1237.487318,1238.079870,1238.674393,1239.271096,1239.869888,1240.470780,1241.073781,1241.678901,1242.286150,1242.895538,1243.507076,1244.120772,1244.736638,1245.354683,1245.974917,1246.597379,1247.222023,1247.848889,1248.477985,1249.109323,1249.742913,1250.378765,1251.016891,1251.657302,1252.300007,1252.945019,1253.592347,1254.242035,1254.894030,1255.548375,1256.205081,1256.864160,1257.525622,1258.189480,1258.855744,1259.524426,1260.195538,1260.869091,1261.545097,1262.223568,1262.904515,1263.587951,1264.273887,1264.962336,1265.653309,1266.346722,1267.042781,1267.741401,1268.443038,1269.146818,1269.853197,1270.562187,1271.273801,1271.988051,1272.704951,1273.424478,1274.146715,1274.871641,1275.599376,1276.329717,1277.062786,1277.798596,1278.537160,1279.278492,1280.022565,1280.769473,1281.519191,1282.271731,1283.027107,1283.785334,1284.546458,1285.310427,1286.077289,1286.847058,1287.619748,1288.395374,1289.173950,1289.955491,1290.740029,1291.527543,1292.318066,1293.111613,1293.908199,1294.707839,1295.510548,1296.316341,1297.125234,1297.937243,1298.752382,1299.570667,1300.392115,1301.216740,1302.044559,1302.875587,1303.709848,1304.547344,1305.388098,1306.232286,1307.079606,1307.930233,1308.784184,1309.641476,1310.502125,1311.366149,1312.233564,1313.104388,1313.978637,1314.856330,1315.737400,1316.622031,1317.510157,1318.401796,1319.297022,1320.195741,1321.098027,1322.003897
1110.512061,1110.705093,1110.898530,1111.092466,1111.286856,1111.481701,1111.677004,1111.872765,1112.068987,1112.265670,1112.462816,1112.660427,1112.858504,1113.057048,1113.256144,1113.455629,1113.655577,1113.856008,1114.056914,1114.258349,1114.460211,1114.662554,1114.865398,1115.068705,1115.272498,1115.476776,1115.681580,1115.886837,1116.092732,1116.298973,1116.505772,1116.712947,1116.920677,1117.128907,1117.337638,1117.546953,1117.756692,1117.966921,1118.177674,1118.388935,1118.600709,1118.812996,1119.025798,1119.239132,1119.452969,1119.667326,1119.882205,1120.097613,1120.313541,1120.530022,1120.747002,1120.964521,1121.182679,1121.401260,1121.620434,1121.840153,1122.060349,1122.281145,1122.502426,1122.724252,1122.946598,1123.169552,1123.393055,1123.617081,1123.841662,1124.066799,1124.292494,1124.518791,1124.745609,1124.972992,1125.200941,1125.429471,1125.658558,1125.888218,1126.118451,1126.349261,1126.580859,1126.812827,1127.045365,1127.278499,1127.512219,1127.746528,1127.981427,1128.217043,1128.453024,1128.689705,1128.926935,1129.164868,1129.403360,1129.642448,1129.882167,1130.122472,1130.363387,1130.604897,1130.847041,1131.089801,1131.333183,1131.577187,1131.821976,1132.067230,1132.313114,1132.559628,1132.806776,1133.054327,1133.302870,1133.551930,1133.801684,1134.051921,1134.302914,1134.554556,1134.806850,1135.059797,1135.313401,1135.567757,1135.822716,1136.078495,1136.334746,1136.591666,1136.849256,1137.107613,1137.366551,1137.626166,1137.886462,1138.147439,1138.409102,1138.671452,1138.934502,1139.198224,1139.462651,1139.727893,1139.993717,1140.260245,1140.527477,1140.795417,1141.064067,1141.333431,1141.603509,1141.874306,1142.145823,1142.418260,1142.691227,1142.965241,1143.239669,1143.514830,1143.790675,1144.067313,1144.344795,1144.622919,1144.901792,1145.181414,1145.461704,1145.742836,1146.024821,1146.307474,1146.590891,1146.875075,1147.160070,1147.445798,1147.732301,1148.019551,1148.307864,1148.596859,1148.886496,1149.176943,1149.468164,1149.760283,1150.053100,1150.346853,1150.641278,1150.936497,1151.232668,1151.529528,1151.827206,1152.125743,1152.425188,1152.725322,1153.026303,1153.328117,1153.630843,1153.934543,1154.238876,1154.544057,1154.850228,1155.157110,1155.464848,1155.773461,1156.082884,1156.393210,1156.704404,1157.016646,1157.329590,1157.643412,1157.958117,1158.273708,1158.590189,1158.907562,1159.225832,1159.545088,1159.865227,1160.186206,1160.508096,1160.830900,1161.154621,1161.479263,1161.804830,1162.131262,1162.458689,1162.787050,1163.116352,1163.446595,1163.777786,1164.109926,1164.443020,1164.777072,1165.112086,1165.448064,1165.785012,1166.123223,1166.462195,1166.802073,1167.142935,1167.484786,1167.827629,1168.171468,1168.516308,1168.862151,1169.209138,1169.557002,1169.905882,1170.255783,1170.606707,1170.958660,1171.311646,1171.665668,1172.020731,1172.376839,1172.734518,1173.092729,1173.452032,1173.812534,1174.173931,1174.536418,1174.899966,1175.264588,1175.630293,1175.997086,1176.364972,1176.733954,1177.104309,1177.475499,1177.847799,1178.221307,1178.595841,1178.971499,1179.348286,1179.726205,1180.105263,1180.485463,1180.866935,1181.249392,1181.633047,1182.017871,1182.403854,1182.791008,1183.179338,1183.568848,1183.959544,1184.351431,1184.744512,1185.138794,1185.534282,1185.930979,1186.328892,1186.728025,1187.128384,1187.529974,1187.932799,1188.336865,1188.742177,1189.148741,1189.556561,1189.965643,1190.375992,1190.787613,1191.200512,1191.614671,1192.030171,1192.447093,1192.865158,1193.284528,1193.705183,1194.127180,1194.550566,1194.975212,1195.401190,1195.828507,1196.257169,1196.687301,1197.118668,1197.551423,1197.985520,1198.420989,1198.857838,1199.296072,1199.735633,1200.176655,1200.619080,1201.062914,1201.508163,1201.954833,1202.402930,1202.852461,1203.303431,1203.755931,1204.209799,1204.665126,1205.122058,1205.580321,1206.040062,1206.501286,1206.964001,1207.428213,1207.893988,1208.361213,1208.829956,1209.300221,1209.771949,1210.245378,1210.720254,1211.196708,1211.674691,1212.154238,1212.635356,1213.118051,1213.602262,1214.088133,1214.575604,1215.064698,1215.555387,1216.047696,1216.541632,1217.037203,1217.534415,1218.033277,1218.533795,1219.035976,1219.539829,1220.045361,1220.552679,1221.061591,1221.572204,1222.084526,1222.598565,1223.114529,1223.632025,1224.151260,1224.672243,1225.195015,1225.719518,1226.245792,1226.774011,1227.303853,1227.835490,1228.368931,1228.904184,1229.441258,1229.980160,1230.520994,1231.063578,1231.608016,1232.154323,1232.702494,1233.252544,1233.804483,1234.358425,1234.914165,1235.471819,1236.031396,1236.592904,1237.156353,1237.721751,1238.289108,1238.858432,1239.429635,1240.002921,1240.578203,1241.155488,1241.734787,1242.316109,1242.899463,1243.484859,1244.072306,1244.661814,1245.253392,1245.847050,1246.442797,1247.040672,1247.640629,1248.242704,1248.846909,1249.453253,1250.061746,1250.672399,1251.285221,1251.900222,1252.517414,1253.136805,1253.758408,1254.382263,1255.008318,1255.636615,1256.267165,1256.899979,1257.535067,1258.172439,1258.812108,1259.454083,1260.098377,1260.744999,1261.393961,1262.045274,1262.698949,1263.354999,1264.013433,1264.674264,1265.337503,1266.003161,1266.671250,1267.341685,1268.014672,1268.690569,1269.368501,1270.048923,1270.731847,1271.417286,1272.105252,1272.795756,1273.488776,1274.184395,1274.882590,1275.583481,1276.286865,1276.992863,1277.701486,1278.412749,1279.126664,1279.843203,1280.562461,1281.284410,1282.009063,1282.736434,1283.466535,1284.199413,1284.935017,1285.673391,1286.414550,1287.158507,1287.905277,1288.654873,1289.407309,1290.162599,1290.920774,1291.681815,1292.445752,1293.212599,1293.982372,1294.755085,1295.530752,1296.309388,1297.091008,1297.875627,1298.663259,1299.453920,1300.247624,1301.044387,1301.844224,1302.647150,1303.453188,1304.262340,1305.074627,1305.890066,1306.708832,1307.530622,1308.355611,1309.183816,1310.015252,1310.849936,1311.687883,1312.529111,1313.373637,1314.221475,1315.072645,1315.927078,1316.784958,1317.646219,1318.510879,1319.379008,1320.250516,1321.125473,1322.003897
1116.735107,1116.922999,1117.111328,1117.300096,1117.489305,1117.678955,1117.869049,1118.059579,1118.250616,1118.442048,1118.633930,1118.826263,1119.019105,1119.212344,1119.406037,1119.600187,1119.794795,1119.989926,1120.185578,1120.381593,1120.578049,1120.774970,1120.972301,1121.170158,1121.368485,1121.567365,1121.766638,1121.966401,1122.166609,1122.367311,1122.568490,1122.770153,1122.972299,1123.174929,1123.378071,1123.581786,1123.785879,1123.990463,1124.195542,1124.401113,1124.607179,1124.813744,1125.020812,1125.228441,1125.436508,1125.645135,1125.854213,1126.063846,1126.273999,1126.484605,1126.695723,1126.907381,1127.119463,1127.332161,1127.545348,1127.759097,1127.973329,1128.188086,1128.403370,1128.619183,1128.835526,1129.052401,1129.269824,1129.487769,1129.706252,1129.925275,1130.144839,1130.365158,1130.585811,1130.806998,1131.028747,1131.251047,1131.473906,1131.697313,1131.921402,1132.145924,1132.370902,1132.596490,1132.822707,1133.049534,1133.276878,1133.504815,1133.733281,1133.962341,1134.191975,1134.422261,1134.653055,1134.884432,1135.116481,1135.349028,1135.582163,1135.815954,1136.050272,1136.285184,1136.520462,1136.756627,1136.993335,1137.230699,1137.468615,1137.707028,1137.946160,1138.185904,1138.426262,1138.667272,1138.909151,1139.151363,1139.394197,1139.637656,1139.881741,1140.126551,1140.371897,1140.617877,1140.864492,1141.111746,1141.359639,1141.608176,1141.857357,1142.107303,1142.357791,1142.608910,1142.860695,1143.113136,1143.366236,1143.619997,1143.874422,1144.129513,1144.385272,1144.641703,1144.898819,1145.156599,1145.415057,1145.674430,1145.934522,1146.195030,1146.456227,1146.718061,1146.980642,1147.244021,1147.507995,1147.772671,1148.038050,1148.304135,1148.570843,1148.838347,1149.106660,1149.375595,1149.645249,1149.915625,1150.186726,1150.458843,1150.731401,1151.004691,1151.278703,1151.553466,1151.829116,1152.105488,1152.382482,1152.660224,1152.938828,1153.218077,1153.498191,1153.778943,1154.060504,1154.342817,1154.625881,1154.909717,1155.194456,1155.479844,1155.765996,1156.052948,1156.340991,1156.629519,1156.918959,1157.209074,1157.499988,1157.791718,1158.084236,1158.377562,1158.671699,1158.966612,1159.262418,1159.559004,1159.856548,1160.154783,1160.453846,1160.753743,1161.054474,1161.356044,1161.658456,1161.961713,1162.265972,1162.570929,1162.876741,1163.183411,1163.490942,1163.799338,1164.108603,1164.418738,1164.729686,1165.041575,1165.354345,1165.668001,1165.982545,1166.297980,1166.614311,1166.931541,1167.249674,1167.568712,1167.888951,1168.209812,1168.531664,1168.854361,1169.177983,1169.502532,1169.828012,1170.154426,1170.481779,1170.810074,1171.139451,1171.469641,1171.800785,1172.132885,1172.465947,1172.799973,1173.134968,1173.470935,1173.807878,1174.145801,1174.484974,1174.825159,1175.166046,1175.507929,1175.850811,1176.194869,1176.539768,1176.885694,1177.232616,1177.580558,1177.929524,1178.279518,1178.630544,1178.982607,1179.335982,1179.690130,1180.045328,1180.401672,1180.758981,1181.117351,1181.476788,1181.837295,1182.198877,1182.561663,1182.925366,1183.290198,1183.656124,1184.023146,1184.391276,1184.760506,1185.130846,1185.502301,1185.874876,1186.248575,1186.623403,1186.999364,1187.376463,1187.754705,1188.134095,1188.514637,1188.896336,1189.279197,1189.663224,1190.048423,1190.434799,1190.822355,1191.211098,1191.601032,1191.992162,1192.384493,1192.778030,1193.172778,1193.568719,1193.966090,1194.364502,1194.764146,1195.165001,1195.567124,1195.970493,1196.375183,1196.781063,1197.188206,1197.596617,1198.006301,1198.417386,1198.829634,1199.243199,1199.658032,1200.074167,1200.491608,1200.910361,1201.330369,1201.751763,1202.174486,1202.598544,1203.023941,1203.450685,1203.878781,1204.308234,1204.739051,1205.171320,1205.604881,1206.039823,1206.476152,1206.914014,1207.353136,1207.793662,1208.235600,1208.679024,1209.123802,1209.570001,1210.017645,1210.466731,1210.917362,1211.369284,1211.822762,1212.277680,1212.734071,1213.191943,1213.651301,1214.112152,1214.574503,1215.038292,1215.503680,1215.970570,1216.438987,1216.908936,1217.380425,1217.853461,1218.328050,1218.804200,1219.281917,1219.761208,1220.242080,1220.724540,1221.208595,1221.694253,1222.181621,1222.670505,1223.161013,1223.653152,1224.147030,1224.642553,1225.139629,1225.638366,1226.138804,1226.640884,1227.144648,1227.650207,1228.157419,1228.666277,1229.176849,1229.689141,1230.203163,1230.718921,1231.236424,1231.755775,1232.276791,1232.799583,1233.324144,1233.850490,1234.378630,1234.908677,1235.440426,1235.973993,1236.509386,1237.046613,1237.585682,1238.126602,1238.669382,1239.214030,1239.760554,1240.308865,1240.859169,1241.411375,1241.965492,1242.521530,1243.079497,1243.639402,1244.201254,1244.765062,1245.330835,1245.898583,1246.468313,1247.040037,1247.613762,1248.189526,1248.767283,1249.347071,1249.928897,1250.512773,1251.098708,1251.686711,1252.276792,1252.868960,1253.463227,1254.059600,1254.658092,1255.258742,1255.861498,1256.466401,1257.073462,1257.682690,1258.294097,1258.907692,1259.523486,1260.141488,1260.761711,1261.384163,1262.008857,1262.635802,1263.265009,1263.896489,1264.530253,1265.166311,1265.804675,1266.445356,1267.088365,1267.733616,1268.381314,1269.031817,1269.684249,1270.339066,1270.996279,1271.655898,1272.317937,1272.982406,1273.649283,1274.318649,1274.990480,1275.664789,1276.341697,1277.020998,1277.702813,1278.387155,1279.074035,1279.763466,1280.455420,1281.149990,1281.847149,1282.546909,1283.249282,1283.954282,1284.661954,1285.372246,1286.085203,1286.800839,1287.519165,1288.240197,1288.963947,1289.690428,1290.419654,1291.151656,1291.886412,1292.623954,1293.364295,1294.107450,1294.853432,1295.602255,1296.353933,1297.108480,1297.865911,1298.626240,1299.389482,1300.155650,1300.924759,1301.696825,1302.471861,1303.249883,1304.030911,1304.814949,1305.602017,1306.392290,1307.185465,1307.981716,1308.781059,1309.583508,1310.389081,1311.197792,1312.009657,1312.824692,1313.642913,1314.464336,1315.288977,1316.116769,1316.947896,1317.782289,1318.619966,1319.460998,1320.305292,1321.152919,1322.003897
1122.984315,1123.167026,1123.350203,1123.533743,1123.717710,1123.902104,1124.086928,1124.272308,1124.458019,1124.644140,1124.830697,1125.017706,1125.205080,1125.392950,1125.581261,1125.770015,1125.959294,1126.149048,1126.339147,1126.529685,1126.720670,1126.912108,1127.103999,1127.296343,1127.489140,1127.682397,1127.876113,1128.070289,1128.264932,1128.460097,1128.655662,1128.851741,1129.048245,1129.245214,1129.442653,1129.640621,1129.839006,1130.037868,1130.237265,1130.437082,1130.637380,1130.838184,1131.039437,1131.241199,1131.443434,1131.646158,1131.849371,1132.053076,1132.257275,1132.461968,1132.667158,1132.872847,1133.079035,1133.285738,1133.492932,1133.700631,1133.908836,1134.117706,1134.326993,1134.536730,1134.746968,1134.957734,1135.169017,1135.380820,1135.593143,1135.806114,1136.019485,1136.233276,1136.447700,1136.662586,1136.878124,1137.094215,1137.310792,1137.527883,1137.745513,1137.963684,1138.182398,1138.401722,1138.621615,1138.841968,1139.062872,1139.284327,1139.506336,1139.728902,1139.952025,1140.175477,1140.399689,1140.624640,1140.850013,1141.075955,1141.302466,1141.529476,1141.757132,1141.985557,1142.214406,1142.443850,1142.673822,1142.904377,1143.135613,1143.367342,1143.599661,1143.832571,1144.066076,1144.300177,1144.534994,1144.770293,1145.006196,1145.242703,1145.479816,1145.717549,1145.955873,1146.194820,1146.434383,1146.674563,1146.915376,1147.156799,1147.398846,1147.641519,1147.884822,1148.128755,1148.373322,1148.618739,1148.864580,1149.111350,1149.358474,1149.606242,1149.854708,1150.103773,1150.353490,1150.603862,1150.854890,1151.106576,1151.358925,1151.611937,1151.865615,1152.119876,1152.374893,1152.630929,1152.887296,1153.144342,1153.402088,1153.660539,1153.919634,1154.179419,1154.439862,1154.701031,1154.963021,1155.225730,1155.489128,1155.753097,1156.017748,1156.283272,1156.549367,1156.816177,1157.083688,1157.351934,1157.620920,1157.890735,1158.161298,1158.432438,1158.704322,1158.977030,1159.250464,1159.524563,1159.799422,1160.075134,1160.351473,1160.628566,1160.906413,1161.185018,1161.464385,1161.744554,1162.025414,1162.307080,1162.589519,1162.872868,1163.156860,1163.441633,1163.727191,1164.013536,1164.300670,1164.588598,1164.877322,1165.166999,1165.457324,1165.748455,1166.040394,1166.333145,1166.626710,1166.921093,1167.216296,1167.512261,1167.809116,1168.106801,1168.405319,1168.704674,1169.004869,1169.305906,1169.608082,1169.910816,1170.214403,1170.518847,1170.824224,1171.130390,1171.437422,1171.745324,1172.054099,1172.363750,1172.674281,1172.985695,1173.298132,1173.611323,1173.925408,1174.240390,1174.556273,1174.873060,1175.190754,1175.509360,1175.828915,1176.149587,1176.470949,1176.793236,1177.116743,1177.440893,1177.765980,1178.092012,1178.418984,1178.747074,1179.075946,1179.405793,1179.736579,1180.068329,1180.401045,1180.734733,1181.069666,1181.405307,1181.741930,1182.079540,1182.418234,1182.757829,1183.098422,1183.440018,1183.782620,1184.126233,1184.470986,1184.816590,1185.163259,1185.510955,1185.859682,1186.209444,1186.560252,1186.912098,1187.264991,1187.618937,1187.973939,1188.330002,1188.687130,1189.045327,1189.404599,1189.764948,1190.126381,1190.488900,1190.852511,1191.217218,1191.583026,1191.949938,1192.317961,1192.687097,1193.057353,1193.428731,1193.801238,1194.174878,1194.549655,1194.925574,1195.302798,1195.680992,1196.060395,1196.440931,1196.822633,1197.205480,1197.589529,1197.974759,1198.361242,1198.748849,1199.137650,1199.527653,1199.918982,1200.311401,1200.705036,1201.099918,1201.496001,1201.893314,1202.291865,1202.691594,1203.092633,1203.494925,1203.898474,1204.303286,1204.709367,1205.116721,1205.525354,1205.935356,1206.346564,1206.759068,1207.172873,1207.587985,1208.004409,1208.422291,1208.841357,1209.261820,1209.683550,1210.106621,1210.531039,1210.956799,1211.383927,1211.812515,1212.242377,1212.673576,1213.106196,1213.540203,1213.975604,1214.412405,1214.850612,1215.290230,1215.731268,1216.173747,1216.617570,1217.062899,1217.509671,1217.957893,1218.407570,1218.858710,1219.311318,1219.765402,1220.220967,1220.678020,1221.136568,1221.596617,1222.058173,1222.521245,1222.985837,1223.452058,1223.919714,1224.388911,1224.859757,1225.332057,1225.806021,1226.281453,1226.758461,1227.237086,1227.717268,1228.199152,1228.682536,1229.167592,1229.654206,1230.142447,1230.632321,1231.123836,1231.616999,1232.111817,1232.608394,1233.106546,1233.606377,1234.107900,1234.611109,1235.116020,1235.622747,1236.131083,1236.641143,1237.152935,1237.666468,1238.181748,1238.698784,1239.217584,1239.738156,1240.260508,1240.784649,1241.310487,1241.838228,1242.367782,1242.899158,1243.432363,1243.967406,1244.504295,1245.043040,1245.583648,1246.126128,1246.670489,1247.216740,1247.764889,1248.314945,1248.866944,1249.420841,1249.976671,1250.534445,1251.094170,1251.655856,1252.219511,1252.785147,1253.352770,1253.922392,1254.494020,1255.067666,1255.643369,1256.221075,1256.800827,1257.382634,1257.966504,1258.552449,1259.140478,1259.730600,1260.322826,1260.917166,1261.513629,1262.112225,1262.712965,1263.315860,1263.920918,1264.528150,1265.137568,1265.749180,1266.362998,1266.979032,1267.597196,1268.217694,1268.840440,1269.465888,1270.093163,1270.722718,1271.354564,1271.988713,1272.625176,1273.263963,1273.905051,1274.548521,1275.194349,1275.842546,1276.493234,1277.146206,1277.801582,1278.459374,1279.119593,1279.782252,1280.447321,1281.114894,1281.784943,1282.457478,1283.132513,1283.810059,1284.490162,1285.172768,1285.857922,1286.545637,1287.235926,1287.928800,1288.624273,1289.322358,1290.023067,1290.726413,1291.432427,1292.141086,1292.852422,1293.566447,1294.283174,1295.002618,1295.724791,1296.449707,1297.177380,1297.907823,1298.641050,1299.377074,1300.115910,1300.857572,1301.602073,1302.349428,1303.099650,1303.852762,1304.608763,1305.367676,1306.129673,1306.894451,1307.662185,1308.432887,1309.206575,1309.983261,1310.762963,1311.545693,1312.331469,1313.120305,1313.912216,1314.707218,1315.505244,1316.306474,1317.110843,1317.918365,1318.729057,1319.542990,1320.360069,1321.180366,1322.003897
1129.259821,1129.437192,1129.615031,1129.793281,1129.971944,1130.151104,1130.330597,1130.510508,1130.690821,1130.871568,1131.052734,1131.234327,1131.416343,1131.598784,1131.781700,1131.965061,1132.148787,1132.332943,1132.517537,1132.702560,1132.888017,1133.073911,1133.260247,1133.447018,1133.634230,1133.821940,1134.010038,1134.198581,1134.387670,1134.577108,1134.766996,1134.957359,1135.148181,1135.339359,1135.531060,1135.723217,1135.915834,1136.108910,1136.302448,1136.496449,1136.690915,1136.885854,1137.081254,1137.277124,1137.473477,1137.670290,1137.867577,1138.065340,1138.263792,1138.462511,1138.661711,1138.861380,1139.061546,1139.262198,1139.463336,1139.665161,1139.867278,1140.069868,1140.272866,1140.476415,1140.680510,1140.885156,1141.090340,1141.295937,1141.502037,1141.708643,1141.915756,1142.123468,1142.331601,1142.540246,1142.749406,1142.959081,1143.169275,1143.379988,1143.591222,1143.802979,1144.015051,1144.227950,1144.441287,1144.655192,1144.869592,1145.084707,1145.300079,1145.516086,1145.732673,1145.949762,1146.167545,1146.385722,1146.604447,1146.823720,1147.043662,1147.264040,1147.484972,1147.706460,1147.928508,1148.151116,1148.374287,1148.598022,1148.822337,1149.047207,1149.272648,1149.498672,1149.725249,1149.952414,1150.180157,1150.408481,1150.637388,1150.866879,1151.096958,1151.327664,1151.559099,1151.790950,1152.023397,1152.256535,1152.490305,1152.724723,1152.959520,1153.194976,1153.431040,1153.667713,1153.905000,1154.142901,1154.381419,1154.620556,1154.860314,1155.100946,1155.341954,1155.583504,1155.825884,1156.068782,1156.312316,1156.556487,1156.801297,1157.046789,1157.292886,1157.539722,1157.787113,1158.035156,1158.283985,1158.533516,1158.783526,1159.034306,1159.285617,1159.537617,1159.790428,1160.043767,1160.297763,1160.552451,1160.807955,1161.064001,1161.320713,1161.578221,1161.836322,1162.095206,1162.354691,1162.614872,1162.875751,1163.137342,1163.399734,1163.662723,1163.926421,1164.190869,1164.455992,1164.721831,1164.988389,1165.255633,1165.523638,1165.792370,1166.061967,1166.332162,1166.603092,1166.874761,1167.147170,1167.420324,1167.694290,1167.968939,1168.244428,1168.520585,1168.797500,1169.075176,1169.353615,1169.632821,1169.912797,1170.193545,1170.475005,1170.757307,1171.040390,1171.324257,1171.609203,1171.894648,1172.180886,1172.467920,1172.755754,1173.044390,1173.333907,1173.624157,1173.915219,1174.207096,1174.499791,1174.793307,1175.087647,1175.382815,1175.678949,1175.975782,1176.273451,1176.571961,1176.871315,1177.171549,1177.472600,1177.774738,1178.077499,1178.381120,1178.685605,1178.990957,1179.297469,1179.604566,1179.912544,1180.221398,1180.531136,1180.841762,1181.153449,1181.465860,1181.779170,1182.093401,1182.408517,1182.724542,1183.041479,1183.359603,1183.678376,1183.998072,1184.318695,1184.640342,1184.962830,1185.286256,1185.610624,1185.935937,1186.262199,1186.589541,1186.917671,1187.246804,1187.576902,1187.907968,1188.240007,1188.573022,1188.907023,1189.242002,1189.577970,1189.914929,1190.252884,1190.591840,1190.931800,1191.272768,1191.614748,1191.957745,1192.301762,1192.646804,1192.992875,1193.339979,1193.688120,1194.037303,1194.387532,1194.738811,1195.091144,1195.444536,1195.798991,1196.154513,1196.511264,1196.868935,1197.227686,1197.587522,1197.948453,1198.310473,1198.673592,1199.037788,1199.403118,1199.769560,1200.137119,1200.505867,1200.875674,1201.246612,1201.618685,1201.992019,1202.366378,1202.741887,1203.118577,1203.496401,1203.875388,1204.255482,1204.636814,1205.019324,1205.403019,1205.787903,1206.173981,1206.561258,1206.949740,1207.339514,1207.730420,1208.122545,1208.515895,1208.910474,1209.306289,1209.703485,1210.101855,1210.501407,1210.902216,1211.304287,1211.707625,1212.112235,1212.518114,1212.925383,1213.333873,1213.743561,1214.154617,1214.566978,1214.980650,1215.395640,1215.811952,1216.229593,1216.648586,1217.068900,1217.490560,1217.913503,1218.337872,1218.763605,1219.190706,1219.619183,1220.049041,1220.480286,1220.912925,1221.346962,1221.782406,1222.219260,1222.657533,1223.097229,1223.538356,1223.980920,1224.424926,1224.870481,1225.317392,1225.765866,1226.215708,1226.667125,1227.119923,1227.574209,1228.029990,1228.487305,1228.946201,1229.406505,1229.868331,1230.331685,1230.796635,1231.263066,1231.731046,1232.200581,1232.671679,1233.144347,1233.618591,1234.094513,1234.571932,1235.050954,1235.531576,1236.013917,1236.497771,1236.983252,1237.470367,1237.959123,1238.449529,1238.941591,1239.435317,1239.930715,1240.427792,1240.926556,1241.427015,1241.929176,1242.432948,1242.938536,1243.445850,1243.954898,1244.465687,1244.978226,1245.492522,1246.008583,1246.526419,1247.046036,1247.567443,1248.090648,1248.615660,1249.142514,1249.671164,1250.201646,1250.733967,1251.268138,1251.804165,1252.342059,1252.881827,1253.423478,1253.967021,1254.512466,1255.059819,1255.609123,1256.160323,1256.713460,1257.268541,1257.825578,1258.384578,1258.945552,1259.508508,1260.073455,1260.640404,1261.209363,1261.780341,1262.353350,1262.928397,1263.505492,1264.084647,1264.665869,1265.249169,1265.834556,1266.422042,1267.011635,1267.603345,1268.197086,1268.793062,1269.391629,1269.991911,1270.594362,1271.198992,1271.805811,1272.414830,1273.026059,1273.639509,1274.255156,1274.873079,1275.493256,1276.115697,1276.740521,1277.367522,1277.996820,1278.628426,1279.262351,1279.898606,1280.537162,1281.178112,1281.821425,1282.467115,1283.115191,1283.765667,1284.418585,1285.073894,1285.731636,1286.391824,1287.054470,1287.719586,1288.387184,1289.057275,1289.729873,1290.404990,1291.082655,1291.762846,1292.445592,1293.130907,1293.818803,1294.509292,1295.202388,1295.898103,1296.596451,1297.297443,1298.001094,1298.707416,1299.416423,1300.128128,1300.842544,1301.559685,1302.279564,1303.002195,1303.727599,1304.455775,1305.186744,1305.920520,1306.657277,1307.396709,1308.138991,1308.884136,1309.632160,1310.383075,1311.136897,1311.893641,1312.653320,1313.415950,1314.181546,1314.950122,1315.721611,1316.496192,1317.273800,1318.054448,1318.838153,1319.624984,1320.414847,1321.207813,1322.003897
1135.560921,1135.733028,1135.905530,1136.078431,1136.251731,1136.425432,1136.599534,1136.774039,1136.948955,1137.124271,1137.299993,1137.476129,1137.652670,1137.829662,1138.007082,1138.184860,1138.363053,1138.541721,1138.720748,1138.900195,1139.080061,1139.260406,1139.441067,1139.622187,1139.803756,1139.985746,1140.168164,1140.351013,1140.534294,1140.718007,1140.902155,1141.086739,1141.271761,1141.457221,1141.643134,1141.829477,1142.016262,1142.203641,1142.391380,1142.579576,1142.768149,1142.957161,1143.146637,1143.336547,1143.526932,1143.717897,1143.909262,1144.101022,1144.293146,1144.485772,1144.678920,1144.872586,1145.066691,1145.261241,1145.456262,1145.651755,1145.847811,1146.044253,1146.241173,1146.438570,1146.636449,1146.834809,1147.033652,1147.232981,1147.432796,1147.633153,1147.833721,1148.035007,1148.237070,1148.439344,1148.642115,1148.845385,1149.049045,1149.253453,1149.458229,1149.663628,1149.869471,1150.075768,1150.282576,1150.489896,1150.697730,1150.906081,1151.114961,1151.324348,1151.534257,1151.744689,1151.955646,1152.167129,1152.379141,1152.591683,1152.804758,1153.018377,1153.232511,1153.447194,1153.662416,1153.878180,1154.094487,1154.311379,1154.528955,1154.746904,1154.965405,1155.184458,1155.404067,1155.624429,1155.845153,1156.066565,1156.288432,1156.510845,1156.733826,1156.957375,1157.181495,1157.406439,1157.631708,1157.857553,1158.083997,1158.311003,1158.538591,1158.766765,1158.995440,1159.224791,1159.454827,1159.685363,1159.916494,1160.148224,1160.380720,1160.613652,1160.847188,1161.081465,1161.316216,1161.551579,1161.787952,1162.024543,1162.261752,1162.499581,1162.738009,1162.977084,1163.216786,1163.457116,1163.698063,1163.939781,1164.182046,1164.424988,1164.668497,1164.912655,1165.157529,1165.402974,1165.649069,1165.895816,1166.143217,1166.391288,1166.640115,1166.889535,1167.139579,1167.390290,1167.641670,1167.893721,1168.146447,1168.399813,1168.653895,1168.908658,1169.164240,1169.420375,1169.677198,1169.934713,1170.192923,1170.451829,1170.711502,1170.971810,1171.232910,1171.494631,1171.757062,1172.020206,1172.284065,1172.548642,1172.813940,1173.079962,1173.346710,1173.614416,1173.882625,1174.151568,1174.421249,1174.691669,1174.962833,1175.234742,1175.507475,1175.780884,1176.055047,1176.329968,1176.605648,1176.882091,1177.159301,1177.437278,1177.716028,1177.995688,1178.275990,1178.557106,1178.838972,1179.121625,1179.405067,1179.689535,1179.974565,1180.260395,1180.547026,1180.834461,1181.122705,1181.412050,1181.701925,1181.992612,1182.284120,1182.576452,1182.869610,1183.163599,1183.458422,1183.754252,1184.050751,1184.348114,1184.646303,1184.945342,1185.245505,1185.546254,1185.847863,1186.150336,1186.453675,1186.757884,1187.063060,1187.369020,1187.675860,1187.983584,1188.292196,1188.601824,1188.912179,1189.223475,1189.535672,1189.848774,1190.162784,1190.477708,1190.793547,1191.110313,1191.427995,1191.746604,1192.066145,1192.386619,1192.708032,1193.030387,1193.353688,1193.677939,1194.003143,1194.329304,1194.656426,1194.984513,1195.313569,1195.643599,1195.974604,1196.306591,1196.639562,1196.973522,1197.308475,1197.644424,1197.981532,1198.319487,1198.658451,1198.998429,1199.339424,1199.681440,1200.024487,1200.368558,1200.713664,1201.059783,1201.406969,1201.755202,1202.104487,1202.454895,1202.806295,1203.158759,1203.512292,1203.867019,1204.222702,1204.579468,1204.937320,1205.296289,1205.656327,1206.017403,1206.379646,1206.742998,1207.107465,1207.473050,1207.839758,1208.207594,1208.576647,1208.946753,1209.318001,1209.690397,1210.063944,1210.438648,1210.814583,1211.191615,1211.569958,1211.949338,1212.329899,1212.711647,1213.094586,1213.478721,1213.864087,1214.250719,1214.638474,1215.027379,1215.417573,1215.808995,1216.201649,1216.595541,1216.990676,1217.387078,1217.784715,1218.183612,1218.583773,1218.985204,1219.387842,1219.791830,1220.197104,1220.603670,1221.011534,1221.420702,1221.831178,1222.242969,1222.656080,1223.070518,1223.486287,1223.903394,1224.321844,1224.741643,1225.162798,1225.585314,1226.009297,1226.434654,1226.861289,1227.289309,1227.718721,1228.149630,1228.581842,1229.015464,1229.450535,1229.887101,1230.324990,1230.764313,1231.205077,1231.647349,1232.091014,1232.536140,1232.982732,1233.430798,1233.880344,1234.331376,1234.783901,1235.238020,1235.693557,1236.150602,1236.609273,1237.069364,1237.530989,1237.994154,1238.458866,1238.925132,1239.392960,1239.862357,1240.333328,1240.805882,1241.280026,1241.755767,1242.233111,1242.712067,1243.192543,1243.674744,1244.158578,1244.644053,1245.131176,1245.619955,1246.110397,1246.602510,1247.096301,1247.591779,1248.088951,1248.587824,1249.088407,1249.590707,1250.094760,1250.600518,1251.108018,1251.617267,1252.128273,1252.641044,1253.155589,1253.671916,1254.190032,1254.709947,1255.231668,1255.755204,1256.280595,1256.807786,1257.336818,1257.867698,1258.400436,1258.935040,1259.471519,1260.009882,1260.550137,1261.092294,1261.636361,1262.182347,1262.730261,1263.280112,1263.831910,1264.385663,1264.941382,1265.499074,1266.058749,1266.620418,1267.184088,1267.749770,1268.317473,1268.887110,1269.459327,1270.033152,1270.609036,1271.186990,1271.767023,1272.349146,1272.933368,1273.519699,1274.108150,1274.698696,1275.291416,1275.886286,1276.483316,1277.082626,1277.684008,1278.287582,1278.893357,1279.501346,1280.111558,1280.724004,1281.338654,1281.955601,1282.574814,1283.196305,1283.820085,1284.446164,1285.074587,1285.705300,1286.338346,1286.973737,1287.611483,1288.251598,1288.894092,1289.538976,1290.186263,1290.835964,1291.488109,1292.142675,1292.799690,1293.459167,1294.121118,1294.785555,1295.452490,1296.121936,1296.793905,1297.468409,1298.145462,1298.825074,1299.507260,1300.192032,1300.879402,1301.569384,1302.261990,1302.957234,1303.655135,1304.355693,1305.058928,1305.764853,1306.473641,1307.184987,1307.899063,1308.615884,1309.335463,1310.057813,1310.782949,1311.510885,1312.241634,1312.975211,1313.711629,1314.450903,1315.193048,1315.937995,1316.685924,1317.436767,1318.190538,1318.947308,1319.706981,1320.469627,1321.235260,1322.003897
1141.887695,1142.054419,1142.221526,1142.389073,1142.556949,1142.725212,1142.893929,1143.062969,1143.232400,1143.402278,1143.572494,1143.743052,1143.914041,1144.085442,1144.257242,1144.429441,1144.602040,1144.775042,1144.948447,1145.122256,1145.296471,1145.471166,1145.646197,1145.821651,1145.997503,1146.173768,1146.350595,1146.527752,1146.705309,1146.883238,1147.061573,1147.240342,1147.419533,1147.599148,1147.779313,1147.959779,1148.140673,1148.321900,1148.503653,1148.685782,1148.868453,1149.051507,1149.235022,1149.418950,1149.603407,1149.788215,1149.973466,1150.159160,1150.345299,1150.531885,1150.718919,1150.906402,1151.094375,1151.282815,1151.471851,1151.661116,1151.850640,1152.040944,1152.231617,1152.422968,1152.614567,1152.806658,1152.999092,1153.192091,1153.385572,1153.579567,1153.773980,1153.968867,1154.164231,1154.360073,1154.556393,1154.753195,1154.950480,1155.148249,1155.346504,1155.545247,1155.744479,1155.944202,1156.144417,1156.345127,1156.546334,1156.748048,1156.950251,1157.152946,1157.356192,1157.560082,1157.764301,1157.969028,1158.174265,1158.380014,1158.586277,1158.793158,1159.000546,1159.208360,1159.416695,1159.625626,1159.835330,1160.045238,1160.255674,1160.466661,1160.678159,1160.890190,1161.102757,1161.315861,1161.529504,1161.743689,1161.958416,1162.173689,1162.389508,1162.605790,1162.822803,1163.040307,1163.258459,1163.477042,1163.696326,1163.916203,1164.136467,1164.357265,1164.578769,1164.800734,1165.023269,1165.246377,1165.470206,1165.694465,1165.919303,1166.144699,1166.370701,1166.597304,1166.824479,1167.052439,1167.280794,1167.509745,1167.739289,1167.969431,1168.200250,1168.431600,1168.663549,1168.896105,1169.129269,1169.363044,1169.597472,1169.832597,1170.068219,1170.304460,1170.541323,1170.778811,1171.016926,1171.255670,1171.495044,1171.735016,1171.975661,1172.216943,1172.459002,1172.701568,1172.944780,1173.188639,1173.433215,1173.678377,1173.924194,1174.170668,1174.417890,1174.665686,1174.914147,1175.163275,1175.413073,1175.663835,1175.914980,1176.166802,1176.419303,1176.672424,1176.926293,1177.180848,1177.436093,1177.692031,1177.948739,1178.206070,1178.464101,1178.722835,1178.982274,1179.242421,1179.503280,1179.764852,1180.027174,1180.290318,1180.554047,1180.818501,1181.083681,1181.349592,1181.616469,1181.883848,1182.151966,1182.420824,1182.690427,1182.960776,1183.231875,1183.503731,1183.776628,1184.049993,1184.324120,1184.599011,1184.874668,1185.151096,1185.428297,1185.706273,1185.985029,1186.264567,1186.545060,1186.826171,1187.108093,1187.390789,1187.674554,1187.958848,1188.243945,1188.529849,1188.816562,1189.104089,1189.392525,1189.681686,1189.971671,1190.262480,1190.554119,1190.846716,1191.139980,1191.434125,1191.729113,1192.024945,1192.321626,1192.619159,1192.917547,1193.216794,1193.516910,1193.817885,1194.119729,1194.422445,1194.726037,1195.030508,1195.335862,1195.642103,1195.949233,1196.257257,1196.566178,1196.876000,1197.186726,1197.498360,1197.810905,1198.124365,1198.438744,1198.754046,1199.070274,1199.387589,1199.705681,1200.024710,1200.344680,1200.665596,1200.987460,1201.310277,1201.634051,1201.958785,1202.284489,1202.611156,1202.938770,1203.267385,1203.596981,1203.927561,1204.259129,1204.591758,1204.925315,1205.259872,1205.595554,1205.932125,1206.269708,1206.608309,1206.947930,1207.288603,1207.630217,1207.972927,1208.316676,1208.661467,1209.007304,1209.354193,1209.702221,1210.051225,1210.401294,1210.752431,1211.104641,1211.457998,1211.812368,1212.167824,1212.524372,1212.882015,1213.240899,1213.600748,1213.961707,1214.323779,1214.687000,1215.051316,1215.416857,1215.783434,1216.151140,1216.519930,1216.889936,1217.261093,1217.633409,1218.006904,1218.381549,1218.757365,1219.134359,1219.512535,1219.891899,1220.272454,1220.654207,1221.037093,1221.421256,1221.806632,1222.193226,1222.581043,1222.970089,1223.360368,1223.751887,1224.144649,1224.538662,1224.933930,1225.330459,1225.728253,1226.127319,1226.527663,1226.929289,1227.332304,1227.736612,1228.142119,1228.548932,1228.957055,1229.366596,1229.777358,1230.189448,1230.603011,1231.017775,1231.433885,1231.851346,1232.270164,1232.690346,1233.111957,1233.534884,1233.959192,1234.384887,1234.811977,1235.240466,1235.670361,1236.101763,1236.534490,1236.968647,1237.404337,1237.841357,1238.279820,1238.719735,1239.161106,1239.603940,1240.048245,1240.494026,1240.941290,1241.390044,1241.840294,1242.292048,1242.745311,1243.200091,1243.656395,1244.114130,1244.573502,1245.034417,1245.496884,1245.960909,1246.426499,1246.893662,1247.362405,1247.832734,1248.304657,1248.778181,1249.253314,1249.730062,1250.208434,1250.688436,1251.170104,1251.653390,1252.138329,1252.624929,1253.113197,1253.603141,1254.094769,1254.588088,1255.083106,1255.579832,1256.078272,1256.578467,1257.080361,1257.583993,1258.089373,1258.596507,1259.105405,1259.616074,1260.128522,1260.642758,1261.158790,1261.676627,1262.196277,1262.717748,1263.241049,1263.766188,1264.293174,1264.822017,1265.352723,1265.885303,1266.419764,1266.956117,1267.494369,1268.034530,1268.576609,1269.120517,1269.666458,1270.214788,1270.764628,1271.316432,1271.870209,1272.425968,1272.983718,1273.543470,1274.105232,1274.668979,1275.234791,1275.802642,1276.372542,1276.944502,1277.518638,1278.094745,1278.672940,1279.253234,1279.835637,1280.420159,1281.006809,1281.595559,1282.186498,1282.779598,1283.374867,1283.972318,1284.571960,1285.173837,1285.777894,1286.384174,1286.992688,1287.603448,1288.216463,1288.831745,1289.449305,1290.069154,1290.691303,1291.315763,1291.942564,1292.571681,1293.203143,1293.836963,1294.473150,1295.111718,1295.752677,1296.396040,1297.041818,1297.690023,1298.340667,1298.993762,1299.649321,1300.307354,1300.967875,1301.630896,1302.296429,1302.964487,1303.635088,1304.308233,1304.983939,1305.662221,1306.343250,1307.026720,1307.712803,1308.401514,1309.092864,1309.786867,1310.483536,1311.182884,1311.884925,1312.589673,1313.297140,1314.007341,1314.720288,1315.435914,1316.154397,1316.875669,1317.599744,1318.326635,1319.056412,1319.788980,1320.524407,1321.262708,1322.003897
1148.240140,1148.401422,1148.563146,1148.725167,1148.887560,1149.050326,1149.213466,1149.376981,1149.540872,1149.705141,1149.869854,1150.034882,1150.200284,1150.366076,1150.532251,1150.699022,1150.865968,1151.033302,1151.201025,1151.369125,1151.537629,1151.706526,1151.875816,1152.045628,1152.215710,1152.386198,1152.556972,1152.728251,1152.899874,1153.072010,1153.244611,1153.417504,1153.590804,1153.764513,1153.938631,1154.113160,1154.288101,1154.463494,1154.639264,1154.815645,1154.992302,1155.169444,1155.346888,1155.524722,1155.703108,1155.881604,1156.060835,1156.240403,1156.420440,1156.600867,1156.781726,1156.963006,1157.144636,1157.326800,1157.509457,1157.692497,1157.875978,1158.059901,1158.244268,1158.429080,1158.614339,1158.800045,1158.986202,1159.172809,1159.359870,1159.547384,1159.735354,1159.923782,1160.112668,1160.302015,1160.491824,1160.682322,1160.873049,1161.064254,1161.255927,1161.448069,1161.640683,1161.833873,1162.027435,1162.221474,1162.416336,1162.611333,1162.806811,1163.002771,1163.199312,1163.396243,1163.593734,1163.791643,1163.990044,1164.188938,1164.388327,1164.588212,1164.788596,1164.989479,1165.190865,1165.392753,1165.595180,1165.798223,1166.001633,1166.205593,1166.410025,1166.615066,1166.820528,1167.026642,1167.233142,1167.440312,1167.647856,1167.855894,1168.064490,1168.273614,1168.483270,1168.693457,1168.904341,1169.115600,1169.327396,1169.539709,1169.752588,1169.966098,1170.180189,1170.394690,1170.609756,1170.825357,1171.041546,1171.258272,1171.475633,1171.693476,1171.911887,1172.130856,1172.350430,1172.570532,1172.791204,1173.012447,1173.234386,1173.456779,1173.679750,1173.903301,1174.127434,1174.352151,1174.577455,1174.803347,1175.029793,1175.256868,1175.484539,1175.712941,1175.941808,1176.171276,1176.401347,1176.632091,1176.863376,1177.095272,1177.327780,1177.560990,1177.795023,1178.029382,1178.264363,1178.499967,1178.736198,1178.973057,1179.210546,1179.448669,1179.687364,1179.926760,1180.166796,1180.407474,1180.648872,1180.890842,1181.133462,1181.376734,1181.620695,1181.865278,1182.110520,1182.356425,1182.602994,1182.850366,1183.098271,1183.346848,1183.596333,1183.846261,1184.096869,1184.348158,1184.600132,1184.852792,1185.106143,1185.360191,1185.614929,1185.870364,1186.126789,1186.383628,1186.641172,1186.899424,1187.158386,1187.418063,1187.678456,1187.939567,1188.201401,1188.463959,1188.727244,1188.991259,1189.256178,1189.521662,1189.788176,1190.055140,1190.322848,1190.591303,1190.860508,1191.130466,1191.401179,1191.672651,1191.944979,1192.217977,1192.491743,1192.766279,1193.041715,1193.317759,1193.594624,1193.872272,1194.150706,1194.429928,1194.709942,1194.990750,1195.272357,1195.554764,1195.837976,1196.122001,1196.406831,1196.692473,1196.978933,1197.266213,1197.554316,1197.843246,1198.133005,1198.423598,1198.715027,1199.007295,1199.300407,1199.594365,1199.889173,1200.184833,1200.481351,1200.778728,1201.077126,1201.376233,1201.676211,1201.977062,1202.278790,1202.581400,1202.884893,1203.189274,1203.494547,1203.800715,1204.107781,1204.415754,1204.724628,1205.034387,1205.345084,1205.656697,1205.969232,1206.282690,1206.597077,1206.912463,1207.228717,1207.546031,1207.864168,1208.183251,1208.503286,1208.824275,1209.146224,1209.469098,1209.792975,1210.117823,1210.443645,1210.770446,1211.098313,1211.427084,1211.756844,1212.087600,1212.419423,1212.752181,1213.085945,1213.420721,1213.756512,1214.093323,1214.431157,1214.770020,1215.110056,1215.451017,1215.792990,1216.136009,1216.480175,1216.825298,1217.171479,1217.518723,1217.867026,1218.216342,1218.566802,1218.918361,1219.270988,1219.624704,1219.979515,1220.335426,1220.692441,1221.050564,1221.409800,1221.770154,1222.131632,1222.494236,1222.857904,1223.222778,1223.588794,1223.955957,1224.324272,1224.693743,1225.064375,1225.436175,1225.809146,1226.183293,1226.558622,1226.935137,1227.312845,1227.691749,1228.071856,1228.453270,1228.835796,1229.219640,1229.604607,1229.990802,1230.378231,1230.766999,1231.156911,1231.548212,1231.940629,1232.334306,1232.729249,1233.125464,1233.522957,1233.921732,1234.321855,1234.723213,1235.125870,1235.529832,1235.935105,1236.341695,1236.749608,1237.158849,1237.569519,1237.981441,1238.394810,1238.809424,1239.225396,1239.642732,1240.061438,1240.481521,1240.902985,1241.325838,1241.750085,1242.175734,1242.602789,1243.031258,1243.461146,1243.892460,1244.325207,1244.759392,1245.194924,1245.632006,1246.070547,1246.510552,1246.952028,1247.394983,1247.839422,1248.285353,1248.732781,1249.181715,1249.632160,1250.084124,1250.537613,1250.992635,1251.449195,1251.907330,1252.366990,1252.828211,1253.290999,1253.755362,1254.221307,1254.688841,1255.157971,1255.628705,1256.101050,1256.575013,1257.050635,1257.527857,1258.006721,1258.487232,1258.969400,1259.453232,1259.938734,1260.425916,1260.914785,1261.405348,1261.897614,1262.391590,1262.887284,1263.384705,1263.883860,1264.384757,1264.887405,1265.391812,1265.897986,1266.405935,1266.915667,1267.427191,1267.940516,1268.455649,1268.972599,1269.491375,1270.011888,1270.534786,1271.059091,1271.585256,1272.113291,1272.643204,1273.175003,1273.708698,1274.244298,1274.781778,1275.321214,1275.862583,1276.405893,1276.951153,1277.498373,1278.047671,1278.598839,1279.151994,1279.707147,1280.264307,1280.823484,1281.384686,1281.947884,1282.513168,1283.080508,1283.649914,1284.221394,1284.794961,1285.370655,1285.948422,1286.528305,1287.110313,1287.694458,1288.280750,1288.869198,1289.459814,1290.052608,1290.647590,1291.244772,1291.844181,1292.445793,1293.049636,1293.655722,1294.264061,1294.874664,1295.487542,1296.102707,1296.720170,1297.339942,1297.962034,1298.586457,1299.213224,1299.842345,1300.473833,1301.107699,1301.743954,1302.382610,1303.023680,1303.667181,1304.313114,1304.961495,1305.612338,1306.265813,1306.921615,1307.579916,1308.240727,1308.904061,1309.569930,1310.238348,1310.909327,1311.582880,1312.259019,1312.937757,1313.619108,1314.303085,1314.989700,1315.678884,1316.370817,1317.065428,1317.762730,1318.462739,1319.165521,1319.870982,1320.579189,1321.290156,1322.003897
1154.618091,1154.773872,1154.930157,1155.086712,1155.243563,1155.400773,1155.558342,1155.716260,1155.874553,1156.033209,1156.192230,1156.351742,1156.511505,1156.671627,1156.832013,1156.992875,1157.154142,1157.315748,1157.477805,1157.640161,1157.802894,1157.966043,1158.129652,1158.293716,1158.457980,1158.622615,1158.787686,1158.953090,1159.118977,1159.285155,1159.451723,1159.618648,1159.785997,1159.953508,1160.121644,1160.290307,1160.459235,1160.628562,1160.798288,1160.968402,1161.138834,1161.309766,1161.481158,1161.652901,1161.825051,1161.997610,1162.170579,1162.343960,1162.517754,1162.691962,1162.866585,1163.041626,1163.217085,1163.392963,1163.569263,1163.745986,1163.923349,1164.100921,1164.278920,1164.457348,1164.636215,1164.815493,1164.995214,1165.175726,1165.356317,1165.537345,1165.718833,1165.900739,1166.083181,1166.265973,1166.449209,1166.632839,1166.816968,1167.001673,1167.186702,1167.372254,1167.558189,1167.744580,1167.931427,1168.118876,1168.306675,1168.494902,1168.683592,1168.872747,1169.062368,1169.252584,1169.443142,1169.634172,1169.825675,1170.017700,1170.210247,1170.403178,1170.596697,1170.790588,1170.984962,1171.179861,1171.375189,1171.571021,1171.767342,1171.964155,1172.161460,1172.359259,1172.557701,1172.756495,1172.955878,1173.155650,1173.355949,1173.556875,1173.758185,1173.959974,1174.162304,1174.365145,1174.568595,1174.772467,1174.976856,1175.181764,1175.387240,1175.593193,1175.799671,1176.006676,1176.214210,1176.422274,1176.630883,1176.840123,1177.049790,1177.259996,1177.470742,1177.682030,1177.893861,1178.106239,1178.319165,1178.532604,1178.746631,1178.961212,1179.176485,1179.392180,1179.608501,1179.825318,1180.042992,1180.260939,1180.479454,1180.698538,1180.918283,1181.138514,1181.359321,1181.580707,1181.802673,1182.025222,1182.248355,1182.472075,1182.696384,1182.921223,1183.146792,1183.372915,1183.599602,1183.826888,1184.054777,1184.283270,1184.512369,1184.742078,1184.972397,1185.203329,1185.435249,1185.667415,1185.900200,1186.133609,1186.367641,1186.602301,1186.837590,1187.073511,1187.310066,1187.547262,1187.785092,1188.023563,1188.262677,1188.502728,1188.743137,1188.984197,1189.225910,1189.468278,1189.711305,1189.954992,1190.199342,1190.444358,1190.690042,1190.936396,1191.183424,1191.431127,1191.679509,1191.928571,1192.178760,1192.429192,1192.680333,1192.932145,1193.184651,1193.437853,1193.691755,1193.946358,1194.201666,1194.457775,1194.714500,1194.971937,1195.230216,1195.489046,1195.748638,1196.008954,1196.269996,1196.531767,1196.794270,1197.057509,1197.321484,1197.586201,1197.851661,1198.117867,1198.384822,1198.652537,1198.920999,1199.190220,1199.460202,1199.730947,1200.002459,1200.274741,1200.547797,1200.821628,1201.096237,1201.371629,1201.647806,1201.924772,1202.202528,1202.481236,1202.760585,1203.040734,1203.321687,1203.603447,1203.886017,1204.169400,1204.453600,1204.738620,1205.024463,1205.311132,1205.598631,1205.886963,1206.176132,1206.466139,1206.756996,1207.048693,1207.341215,1207.634615,1207.928872,1208.223988,1208.519969,1208.816816,1209.114601,1209.413193,1209.712783,1210.013133,1210.314367,1210.616490,1210.919504,1211.223351,1211.528186,1211.833897,1212.140515,1212.448126,1212.756567,1213.065926,1213.376275,1213.687480,1213.999613,1214.312679,1214.626681,1214.941623,1215.257509,1215.574343,1215.892129,1216.210871,1216.530601,1216.851406,1217.173038,1217.495642,1217.819319,1218.143878,1218.469421,1218.795952,1219.123474,1219.452010,1219.781452,1220.111975,1220.443506,1220.776050,1221.109610,1221.444192,1221.779799,1222.116436,1222.454107,1222.792816,1223.132568,1223.473367,1223.815217,1224.158123,1224.502021,1224.847053,1225.193153,1225.540328,1225.888581,1226.237917,1226.588341,1226.939857,1227.292469,1227.646184,1228.001004,1228.356935,1228.713982,1229.072149,1229.431542,1229.791965,1230.153522,1230.516319,1230.880161,1231.245152,1231.611297,1231.978703,1232.347172,1232.716950,1233.087763,1233.459756,1233.832934,1234.207301,1234.582863,1234.959625,1235.337592,1235.716770,1236.097225,1236.478840,1236.861681,1237.245754,1237.631064,1238.017616,1238.405417,1238.794572,1239.184992,1239.576570,1239.969417,1240.363540,1240.758944,1241.155635,1241.553618,1241.952900,1242.353485,1242.755380,1243.158591,1243.563122,1243.968981,1244.376173,1244.784704,1245.194580,1245.605807,1246.018390,1246.432238,1246.847554,1247.264244,1247.682316,1248.101776,1248.522629,1248.944882,1249.368541,1249.793612,1250.220103,1250.648019,1251.077366,1251.508152,1251.940382,1252.374063,1252.809230,1253.245833,1253.683907,1254.123459,1254.564495,1255.007022,1255.451047,1255.896577,1256.343618,1256.792177,1257.242262,1257.693911,1258.147067,1258.601770,1259.058026,1259.515843,1259.975227,1260.436186,1260.898727,1261.362858,1261.828585,1262.295917,1262.764860,1263.235422,1263.707610,1264.181433,1264.656896,1265.134009,1265.612779,1266.093213,1266.575320,1267.059106,1267.544580,1268.031750,1268.520624,1269.011209,1269.503513,1269.997546,1270.493660,1270.991172,1271.490436,1271.991460,1272.494253,1272.998823,1273.505177,1274.013326,1274.523276,1275.035037,1275.548582,1276.063990,1276.581234,1277.100324,1277.621267,1278.144181,1278.668858,1279.195416,1279.723863,1280.254208,1280.786461,1281.320630,1281.856683,1282.394713,1282.934687,1283.476614,1284.020503,1284.566365,1285.114242,1285.664076,1286.215912,1286.769758,1287.325624,1287.883519,1288.443455,1289.005439,1289.569483,1290.135597,1290.703789,1291.274071,1291.846471,1292.420962,1292.997574,1293.576315,1294.157197,1294.740231,1295.325426,1295.912793,1296.502342,1297.094086,1297.688033,1298.284195,1298.882583,1299.483207,1300.086080,1300.691210,1301.298611,1301.908293,1302.520266,1303.134544,1303.751142,1304.370061,1304.991317,1305.614922,1306.241047,1306.869386,1307.500109,1308.133229,1308.768756,1309.406704,1310.047083,1310.689907,1311.335187,1311.982935,1312.633165,1313.285887,1313.941116,1314.598862,1315.259139,1315.921877,1316.587254,1317.255199,1317.925727,1318.598849,1319.274635,1319.952986,1320.633971,1321.317604,1322.003897
1161.021609,1161.172039,1161.322510,1161.473415,1161.624646,1161.776487,1161.928451,1162.080738,1162.233373,1162.386358,1162.539693,1162.693530,1162.847570,1163.001963,1163.156711,1163.311815,1163.467277,1163.623097,1163.779244,1163.935784,1164.092727,1164.249761,1164.407481,1164.565476,1164.723837,1164.882566,1165.041665,1165.201121,1165.360960,1165.521131,1165.681717,1165.842679,1166.004016,1166.165731,1166.327825,1166.490299,1166.653155,1166.816393,1166.980014,1167.144021,1167.308631,1167.473412,1167.638581,1167.804141,1167.970346,1168.136690,1168.303429,1168.470666,1168.638228,1168.806146,1168.974474,1169.143202,1169.312333,1169.481866,1169.651899,1169.822244,1169.992996,1170.164156,1170.335676,1170.507801,1170.680197,1170.853133,1171.026391,1171.200034,1171.374166,1171.548647,1171.723549,1171.898874,1172.074624,1172.250798,1172.427400,1172.604557,1172.782018,1172.959910,1173.138369,1173.317128,1173.496323,1173.676065,1173.856050,1174.036673,1174.217626,1174.399023,1174.580864,1174.763152,1174.945897,1175.129082,1175.312718,1175.496807,1175.681350,1175.866349,1176.051893,1176.237808,1176.424329,1176.611166,1176.798467,1176.986332,1177.174565,1177.363251,1177.552423,1177.742051,1177.932244,1178.122835,1178.313962,1178.505508,1178.697535,1178.890043,1179.083040,1179.276516,1179.470480,1179.664931,1179.859873,1180.055307,1180.251246,1180.447778,1180.644698,1180.842117,1181.040036,1181.238458,1181.437384,1181.636816,1181.836755,1182.037168,1182.238423,1182.439897,1182.642021,1182.844593,1183.047618,1183.251163,1183.455231,1183.659822,1183.864940,1184.070586,1184.276849,1184.483557,1184.690798,1184.898575,1185.106890,1185.315778,1185.525174,1185.735113,1185.945673,1186.156643,1186.368224,1186.580356,1186.793042,1187.006283,1187.220081,1187.434439,1187.649594,1187.865076,1188.081262,1188.297877,1188.515063,1188.732820,1188.951151,1189.170058,1189.389543,1189.609613,1189.830261,1190.051492,1190.273311,1190.495718,1190.718716,1190.942307,1191.166784,1191.391568,1191.616951,1191.842937,1192.069526,1192.296722,1192.524527,1192.752943,1192.981971,1193.211615,1193.441877,1193.672759,1193.904263,1194.136392,1194.369148,1194.602806,1194.836823,1195.071645,1195.306933,1195.542881,1195.779449,1196.016661,1196.254519,1196.493026,1196.732183,1196.971994,1197.212556,1197.453807,1197.695553,1197.938003,1198.181119,1198.424903,1198.669359,1198.914488,1199.160294,1199.406778,1199.653943,1199.901793,1200.150329,1200.399554,1200.649471,1200.900083,1201.151398,1201.403407,1201.656118,1201.909535,1202.163659,1202.418494,1202.674043,1202.930308,1203.187291,1203.444997,1203.703427,1203.962585,1204.222630,1204.483251,1204.744608,1205.006704,1205.269541,1205.533123,1205.797452,1206.062532,1206.328365,1206.594955,1206.862303,1207.130414,1207.399290,1207.668935,1207.939350,1208.210540,1208.482508,1208.755256,1209.028816,1209.303086,1209.578194,1209.854094,1210.130791,1210.408287,1210.686586,1210.965690,1211.245671,1211.526396,1211.808057,1212.090415,1212.373596,1212.657601,1212.942373,1213.228039,1213.514540,1213.801989,1214.090170,1214.379266,1214.669141,1214.959867,1215.251450,1215.543891,1215.837195,1216.131364,1216.426403,1216.722315,1217.019103,1217.316801,1217.615353,1217.914792,1218.215122,1218.516347,1218.818610,1219.121732,1219.425662,1219.730501,1220.036253,1220.342940,1220.650530,1220.959043,1221.268418,1221.578782,1221.890092,1222.202341,1222.515533,1222.829673,1223.144764,1223.460810,1223.777815,1224.095784,1224.414720,1224.734627,1225.055509,1225.377371,1225.700216,1226.024049,1226.348804,1226.674624,1227.001444,1227.329269,1227.658101,1227.987947,1228.318809,1228.650692,1228.983601,1229.317540,1229.652513,1229.988524,1230.325578,1230.663781,1231.002934,1231.343144,1231.684415,1232.026750,1232.370256,1232.714736,1233.060295,1233.407038,1233.754875,1234.103732,1234.453653,1234.804676,1235.156806,1235.510048,1235.864406,1236.219886,1236.576491,1236.934228,1237.293161,1237.653174,1238.014332,1238.376642,1238.740106,1239.104732,1239.470523,1239.837491,1240.205831,1240.575149,1240.945654,1241.317350,1241.690242,1242.064336,1242.439636,1242.816149,1243.193880,1243.572833,1243.953014,1244.334429,1244.717083,1245.100982,1245.486130,1245.872534,1246.260199,1246.649130,1247.039334,1247.430716,1247.823481,1248.217535,1248.612884,1249.009533,1249.407489,1249.806757,1250.207344,1250.609254,1251.012494,1251.417070,1251.822988,1252.230253,1252.638872,1253.048852,1253.460225,1253.872942,1254.287038,1254.702518,1255.119390,1255.537658,1255.957330,1256.378411,1256.800909,1257.224829,1257.650178,1258.076994,1258.505221,1258.934896,1259.366026,1259.798618,1260.232678,1260.668213,1261.105230,1261.543736,1261.983738,1262.425241,1262.868254,1263.312783,1263.758835,1264.206417,1264.655536,1265.106199,1265.558414,1266.012187,1266.467526,1266.924437,1267.382929,1267.843008,1268.304683,1268.767959,1269.232845,1269.699349,1270.167477,1270.637237,1271.108984,1271.582033,1272.056736,1272.533102,1273.011139,1273.490855,1273.972257,1274.455353,1274.940152,1275.426627,1275.914854,1276.404808,1276.896496,1277.389928,1277.885110,1278.382051,1278.880869,1279.381354,1279.883624,1280.387686,1280.893550,1281.401224,1281.910716,1282.421994,1282.935150,1283.450149,1283.967003,1284.485718,1285.006305,1285.528805,1286.053161,1286.579415,1287.107577,1287.637655,1288.169658,1288.703597,1289.239480,1289.777316,1290.317116,1290.858888,1291.402642,1291.948406,1292.496153,1293.045911,1293.597689,1294.151499,1294.707348,1295.265248,1295.825208,1296.387238,1296.951349,1297.517550,1298.085852,1298.656265,1299.228799,1299.803465,1300.380273,1300.959234,1301.540357,1302.123655,1302.709136,1303.296814,1303.886703,1304.478803,1305.073131,1305.669697,1306.268673,1306.869750,1307.473099,1308.078732,1308.686659,1309.296892,1309.909443,1310.524323,1311.141543,1311.761116,1312.383052,1313.007364,1313.634063,1314.263162,1314.894672,1315.528523,1316.164892,1316.803708,1317.444985,1318.088733,1318.734967,1319.383752,1320.034993,1320.688755,1321.345052,1322.003897
1167.450559,1167.595162,1167.740093,1167.885319,1168.030949,1168.176869,1168.323121,1168.469706,1168.616394,1168.763738,1168.911328,1169.059255,1169.207521,1169.356126,1169.505059,1169.654402,1169.803934,1169.953908,1170.104226,1170.254891,1170.405903,1170.557263,1170.709012,1170.861249,1171.013916,1171.166681,1171.319799,1171.473295,1171.627126,1171.781313,1171.935963,1172.090869,1172.246136,1172.401766,1172.557759,1172.714126,1172.870849,1173.028072,1173.185530,1173.343358,1173.501650,1173.660220,1173.819197,1173.978514,1174.138155,1174.298224,1174.458672,1174.619498,1174.780832,1174.942421,1175.104393,1175.266749,1175.429561,1175.592690,1175.756334,1175.920240,1176.084537,1176.249227,1176.414444,1176.579921,1176.745811,1176.912192,1177.078861,1177.245930,1177.413401,1177.581275,1177.749552,1177.918244,1178.087333,1178.256831,1178.426738,1178.597057,1178.767797,1178.938941,1179.110590,1179.282566,1179.454960,1179.627773,1179.801007,1179.974664,1180.148744,1180.323395,1180.498450,1180.673787,1180.849561,1181.025781,1181.202434,1181.379624,1181.557147,1181.735106,1181.913504,1182.092359,1182.271638,1182.451361,1182.631527,1182.812146,1182.993206,1183.174716,1183.356676,1183.539088,1183.721967,1183.905288,1184.089176,1184.273414,1184.458111,1184.643271,1184.829189,1185.015277,1185.201831,1185.388854,1185.576311,1185.764275,1185.952780,1186.141828,1186.331217,1186.521085,1186.711432,1186.902261,1187.093574,1187.285406,1187.477690,1187.670550,1187.863813,1188.057569,1188.251817,1188.446562,1188.641803,1188.837620,1189.033861,1189.230605,1189.427853,1189.625545,1189.823808,1190.022816,1190.222100,1190.421897,1190.622210,1190.823177,1191.024526,1191.226395,1191.428788,1191.631705,1191.835154,1192.039126,1192.243629,1192.448664,1192.654233,1192.860338,1193.066981,1193.274164,1193.481890,1193.690450,1193.899265,1194.108628,1194.318542,1194.529007,1194.740026,1194.951602,1195.163735,1195.376428,1195.589684,1195.803504,1196.017890,1196.232845,1196.448370,1196.664467,1196.881140,1197.098661,1197.316489,1197.534899,1197.753891,1197.973469,1198.193806,1198.414582,1198.635930,1198.857872,1199.080410,1199.303547,1199.527284,1199.751625,1199.976792,1200.202305,1200.428469,1200.655245,1200.882635,1201.110643,1201.339269,1201.568517,1201.798389,1202.028887,1202.260014,1202.491771,1202.724162,1202.957189,1203.190853,1203.425158,1203.660106,1203.895706,1204.131948,1204.368839,1204.606384,1204.844584,1205.083441,1205.322959,1205.563140,1205.803986,1206.045658,1206.287842,1206.530700,1206.774233,1207.018445,1207.263338,1207.508914,1207.755176,1208.002127,1208.249769,1208.498106,1208.747139,1208.996872,1209.247307,1209.498448,1209.750296,1210.002854,1210.256126,1210.510114,1210.764820,1211.020248,1211.276401,1211.533310,1211.790872,1212.049215,1212.308294,1212.568112,1212.828672,1213.089976,1213.352028,1213.614830,1213.878454,1214.142887,1214.407959,1214.673794,1214.940331,1215.207699,1215.475993,1215.744908,1216.014626,1216.285100,1216.556357,1216.828401,1217.101236,1217.374863,1217.649288,1217.924512,1218.200539,1218.477402,1218.755045,1219.033500,1219.312772,1219.592863,1219.873776,1220.155515,1220.438181,1220.721722,1221.005959,1221.291036,1221.576973,1221.863738,1222.151353,1222.439821,1222.729145,1223.019263,1223.310311,1223.602217,1223.895003,1224.188663,1224.483200,1224.778619,1225.074924,1225.372116,1225.670201,1225.969182,1226.269063,1226.569847,1226.871538,1227.174140,1227.477656,1227.782091,1228.087448,1228.393663,1228.700876,1229.009022,1229.318107,1229.628133,1229.939104,1230.251025,1230.563899,1230.877731,1231.192524,1231.508383,1231.825111,1232.142812,1232.461491,1232.781152,1233.101799,1233.423435,1233.746066,1234.069796,1234.394428,1234.720173,1235.046924,1235.374622,1235.703308,1236.033017,1236.363754,1236.695525,1237.028332,1237.362182,1237.697077,1238.033023,1238.370024,1238.708084,1239.047269,1239.387462,1239.728728,1240.071072,1240.414499,1240.759012,1241.104732,1241.451434,1241.799332,1242.148241,1242.498261,1242.849397,1243.201653,1243.555035,1243.909547,1244.265194,1244.621980,1244.979912,1245.338994,1245.699231,1246.060628,1246.423190,1246.786923,1247.151830,1247.517919,1247.885192,1248.253657,1248.623318,1248.994082,1249.366151,1249.739432,1250.113931,1250.489652,1250.866601,1251.244784,1251.624206,1252.004873,1252.386789,1252.769962,1253.154395,1253.540096,1253.927068,1254.315319,1254.704882,1255.095707,1255.487827,1255.881248,1256.275976,1256.672017,1257.069377,1257.468061,1257.868076,1258.269428,1258.672155,1259.076198,1259.481596,1259.888355,1260.296481,1260.705981,1261.116860,1261.529124,1261.942781,1262.357837,1262.774297,1263.192168,1263.611457,1264.032170,1264.454313,1264.877894,1265.302918,1265.729393,1266.157325,1266.586720,1267.017586,1267.449928,1267.883755,1268.319073,1268.755888,1269.194208,1269.634039,1270.075388,1270.518264,1270.962672,1271.408966,1271.856461,1272.305509,1272.756119,1273.208298,1273.662052,1274.117389,1274.574317,1275.032843,1275.492974,1275.954684,1276.418049,1276.883042,1277.349670,1277.817943,1278.287866,1278.759448,1279.232806,1279.707729,1280.184335,1280.662632,1281.142627,1281.624328,1282.107744,1282.592883,1283.079711,1283.568320,1284.058676,1284.550787,1285.044662,1285.540343,1286.037772,1286.536990,1287.038006,1287.540828,1288.045465,1288.551927,1289.060221,1289.570356,1290.082341,1290.596186,1291.111898,1291.629488,1292.148981,1292.670352,1293.193627,1293.718816,1294.245927,1294.774970,1295.305955,1295.838891,1296.373787,1296.910653,1297.449498,1297.990333,1298.533165,1299.078007,1299.624867,1300.173754,1300.724680,1301.277654,1301.832686,1302.389785,1302.948963,1303.510230,1304.073601,1304.639075,1305.206669,1305.776392,1306.348414,1306.922428,1307.498604,1308.076952,1308.657482,1309.240206,1309.825135,1310.412279,1311.001649,1311.593257,1312.187113,1312.783229,1313.381615,1313.982284,1314.585247,1315.190515,1315.798016,1316.407928,1317.020180,1317.634783,1318.251750,1318.871091,1319.492875,1320.117002,1320.743540,1321.372501,1322.003897
1173.904018,1174.043199,1174.182341,1174.321936,1174.461983,1174.602193,1174.742698,1174.883522,1175.024665,1175.166130,1175.307917,1175.450129,1175.592563,1175.735465,1175.878550,1176.021962,1176.165702,1176.309771,1176.454170,1176.598901,1176.743998,1176.889395,1177.035136,1177.181193,1177.327691,1177.474433,1177.621513,1177.768934,1177.916644,1178.064748,1178.213195,1178.361987,1178.511124,1178.660609,1178.810567,1178.960748,1179.111280,1179.262289,1179.413595,1179.565201,1179.717145,1179.869579,1180.022236,1180.175251,1180.328736,1180.482471,1180.636568,1180.791028,1180.945853,1181.101043,1181.256599,1181.412524,1181.568817,1181.725481,1181.882525,1182.039933,1182.197715,1182.355873,1182.514497,1182.673377,1182.832709,1182.992381,1183.152434,1183.312869,1183.473690,1183.634895,1183.796487,1183.958468,1184.120961,1184.283867,1184.447005,1184.610568,1184.774509,1184.938846,1185.103657,1185.268775,1185.434308,1185.600242,1185.766579,1185.933338,1186.100485,1186.268038,1186.436000,1186.604378,1186.773160,1186.942355,1187.111964,1187.282284,1187.452725,1187.623597,1187.794985,1187.966685,1188.138808,1188.311354,1188.484326,1188.657725,1188.831552,1189.005809,1189.180497,1189.355683,1189.531238,1189.707230,1189.883794,1190.060661,1190.237969,1190.415719,1190.593913,1190.772551,1190.951636,1191.131169,1191.311240,1191.491674,1191.672637,1191.853978,1192.035776,1192.218031,1192.400982,1192.584158,1192.767796,1192.951898,1193.136403,1193.321439,1193.506943,1193.693056,1193.879503,1194.066425,1194.253828,1194.441702,1194.630056,1194.818891,1195.008208,1195.198010,1195.388298,1195.579073,1195.770338,1195.962094,1196.154343,1196.347087,1196.540619,1196.734358,1196.928597,1197.123338,1197.318583,1197.514334,1197.710591,1197.907358,1198.104637,1198.302428,1198.500733,1198.699556,1198.898897,1199.098758,1199.299142,1199.500050,1199.701756,1199.903718,1200.106210,1200.309234,1200.512792,1200.716886,1200.921517,1201.126688,1201.332572,1201.538849,1201.745652,1201.953002,1202.160902,1202.369354,1202.578486,1202.788100,1202.998220,1203.208899,1203.420141,1203.631946,1203.844318,1204.057258,1204.270769,1204.484852,1204.699510,1204.914744,1205.130558,1205.346953,1205.563931,1205.781495,1205.999646,1206.218387,1206.437721,1206.657649,1206.878180,1207.099304,1207.321028,1207.543356,1207.766289,1207.989989,1208.214141,1208.438905,1208.664284,1208.890281,1209.116897,1209.344135,1209.571997,1209.800486,1210.029604,1210.259353,1210.489736,1210.720756,1210.952414,1211.184714,1211.417657,1211.651246,1211.885484,1212.120372,1212.355915,1212.592113,1212.828971,1213.066489,1213.304671,1213.543519,1213.783037,1214.023230,1214.264069,1214.505609,1214.747827,1214.990728,1215.234314,1215.478587,1215.723549,1215.969205,1216.215624,1216.462794,1216.710614,1216.959089,1217.208249,1217.458118,1217.708699,1217.959995,1218.212008,1218.464768,1218.718224,1218.972407,1219.227319,1219.482992,1219.739370,1219.996486,1220.254342,1220.512942,1220.772289,1221.032384,1221.293233,1221.554836,1221.817198,1222.080419,1222.344308,1222.608981,1222.874548,1223.140748,1223.407725,1223.675482,1223.944021,1224.213348,1224.483463,1224.754305,1225.026009,1225.298512,1225.571817,1225.845919,1226.120838,1226.396570,1226.673117,1226.950483,1227.228671,1227.507684,1227.787525,1228.068199,1228.349709,1228.632057,1228.915248,1229.199284,1229.484170,1229.769908,1230.056503,1230.343889,1230.632207,1230.921391,1231.211447,1231.502376,1231.794183,1232.086871,1232.380444,1232.674906,1232.970361,1233.266612,1233.563762,1233.861815,1234.160776,1234.460648,1234.761434,1235.063139,1235.365767,1235.669528,1235.974013,1236.279432,1236.585889,1236.893221,1237.201466,1237.510661,1237.820810,1238.131916,1238.443985,1238.757020,1239.071025,1239.386004,1239.701962,1240.018903,1240.336830,1240.655808,1240.975722,1241.296634,1241.618551,1241.941582,1242.265519,1242.590478,1242.916453,1243.243547,1243.571576,1243.900639,1244.230741,1244.561886,1244.894078,1245.227323,1245.561624,1245.896986,1246.233414,1246.570912,1246.909485,1247.249138,1247.589875,1247.931701,1248.274621,1248.618640,1248.963761,1249.309991,1249.657334,1250.005696,1250.355279,1250.705990,1251.057834,1251.410814,1251.764938,1252.120209,1252.476632,1252.834213,1253.192957,1253.552869,1253.913954,1254.276217,1254.639663,1255.004298,1255.370127,1255.737183,1256.105416,1256.474859,1256.845517,1257.217395,1257.590500,1257.964836,1258.340410,1258.717226,1259.095290,1259.474641,1259.855218,1260.237061,1260.620174,1261.004564,1261.390236,1261.777195,1262.165449,1262.555002,1262.945861,1263.338031,1263.731518,1264.126329,1264.522469,1264.919944,1265.318761,1265.718925,1266.120443,1266.523320,1266.927564,1267.333179,1267.740173,1268.148552,1268.558322,1268.969489,1269.382061,1269.796042,1270.211441,1270.628263,1271.046514,1271.466202,1271.887778,1272.310262,1272.734300,1273.159800,1273.586771,1274.015219,1274.445150,1274.876571,1275.309490,1275.743913,1276.179814,1276.617267,1277.056245,1277.496757,1277.938808,1278.382406,1278.827558,1279.274271,1279.722662,1280.172521,1280.623963,1281.076997,1281.531628,1281.987866,1282.445717,1282.905190,1283.366251,1283.828989,1284.293371,1284.759405,1285.227099,1285.696494,1286.167532,1286.640254,1287.114667,1287.590780,1288.068600,1288.548137,1289.029398,1289.512391,1289.997125,1290.483608,1290.971849,1291.461855,1291.953635,1292.447216,1292.942571,1293.439726,1293.938689,1294.439470,1294.942077,1295.446519,1295.952805,1296.460943,1296.970943,1297.482814,1297.996565,1298.512205,1299.029742,1299.549187,1300.070549,1300.593837,1301.119060,1301.646228,1302.175350,1302.706436,1303.239495,1303.774537,1304.311579,1304.850617,1305.391667,1305.934739,1306.480003,1307.027150,1307.576349,1308.127610,1308.680944,1309.236361,1309.793870,1310.353484,1310.915210,1311.479062,1312.045047,1312.613179,1313.183466,1313.755920,1314.330551,1314.907371,1315.486307,1316.067537,1316.650987,1317.236669,1317.824595,1318.414776,1319.007277,1319.602001,1320.199014,1320.798326,1321.399950,1322.003897
1180.383242,1180.516433,1180.649924,1180.783716,1180.917810,1181.052207,1181.186907,1181.322017,1181.457328,1181.592935,1181.728860,1181.865042,1182.001586,1182.138439,1182.275605,1182.413083,1182.550874,1182.688997,1182.827546,1182.966411,1183.105468,1183.244842,1183.384672,1183.524687,1183.665095,1183.805865,1183.946849,1184.088158,1184.229792,1184.371754,1184.514044,1184.656663,1184.799612,1184.942893,1185.086505,1185.230452,1185.374732,1185.519349,1185.664302,1185.809683,1185.955313,1186.101291,1186.247603,1186.394256,1186.541253,1186.688563,1186.836292,1186.984326,1187.132708,1187.281439,1187.430521,1187.579954,1187.729862,1187.880043,1188.030537,1188.181373,1188.332727,1188.484294,1188.636274,1188.788561,1188.941211,1189.094223,1189.247586,1189.401329,1189.555439,1189.709917,1189.864765,1190.020298,1190.175888,1190.331852,1190.488196,1190.644910,1190.802001,1190.959470,1191.117318,1191.275547,1191.434171,1191.593200,1191.752689,1191.912455,1192.072608,1192.233150,1192.394081,1192.555404,1192.717120,1192.879296,1193.041801,1193.204666,1193.367966,1193.531665,1193.695900,1193.860402,1194.025307,1194.190617,1194.356334,1194.522458,1194.689068,1194.856249,1195.023693,1195.191462,1195.359646,1195.528247,1195.697265,1195.866702,1196.036560,1196.206840,1196.377543,1196.548815,1196.720308,1196.892291,1197.064703,1197.237546,1197.410822,1197.584531,1197.758676,1197.933258,1198.108279,1198.283740,1198.459642,1198.635988,1198.812778,1198.990014,1199.167699,1199.346124,1199.524709,1199.703747,1199.883240,1200.063188,1200.243593,1200.424458,1200.605783,1200.787571,1200.969823,1201.152541,1201.335726,1201.519380,1201.703505,1201.888102,1202.073173,1202.258720,1202.445017,1202.631521,1202.818506,1203.005974,1203.193926,1203.382364,1203.571290,1203.760706,1203.950613,1204.141014,1204.331909,1204.523493,1204.715384,1204.907776,1205.100797,1205.294195,1205.488057,1205.682564,1205.877485,1206.072918,1206.268864,1206.465326,1206.662304,1206.859802,1207.057820,1207.256362,1207.455428,1207.655021,1207.855142,1208.055794,1208.256979,1208.458698,1208.660954,1208.863748,1209.067083,1209.270960,1209.475381,1209.680356,1209.886031,1210.092098,1210.298718,1210.505893,1210.713624,1210.921915,1211.130766,1211.340180,1211.550160,1211.760707,1211.971823,1212.183510,1212.395772,1212.608609,1212.822025,1213.036020,1213.250598,1213.465761,1213.681510,1213.897848,1214.114778,1214.332301,1214.550420,1214.769138,1214.988455,1215.208375,1215.428900,1215.650032,1215.871774,1216.094127,1216.317095,1216.540655,1216.764887,1216.989688,1217.215136,1217.441210,1217.667913,1217.895247,1218.123284,1218.351887,1218.581128,1218.811283,1219.041809,1219.272918,1219.504737,1219.737207,1219.970330,1220.204108,1220.438546,1220.673674,1220.909435,1221.145889,1221.382985,1221.620753,1221.859195,1222.098313,1222.338110,1222.578590,1222.819753,1223.061604,1223.304146,1223.547495,1223.791425,1224.036052,1224.281380,1224.527412,1224.774151,1225.021739,1225.269899,1225.518774,1225.768367,1226.018680,1226.269717,1226.521481,1226.773906,1227.027131,1227.281091,1227.535789,1227.791228,1228.047402,1228.304332,1228.562012,1228.820446,1229.079635,1229.339583,1229.600293,1229.861769,1230.124013,1230.387029,1230.650819,1230.915386,1231.180735,1231.446868,1231.713788,1231.981498,1232.250002,1232.519234,1232.789335,1233.060239,1233.331950,1233.604471,1233.877805,1234.152057,1234.427028,1234.702823,1234.979444,1235.256895,1235.535180,1235.814302,1236.094265,1236.375071,1236.656725,1236.939337,1237.222696,1237.507014,1237.792093,1238.078037,1238.364985,1238.652670,1238.941232,1239.230673,1239.520998,1239.812209,1240.104312,1240.397309,1240.691204,1240.986001,1241.281704,1241.578317,1241.875843,1242.174347,1242.473712,1242.774002,1243.075328,1243.377480,1243.680575,1243.984604,1244.289578,1244.595502,1244.902472,1245.210305,1245.519099,1245.828858,1246.139586,1246.451288,1246.763967,1247.077628,1247.392275,1247.707911,1248.024543,1248.342173,1248.660805,1248.980446,1249.301097,1249.622765,1249.945453,1250.269166,1250.593908,1250.919684,1251.246497,1251.574255,1251.903159,1252.233114,1252.564126,1252.896198,1253.229337,1253.563545,1253.898828,1254.235191,1254.572637,1254.911173,1255.250803,1255.591531,1255.933363,1256.276303,1256.620384,1256.965555,1257.311850,1257.659272,1258.007827,1258.357520,1258.708356,1259.060340,1259.413477,1259.767773,1260.123264,1260.479891,1260.837692,1261.196673,1261.556837,1261.918191,1262.280740,1262.644489,1263.009444,1263.375610,1263.742992,1264.111596,1264.481427,1264.852492,1265.224794,1265.598341,1265.973138,1266.349189,1266.726502,1267.105082,1267.484933,1267.866064,1268.248478,1268.632181,1269.017181,1269.403482,1269.791091,1270.180013,1270.570254,1270.961821,1271.354720,1271.748956,1272.144980,1272.541910,1272.940099,1273.339748,1273.740765,1274.143157,1274.546931,1274.952091,1275.358646,1275.766602,1276.175964,1276.586706,1276.998902,1277.412524,1277.827580,1278.244075,1278.662017,1279.081413,1279.502268,1279.924699,1280.348495,1280.773771,1281.200535,1281.628794,1282.058554,1282.489823,1282.922607,1283.356914,1283.792709,1284.230083,1284.669001,1285.109471,1285.551499,1285.995127,1286.440296,1286.887045,1287.335384,1287.785318,1288.236856,1288.690005,1289.144774,1289.601169,1290.059198,1290.518870,1290.980192,1291.443171,1291.907817,1292.374136,1292.842155,1293.311846,1293.783235,1294.256330,1294.731139,1295.207671,1295.685934,1296.165936,1296.647685,1297.131191,1297.616461,1298.103504,1298.592329,1299.082943,1299.575357,1300.069578,1300.565616,1301.063479,1301.563176,1302.064715,1302.568107,1303.073360,1303.580483,1304.089485,1304.600382,1305.113170,1305.627866,1306.144477,1306.663173,1307.183645,1307.706062,1308.230433,1308.756768,1309.285076,1309.815367,1310.347651,1310.881938,1311.418238,1311.956560,1312.496915,1313.039313,1313.583764,1314.130277,1314.678864,1315.229534,1315.782216,1316.337084,1316.894067,1317.453176,1318.014421,1318.577812,1319.143415,1319.711132,1320.281028,1320.853113,1321.427399,1322.003897
1186.886850,1187.014385,1187.142196,1187.270169,1187.398539,1187.527088,1187.655926,1187.785055,1187.914475,1188.044259,1188.174265,1188.304565,1188.435160,1188.566052,1188.697240,1188.828727,1188.960512,1189.092598,1189.224984,1189.357762,1189.490753,1189.624047,1189.757647,1189.891552,1190.025764,1190.160284,1190.295207,1190.430260,1190.565709,1190.701438,1190.837511,1190.973899,1191.110642,1191.247660,1191.385035,1191.522688,1191.660783,1191.799074,1191.937672,1192.076607,1192.215864,1192.355446,1192.495577,1192.635787,1192.776348,1192.917535,1193.058754,1193.200303,1193.342170,1193.484384,1193.626932,1193.769815,1193.913034,1194.056642,1194.200537,1194.344771,1194.489346,1194.634268,1194.779527,1194.925130,1195.071078,1195.217373,1195.364027,1195.511018,1195.658358,1195.806159,1195.954202,1196.102599,1196.251350,1196.400457,1196.549988,1196.699810,1196.849992,1197.000533,1197.151400,1197.302667,1197.454297,1197.606666,1197.759029,1197.911836,1198.064936,1198.218406,1198.372247,1198.526462,1198.681051,1198.836102,1198.991443,1199.147168,1199.303266,1199.459745,1199.616744,1199.773988,1199.931616,1200.089631,1200.248032,1200.406760,1200.565940,1200.725511,1200.885474,1201.045832,1201.206584,1201.367733,1201.529280,1201.691227,1201.853574,1202.016323,1202.179476,1202.343325,1202.507290,1202.671662,1202.836443,1203.001634,1203.167238,1203.333255,1203.499687,1203.666536,1203.833802,1204.001488,1204.169594,1204.338123,1204.507075,1204.676453,1204.846257,1205.016490,1205.187152,1205.358518,1205.530045,1205.702005,1205.874402,1206.047236,1206.220509,1206.394223,1206.568378,1206.742977,1206.918022,1207.093513,1207.269453,1207.445843,1207.622684,1207.800126,1207.978046,1208.156212,1208.334876,1208.514000,1208.693681,1208.873729,1209.054243,1209.235223,1209.416671,1209.598589,1209.780978,1209.963841,1210.147179,1210.330993,1210.515286,1210.700059,1210.885313,1211.071052,1211.257276,1211.443987,1211.631186,1211.818877,1212.007219,1212.195896,1212.385070,1212.574742,1212.764920,1212.955593,1213.146770,1213.338452,1213.530641,1213.723339,1213.916548,1214.110270,1214.304507,1214.499260,1214.694532,1214.890324,1215.086639,1215.283478,1215.480844,1215.678737,1215.877161,1216.076117,1216.275607,1216.475634,1216.676198,1216.877303,1217.078950,1217.281142,1217.483879,1217.687165,1217.891002,1218.095391,1218.300334,1218.505834,1218.711893,1218.918513,1219.125671,1219.333519,1219.541834,1219.750695,1219.960152,1220.170182,1220.380788,1220.592056,1220.803821,1221.016168,1221.229222,1221.442679,1221.656856,1221.871556,1222.086880,1222.302770,1222.519258,1222.736347,1222.954039,1223.172336,1223.391241,1223.610782,1223.830909,1224.051651,1224.273010,1224.494989,1224.717607,1224.940832,1225.164782,1225.389263,1225.614375,1225.840121,1226.066504,1226.293526,1226.521190,1226.749497,1226.978452,1227.208195,1227.438450,1227.669360,1227.900926,1228.133151,1228.366038,1228.599523,1228.833742,1229.068631,1229.304193,1229.540429,1229.777343,1230.014938,1230.253207,1230.492171,1230.731824,1230.972168,1231.213206,1231.454941,1231.697376,1231.940513,1232.184355,1232.428906,1232.674168,1232.920143,1233.166835,1233.414247,1233.662381,1233.911240,1234.160828,1234.411078,1234.662131,1234.913921,1235.166451,1235.419826,1235.673845,1235.928614,1236.184135,1236.440411,1236.697446,1236.955242,1237.213803,1237.473131,1237.733230,1237.994103,1238.255860,1238.518290,1238.781504,1239.045505,1239.310295,1239.575979,1239.842393,1240.109674,1240.377657,1240.646446,1240.916045,1241.186458,1241.457686,1241.729735,1242.002606,1242.276304,1242.550833,1242.826194,1243.102393,1243.379432,1243.657315,1243.936106,1244.215796,1244.496232,1244.777526,1245.059689,1245.342711,1245.626602,1245.911365,1246.197005,1246.483619,1246.771023,1247.059314,1247.348497,1247.638574,1247.929550,1248.221429,1248.514215,1248.807910,1249.102520,1249.398048,1249.694498,1249.991873,1250.290179,1250.589418,1250.889595,1251.190714,1251.492779,1251.795794,1252.099763,1252.404690,1252.710579,1253.017336,1253.325162,1253.633962,1253.943742,1254.254505,1254.566255,1254.878996,1255.192734,1255.507472,1255.823215,1256.139967,1256.457732,1256.776515,1257.096320,1257.417152,1257.739042,1258.061941,1258.385880,1258.710864,1259.036897,1259.363984,1259.692130,1260.021339,1260.351615,1260.682965,1261.015424,1261.348933,1261.683529,1262.019216,1262.356001,1262.693886,1263.032878,1263.372981,1263.714200,1264.056541,1264.400007,1264.744604,1265.090338,1265.437213,1265.785234,1266.134407,1266.484736,1266.836227,1267.188885,1267.542716,1267.897724,1268.253914,1268.611293,1268.969865,1269.329637,1269.690612,1270.052797,1270.416198,1270.780819,1271.146666,1271.513746,1271.882062,1272.251622,1272.622875,1272.994938,1273.368261,1273.742753,1274.118614,1274.495752,1274.874173,1275.253883,1275.634889,1276.017196,1276.400809,1276.785736,1277.171947,1277.559518,1277.948420,1278.338660,1278.730243,1279.123175,1279.517464,1279.913115,1280.310135,1280.708639,1281.108415,1281.509579,1281.912137,1282.316096,1282.721462,1283.128242,1283.536443,1283.946070,1284.357091,1284.769592,1285.183541,1285.598944,1286.015808,1286.434173,1286.853979,1287.275267,1287.698043,1288.122315,1288.548090,1288.975374,1289.404175,1289.834500,1290.266357,1290.699752,1291.134693,1291.571187,1292.009242,1292.448865,1292.890081,1293.332863,1293.777235,1294.223205,1294.670781,1295.119970,1295.570781,1296.023220,1296.477297,1296.933018,1297.390392,1297.849426,1298.310129,1298.772509,1299.236573,1299.702330,1300.169788,1300.638955,1301.109840,1301.582450,1302.056795,1302.532882,1303.010721,1303.490319,1303.971685,1304.454835,1304.939763,1305.426485,1305.915011,1306.405507,1306.897665,1307.391652,1307.887478,1308.385152,1308.884681,1309.386077,1309.889347,1310.394501,1310.901549,1311.410499,1311.921362,1312.434146,1312.948861,1313.465516,1313.984122,1314.504687,1315.027222,1315.551653,1316.078157,1316.606659,1317.137170,1317.669700,1318.204259,1318.740858,1319.279560,1319.820267,1320.363044,1320.907901,1321.454849,1322.003897
1193.415562,1193.537112,1193.658935,1193.781030,1193.903399,1194.026042,1194.148961,1194.272156,1194.395628,1194.519378,1194.643502,1194.767725,1194.892325,1195.017196,1195.142350,1195.267787,1195.393550,1195.519680,1195.645972,1195.772552,1195.899704,1196.026861,1196.154308,1196.282046,1196.410152,1196.538474,1196.667270,1196.796180,1196.925363,1197.054865,1197.184664,1197.314762,1197.445159,1197.575842,1197.706841,1197.838142,1197.969746,1198.101655,1198.233886,1198.366406,1198.499233,1198.632369,1198.765819,1198.899574,1199.033640,1199.168018,1199.302710,1199.437728,1199.573050,1199.708688,1199.844752,1199.981026,1200.117619,1200.254600,1200.392075,1200.529633,1200.667516,1200.805723,1200.944256,1201.083080,1201.222345,1201.361863,1201.501710,1201.642025,1201.782537,1201.923389,1202.064569,1202.206086,1202.347939,1202.490130,1202.632748,1202.775619,1202.918970,1203.062526,1203.206425,1203.350669,1203.495260,1203.640198,1203.785484,1203.931120,1204.077107,1204.223384,1204.370076,1204.517123,1204.664525,1204.812284,1204.960401,1205.108878,1205.257715,1205.407205,1205.556767,1205.706693,1205.856985,1206.007643,1206.158670,1206.310066,1206.461832,1206.613970,1206.766481,1206.919366,1207.072627,1207.226265,1207.380282,1207.534678,1207.689454,1207.844613,1208.000156,1208.156083,1208.312669,1208.469371,1208.626461,1208.783941,1208.941813,1209.100077,1209.258737,1209.417791,1209.577243,1209.737094,1209.897344,1210.057996,1210.219050,1210.380508,1210.542372,1210.704770,1210.867449,1211.030498,1211.194019,1211.358103,1211.522431,1211.687174,1211.852429,1212.018008,1212.184007,1212.350427,1212.517271,1212.684540,1212.852234,1213.020356,1213.188907,1213.357889,1213.527303,1213.697151,1213.867434,1214.038155,1214.209472,1214.381070,1214.553111,1214.725594,1214.898523,1215.071897,1215.245720,1215.419992,1215.594716,1215.769892,1215.945531,1216.121618,1216.298163,1216.475167,1216.652633,1216.830562,1217.008955,1217.187814,1217.367142,1217.546939,1217.727207,1217.907948,1218.089165,1218.270858,1218.453029,1218.635680,1218.818813,1219.002430,1219.186532,1219.371121,1219.556199,1219.741768,1219.927830,1220.114386,1220.301438,1220.488988,1220.677039,1220.865661,1221.054717,1221.244279,1221.434347,1221.624926,1221.815991,1222.007593,1222.199740,1222.392459,1222.585589,1222.779263,1222.973460,1223.168182,1223.363431,1223.559239,1223.755486,1223.952448,1224.149824,1224.347805,1224.546257,1224.745249,1224.944784,1225.144864,1225.345492,1225.546668,1225.748396,1225.950677,1226.153531,1226.356951,1226.560905,1226.765420,1226.970597,1227.176243,1227.382456,1227.589241,1227.796597,1228.004529,1228.213038,1228.422126,1228.631795,1228.842048,1229.052888,1229.264315,1229.476333,1229.689085,1229.902291,1230.116095,1230.330498,1230.545504,1230.761047,1230.977264,1231.194090,1231.411528,1231.629579,1231.848247,1232.067534,1232.287441,1232.507964,1232.729122,1232.950908,1233.173325,1233.396375,1233.620062,1233.844387,1234.069353,1234.294963,1234.521219,1234.748123,1234.975679,1235.203888,1235.432754,1235.662279,1235.892466,1236.123317,1236.354835,1236.587022,1236.819914,1237.053448,1237.287661,1237.522554,1237.758129,1237.994391,1238.231341,1238.468983,1238.707319,1238.946352,1239.186084,1239.426519,1239.667767,1239.909616,1240.152176,1240.395450,1240.639442,1240.884152,1241.129586,1241.375746,1241.622768,1241.870488,1242.118843,1242.367935,1242.617768,1242.868344,1243.119668,1243.371741,1243.624566,1243.878148,1244.132489,1244.387592,1244.643461,1244.900098,1245.157506,1245.415797,1245.674759,1245.934563,1246.195090,1246.456405,1246.718518,1246.981419,1247.245117,1247.509616,1247.774920,1248.041031,1248.308048,1248.575785,1248.844339,1249.113715,1249.383916,1249.654944,1249.926805,1250.199500,1250.473034,1250.747410,1251.022633,1251.298704,1251.575628,1251.853409,1252.132050,1252.411555,1252.691927,1252.973170,1253.255288,1253.538285,1253.822164,1254.106929,1254.392485,1254.679034,1254.966480,1255.254827,1255.544080,1255.834241,1256.125316,1256.417307,1256.710219,1257.004056,1257.298822,1257.594520,1257.891155,1258.188731,1258.487252,1258.786722,1259.087173,1259.388554,1259.690896,1259.994203,1260.298480,1260.603731,1260.909961,1261.217173,1261.525404,1261.834594,1262.144779,1262.455964,1262.768154,1263.081352,1263.395563,1263.710791,1264.027042,1264.344319,1264.662627,1264.981970,1265.302354,1265.623783,1265.946260,1266.269792,1266.594383,1266.920037,1267.246759,1267.574553,1267.903426,1268.233381,1268.564423,1268.896557,1269.229789,1269.564122,1269.899562,1270.236114,1270.573782,1270.912573,1271.252490,1271.593539,1271.935725,1272.279053,1272.623529,1272.969157,1273.316388,1273.664336,1274.013453,1274.363647,1274.715116,1275.067770,1275.421613,1275.776651,1276.132889,1276.490333,1276.848989,1277.208861,1277.569922,1277.932245,1278.295802,1278.660598,1279.026639,1279.393931,1279.762480,1280.132290,1280.503369,1280.875722,1281.249463,1281.624381,1282.000592,1282.378099,1282.756911,1283.137032,1283.518469,1283.901228,1284.285314,1284.670695,1285.057456,1285.445565,1285.835026,1286.225846,1286.618066,1287.011624,1287.406561,1287.802882,1288.200596,1288.599707,1289.000223,1289.402149,1289.805494,1290.210263,1290.616464,1291.024102,1291.433185,1291.843720,1292.255713,1292.669172,1293.084121,1293.500531,1293.918428,1294.337818,1294.758709,1295.181107,1295.605021,1296.030456,1296.457421,1296.885923,1297.315969,1297.747566,1298.180722,1298.615444,1299.051741,1299.489618,1299.929085,1300.370149,1300.812817,1301.257098,1301.702998,1302.150526,1302.599690,1303.050498,1303.502957,1303.957076,1304.412868,1304.870330,1305.329476,1305.790315,1306.252853,1306.717259,1307.183223,1307.650913,1308.120336,1308.591502,1309.064418,1309.539094,1310.015537,1310.493758,1310.973764,1311.455564,1311.939167,1312.424582,1312.911817,1313.400883,1313.891788,1314.384540,1314.879150,1315.375626,1315.873894,1316.374131,1316.876261,1317.380295,1317.886242,1318.394112,1318.903913,1319.415712,1319.929407,1320.445063,1320.962691,1321.482299,1322.003897
1199.968880,1200.084524,1200.200427,1200.316588,1200.433086,1200.549768,1200.666710,1200.783914,1200.901382,1201.019113,1201.137254,1201.255492,1201.374019,1201.492813,1201.611875,1201.731206,1201.850793,1201.970664,1202.090806,1202.211220,1202.331908,1202.452870,1202.574124,1202.695636,1202.817425,1202.939491,1203.061842,1203.184466,1203.307609,1203.430795,1203.554262,1203.678025,1203.802059,1203.926378,1204.051050,1204.176050,1204.301229,1204.426697,1204.552454,1204.678578,1204.804922,1204.931553,1205.058477,1205.185695,1205.313172,1205.440981,1205.569088,1205.697492,1205.826332,1205.955335,1206.084640,1206.214385,1206.344295,1206.474509,1206.605027,1206.735939,1206.867071,1206.998511,1207.130260,1207.262319,1207.394688,1207.527371,1207.660366,1207.793675,1207.927300,1208.061241,1208.195437,1208.330014,1208.464910,1208.600127,1208.735958,1208.871819,1209.008004,1209.144514,1209.281350,1209.418513,1209.556004,1209.693824,1209.831975,1209.970457,1210.109272,1210.248421,1210.387904,1210.527724,1210.667880,1210.808375,1210.949210,1211.090385,1211.231902,1211.374034,1211.516238,1211.658787,1211.801683,1211.944926,1212.088518,1212.232460,1212.376753,1212.521399,1212.666398,1212.811752,1212.957462,1213.103530,1213.249956,1213.396742,1213.543888,1213.691525,1213.839397,1213.987594,1214.136197,1214.285168,1214.434507,1214.584216,1214.734317,1214.884770,1215.035767,1215.187064,1215.338642,1215.490597,1215.642932,1215.795647,1215.948743,1216.102223,1216.256087,1216.410336,1216.565132,1216.720156,1216.875571,1217.031377,1217.187575,1217.344168,1217.501155,1217.658540,1217.816322,1217.974504,1218.133087,1218.292072,1218.451461,1218.611255,1218.771456,1218.932064,1219.093090,1219.254520,1219.416362,1219.578618,1219.741289,1219.904378,1220.067884,1220.231811,1220.396160,1220.560931,1220.726127,1220.891748,1221.057798,1221.224276,1221.391186,1221.558527,1221.726302,1221.894513,1222.063160,1222.232246,1222.401772,1222.571811,1222.742222,1222.913079,1223.084381,1223.256132,1223.428333,1223.600986,1223.774091,1223.947652,1224.121668,1224.296143,1224.471163,1224.646535,1224.822395,1224.998749,1225.175570,1225.352830,1225.530560,1225.708737,1225.887413,1226.066502,1226.246130,1226.426236,1226.606945,1226.788015,1226.969569,1227.151610,1227.334206,1227.517224,1227.700752,1227.884755,1228.069253,1228.254248,1228.439742,1228.625737,1228.812333,1228.999336,1229.186871,1229.374888,1229.563416,1229.752456,1229.942010,1230.132080,1230.322669,1230.513777,1230.705408,1230.897563,1231.090243,1231.283452,1231.477191,1231.671462,1231.866267,1232.061748,1232.257628,1232.454047,1232.651009,1232.848449,1233.046502,1233.245103,1233.444256,1233.643961,1233.844221,1234.045038,1234.246414,1234.448352,1234.650853,1234.853921,1235.057547,1235.261752,1235.466530,1235.671882,1235.877812,1236.084320,1236.291410,1236.499083,1236.707342,1236.916190,1237.125628,1237.335659,1237.546285,1237.757508,1237.969331,1238.181757,1238.394888,1238.608525,1238.822772,1239.037561,1239.253033,1239.469122,1239.685830,1239.903159,1240.121113,1240.339693,1240.558902,1240.778742,1240.999323,1241.220434,1241.442184,1241.664575,1241.887611,1242.111293,1242.335624,1242.560608,1242.786246,1243.012541,1243.239529,1243.467146,1243.695529,1243.924581,1244.154201,1244.384496,1244.615466,1244.847114,1245.079445,1245.312459,1245.546161,1245.780552,1246.015635,1246.251415,1246.487999,1246.725178,1246.963060,1247.201649,1247.440948,1247.681021,1247.921748,1248.163200,1248.405367,1248.648259,1248.891877,1249.136227,1249.381309,1249.627128,1249.873687,1250.121083,1250.369129,1250.617925,1250.867472,1251.117774,1251.368834,1251.620656,1251.873241,1252.126595,1252.380719,1252.635617,1252.891292,1253.147748,1253.404987,1253.663014,1253.921831,1254.181441,1254.441849,1254.703056,1254.965068,1255.227887,1255.491516,1255.755959,1256.021121,1256.287202,1256.554108,1256.821841,1257.090406,1257.359806,1257.630044,1257.901124,1258.173050,1258.445825,1258.719452,1258.993936,1259.269281,1259.545489,1259.822564,1260.100511,1260.379361,1260.659061,1260.939645,1261.221114,1261.503474,1261.786727,1262.070879,1262.355964,1262.641923,1262.928791,1263.216573,1263.505272,1263.794893,1264.085440,1264.376915,1264.669325,1264.962672,1265.256961,1265.552195,1265.848380,1266.145518,1266.443616,1266.742675,1267.042701,1267.343699,1267.645671,1267.948623,1268.252560,1268.557484,1268.863401,1269.170315,1269.478230,1269.787151,1270.097082,1270.408029,1270.719994,1271.032984,1271.347001,1271.662052,1271.978140,1272.295271,1272.613448,1272.932677,1273.252962,1273.574308,1273.897165,1274.220648,1274.545206,1274.870844,1275.197470,1275.525283,1275.854191,1276.184199,1276.515312,1276.847534,1277.180871,1277.515328,1277.850876,1278.187588,1278.525435,1278.864423,1279.204556,1279.545839,1279.888279,1280.231880,1280.576648,1280.922588,1281.269705,1281.618004,1281.967601,1282.318282,1282.670163,1283.023248,1283.377543,1283.733055,1284.089787,1284.447746,1284.806938,1285.167328,1285.529002,1285.891927,1286.256107,1286.621548,1286.988290,1287.356272,1287.725533,1288.096080,1288.467917,1288.841052,1289.215490,1289.591238,1289.968301,1290.346685,1290.726398,1291.107444,1291.489831,1291.873565,1292.258651,1292.645097,1293.032909,1293.422111,1293.812674,1294.204622,1294.597962,1294.992700,1295.388844,1295.786399,1296.185373,1296.585772,1296.987602,1297.390872,1297.795587,1298.201755,1298.609383,1299.018477,1299.429044,1299.841092,1300.254628,1300.669658,1301.086191,1301.504232,1301.923791,1302.344873,1302.767486,1303.191638,1303.617335,1304.044587,1304.473399,1304.903786,1305.335743,1305.769283,1306.204415,1306.641306,1307.079644,1307.519597,1307.961173,1308.404379,1308.849224,1309.295715,1309.743861,1310.193670,1310.645149,1311.098308,1311.553153,1312.009695,1312.467940,1312.927897,1313.389575,1313.852983,1314.318128,1314.785019,1315.253665,1315.723992,1316.196174,1316.670137,1317.145890,1317.623442,1318.102801,1318.583977,1319.067034,1319.551871,1320.038551,1320.527085,1321.017481,1321.509749,1322.003897
1206.546642,1206.656324,1206.766250,1206.876421,1206.986837,1207.097517,1207.208426,1207.319583,1207.430989,1207.542650,1207.654555,1207.766710,1207.879124,1207.991796,1208.104777,1208.218022,1208.331444,1208.445231,1208.559166,1208.673358,1208.787808,1208.902518,1209.017487,1209.132717,1209.248208,1209.363962,1209.479978,1209.596223,1209.712908,1209.829719,1209.946797,1210.064279,1210.181893,1210.299776,1210.417929,1210.536353,1210.655049,1210.774018,1210.893348,1211.012865,1211.132657,1211.252726,1211.373071,1211.493695,1211.614598,1211.735780,1211.857244,1211.978989,1212.101309,1212.223620,1212.346154,1212.469036,1212.592204,1212.715659,1212.839402,1212.963435,1213.087757,1213.212371,1213.337277,1213.462476,1213.587969,1213.713758,1213.839842,1213.966223,1214.092902,1214.219880,1214.347158,1214.474736,1214.602617,1214.731074,1214.859562,1214.988355,1215.117454,1215.246860,1215.376574,1215.506597,1215.636930,1215.767574,1215.898531,1216.029801,1216.161385,1216.293285,1216.425501,1216.558035,1216.690887,1216.824186,1216.957679,1217.091453,1217.225591,1217.360052,1217.494839,1217.629952,1217.765393,1217.901162,1218.037260,1218.173689,1218.310471,1218.447565,1218.585089,1218.723024,1218.861124,1218.999562,1219.138498,1219.277614,1219.417072,1219.556872,1219.697016,1219.837504,1219.978338,1220.119519,1220.261048,1220.402927,1220.545156,1220.687738,1220.830672,1220.973961,1221.117605,1221.261606,1221.405966,1221.550684,1221.695763,1221.841204,1221.987008,1222.133176,1222.279710,1222.426611,1222.573888,1222.721526,1222.869536,1223.017918,1223.166673,1223.315803,1223.465309,1223.615192,1223.765454,1223.916096,1224.067120,1224.218527,1224.370317,1224.522564,1224.675127,1224.828079,1224.981420,1225.135152,1225.289277,1225.443795,1225.598709,1225.754019,1225.909728,1226.065836,1226.222345,1226.379257,1226.536572,1226.694377,1226.852535,1227.011071,1227.170017,1227.329374,1227.489143,1227.649303,1227.809902,1227.970919,1228.132354,1228.294239,1228.456517,1228.619218,1228.782258,1228.945810,1229.109790,1229.274218,1229.439181,1229.604454,1229.770162,1229.936306,1230.102888,1230.269908,1230.437438,1230.605341,1230.773788,1230.942581,1231.111821,1231.281511,1231.451651,1231.622243,1231.793289,1231.964791,1232.136776,1232.309195,1232.482074,1232.655415,1232.829221,1233.003492,1233.178231,1233.353440,1233.529120,1233.705272,1233.881900,1234.059004,1234.236586,1234.414648,1234.593333,1234.772361,1234.951875,1235.131809,1235.312299,1235.493280,1235.674754,1235.856723,1236.039189,1236.222153,1236.405617,1236.589584,1236.774056,1236.959033,1237.144519,1237.330514,1237.517013,1237.704035,1237.891573,1238.079629,1238.268204,1238.457302,1238.646923,1238.837071,1239.027746,1239.218952,1239.410689,1239.602961,1239.795769,1239.989216,1240.183103,1240.377532,1240.572505,1240.768026,1240.964095,1241.160715,1241.357888,1241.555548,1241.753834,1241.952679,1242.152086,1242.352058,1242.552703,1242.753809,1242.955485,1243.157735,1243.360560,1243.563962,1243.767944,1243.972508,1244.177656,1244.383391,1244.589715,1244.796630,1245.004139,1245.212277,1245.420980,1245.630283,1245.840392,1246.050904,1246.262025,1246.473756,1246.686100,1246.899059,1247.112635,1247.326832,1247.541652,1247.757097,1247.973277,1248.189980,1248.407316,1248.625287,1248.843896,1249.063145,1249.283037,1249.503576,1249.724829,1249.946667,1250.169158,1250.392305,1250.616111,1250.840579,1251.065711,1251.291510,1251.517978,1251.745119,1251.973031,1252.201525,1252.430700,1252.660559,1252.891104,1253.122338,1253.354264,1253.586885,1253.820204,1254.054223,1254.288946,1254.524375,1254.760514,1254.997365,1255.234931,1255.473215,1255.712220,1255.951950,1256.192407,1256.433594,1256.675514,1256.918171,1257.161567,1257.405706,1257.650492,1257.896125,1258.142510,1258.389650,1258.637548,1258.886207,1259.135632,1259.385824,1259.636787,1259.888524,1260.141039,1260.394336,1260.648416,1260.903284,1261.158942,1261.415395,1261.672674,1261.930726,1262.189582,1262.449246,1262.709721,1262.971011,1263.233152,1263.496082,1263.759838,1264.024422,1264.289839,1264.556092,1264.823185,1265.091120,1265.359903,1265.629536,1265.900023,1266.171368,1266.443575,1266.716647,1266.990588,1267.265402,1267.541092,1267.817663,1268.095118,1268.373462,1268.652697,1268.932829,1269.213860,1269.495795,1269.778637,1270.062392,1270.347062,1270.632651,1270.919165,1271.206606,1271.494980,1271.784289,1272.074538,1272.365732,1272.657874,1272.950969,1273.245021,1273.540034,1273.836013,1274.132961,1274.431328,1274.730228,1275.030112,1275.330982,1275.632844,1275.935605,1276.239463,1276.544326,1276.850199,1277.157085,1277.464990,1277.773918,1278.083874,1278.394827,1278.706852,1279.019918,1279.334030,1279.649194,1279.965413,1280.282693,1280.601038,1280.920454,1281.240944,1281.562515,1281.885170,1282.208915,1282.533864,1282.859803,1283.186848,1283.515002,1283.844272,1284.174661,1284.506175,1284.838820,1285.172600,1285.507521,1285.843547,1286.180766,1286.519140,1286.858677,1287.199414,1287.541291,1287.884345,1288.228584,1288.574011,1288.920633,1289.268455,1289.617483,1289.967722,1290.319178,1290.671857,1291.025764,1291.380905,1291.737286,1292.094912,1292.453790,1292.813926,1293.175324,1293.537992,1293.901953,1294.267177,1294.633688,1295.001493,1295.370597,1295.741006,1296.112727,1296.485766,1296.860129,1297.235822,1297.612853,1297.991226,1298.370948,1298.752027,1299.134467,1299.518277,1299.903462,1300.290029,1300.677984,1301.067335,1301.458087,1301.850248,1302.243824,1302.638822,1303.035249,1303.433112,1303.832418,1304.233173,1304.635385,1305.039068,1305.444214,1305.850838,1306.258948,1306.668709,1307.079810,1307.492418,1307.906540,1308.322183,1308.739355,1309.158063,1309.578315,1310.000119,1310.423481,1310.848409,1311.274912,1311.702997,1312.132671,1312.563942,1312.996819,1313.431309,1313.867420,1314.305159,1314.744536,1315.185558,1315.628150,1316.072487,1316.518493,1316.966176,1317.415546,1317.866611,1318.319378,1318.773856,1319.230110,1319.688036,1320.147700,1320.609109,1321.072273,1321.537199,1322.003897
1213.148674,1213.252338,1213.356231,1213.460495,1213.564850,1213.669437,1213.774257,1213.879311,1213.984598,1214.090084,1214.195842,1214.301837,1214.408068,1214.514673,1214.621381,1214.728329,1214.835517,1214.942945,1215.050616,1215.158529,1215.266772,1215.375172,1215.483817,1215.593000,1215.702137,1215.811521,1215.921154,1216.031034,1216.141165,1216.251546,1216.362177,1216.472999,1216.584136,1216.695526,1216.807171,1216.919071,1217.031226,1217.143639,1217.256310,1217.369239,1217.482427,1217.595876,1217.709586,1217.823557,1217.937792,1218.052563,1218.167326,1218.282354,1218.397649,1218.513210,1218.629040,1218.745138,1218.861506,1218.978145,1219.095055,1219.212238,1219.329694,1219.447424,1219.565430,1219.683711,1219.802270,1219.921106,1220.040221,1220.159743,1220.279418,1220.399336,1220.519575,1220.640098,1220.760905,1220.881998,1221.003377,1221.125043,1221.246998,1221.369241,1221.491775,1221.614600,1221.737876,1221.861286,1221.984990,1222.109105,1222.233401,1222.357993,1222.483054,1222.608244,1222.733733,1222.859524,1222.985617,1223.112013,1223.238713,1223.365718,1223.493029,1223.620648,1223.748575,1223.876811,1224.005357,1224.134215,1224.263386,1224.392870,1224.522669,1224.652784,1224.783215,1224.913964,1225.045032,1225.176421,1225.308130,1225.440162,1225.572518,1225.705197,1225.838203,1225.971535,1226.105203,1226.239192,1226.373511,1226.508233,1226.643216,1226.778533,1226.914185,1227.050172,1227.186497,1227.323160,1227.460162,1227.597505,1227.735190,1227.873218,1228.011591,1228.150308,1228.289373,1228.428785,1228.568547,1228.708689,1228.849152,1228.990054,1229.131224,1229.272750,1229.414632,1229.556872,1229.699471,1229.842431,1229.985752,1230.129436,1230.273484,1230.417898,1230.562679,1230.707804,1230.853322,1230.999230,1231.145491,1231.292125,1231.439103,1231.586489,1231.734252,1231.882393,1232.030892,1232.179795,1232.329203,1232.478874,1232.628930,1232.779374,1232.930305,1233.081527,1233.233140,1233.385146,1233.537615,1233.690411,1233.843604,1233.997195,1234.151186,1234.305578,1234.460374,1234.615573,1234.771179,1234.927192,1235.083613,1235.240471,1235.397714,1235.555371,1235.713443,1235.871931,1236.030836,1236.190162,1236.349908,1236.510076,1236.670669,1236.831687,1236.993133,1237.155007,1237.317452,1237.480123,1237.643293,1237.806898,1237.970941,1238.135421,1238.300342,1238.465705,1238.631511,1238.797762,1238.964460,1239.131606,1239.299202,1239.467250,1239.635751,1239.804708,1239.974121,1240.143993,1240.314317,1240.485112,1240.656370,1240.828094,1241.000285,1241.172945,1241.346077,1241.519681,1241.693759,1241.868415,1242.043448,1242.218961,1242.394955,1242.571433,1242.748397,1242.925848,1243.103788,1243.282219,1243.461144,1243.640563,1243.820478,1244.000824,1244.181847,1244.363264,1244.545186,1244.727615,1244.910551,1245.093998,1245.277958,1245.462431,1245.647421,1245.832930,1246.018958,1246.205509,1246.392585,1246.580186,1246.768317,1246.956978,1247.146204,1247.335933,1247.526198,1247.717002,1247.908347,1248.100336,1248.292870,1248.485851,1248.679382,1248.873464,1249.068101,1249.263293,1249.459152,1249.655464,1249.852338,1250.049778,1250.247784,1250.446361,1250.645509,1250.845231,1251.045530,1251.246407,1251.447865,1251.649913,1251.852601,1252.055817,1252.259622,1252.464021,1252.669014,1252.874605,1253.080796,1253.287590,1253.494988,1253.702993,1253.911703,1254.120930,1254.330772,1254.541231,1254.752309,1254.964010,1255.176336,1255.389288,1255.602871,1255.817085,1256.031935,1256.247422,1256.463550,1256.680320,1256.897735,1257.115799,1257.334513,1257.553881,1257.773905,1257.994587,1258.215931,1258.437939,1258.660615,1258.883960,1259.107977,1259.332571,1259.557942,1259.783993,1260.010729,1260.238151,1260.466262,1260.695066,1260.924565,1261.154761,1261.385659,1261.617261,1261.849570,1262.082589,1262.316320,1262.550768,1262.785934,1263.021850,1263.258463,1263.495804,1263.733876,1263.972682,1264.212258,1264.452541,1264.693569,1264.935343,1265.177866,1265.421143,1265.665176,1265.909968,1266.155523,1266.401844,1266.648934,1266.896797,1267.145435,1267.394853,1267.645053,1267.896038,1268.147813,1268.400381,1268.653744,1268.907907,1269.162873,1269.418645,1269.675227,1269.932622,1270.190834,1270.449866,1270.709722,1270.970406,1271.231921,1271.494270,1271.757458,1272.021488,1272.286364,1272.552089,1272.818667,1273.086102,1273.354397,1273.623557,1273.893585,1274.164484,1274.436260,1274.708915,1274.982899,1275.257325,1275.532643,1275.808855,1276.085967,1276.363983,1276.642905,1276.922642,1277.203390,1277.485059,1277.767650,1278.051169,1278.335620,1278.621006,1278.907299,1279.194569,1279.482789,1279.771960,1280.062089,1280.353179,1280.645234,1280.938260,1281.232259,1281.527237,1281.823198,1282.120147,1282.418088,1282.717025,1283.016963,1283.318015,1283.619968,1283.922936,1284.226923,1284.531934,1284.837974,1285.145046,1285.453157,1285.762310,1286.072511,1286.383722,1286.696032,1287.009404,1287.323842,1287.639384,1287.955971,1288.273638,1288.592393,1288.912238,1289.233180,1289.555224,1289.878374,1290.202636,1290.528015,1290.854516,1291.182144,1291.510905,1291.840804,1292.171845,1292.504035,1292.837379,1293.171881,1293.507548,1293.844385,1294.182416,1294.521609,1294.861989,1295.203561,1295.546331,1295.890303,1296.235485,1296.581881,1296.929498,1297.278340,1297.628415,1297.979727,1298.332282,1298.686087,1299.041147,1299.397469,1299.755057,1300.113919,1300.474061,1300.835487,1301.198206,1301.562222,1301.927541,1302.294171,1302.662117,1303.031386,1303.401984,1303.773917,1304.147192,1304.521816,1304.897800,1305.275139,1305.653846,1306.033927,1306.415390,1306.798399,1307.182643,1307.568288,1307.955342,1308.343809,1308.733699,1309.125017,1309.517770,1309.911966,1310.307611,1310.704712,1311.103277,1311.503313,1311.904826,1312.307825,1312.712316,1313.118307,1313.525804,1313.934816,1314.345350,1314.757413,1315.171013,1315.586075,1316.002771,1316.421027,1316.840850,1317.262248,1317.685229,1318.109801,1318.535972,1318.963748,1319.393195,1319.824209,1320.256853,1320.691136,1321.127065,1321.564650,1322.003897
1219.775313,1219.872902,1219.970708,1220.068729,1220.166968,1220.265424,1220.364099,1220.462993,1220.562106,1220.661440,1220.760995,1220.860710,1220.960710,1221.060932,1221.161379,1221.262050,1221.362947,1221.464070,1221.565419,1221.667270,1221.769076,1221.871110,1221.973374,1222.075869,1222.178595,1222.281553,1222.384743,1222.488167,1222.591825,1222.695718,1222.799847,1222.904212,1223.008814,1223.113655,1223.218734,1223.324052,1223.429611,1223.535411,1223.641580,1223.747864,1223.854352,1223.961124,1224.068141,1224.175404,1224.282913,1224.390670,1224.498675,1224.607088,1224.715592,1224.824346,1224.933352,1225.042610,1225.152121,1225.261886,1225.371906,1225.482182,1225.592713,1225.703503,1225.814550,1225.925952,1226.037538,1226.149365,1226.261454,1226.373805,1226.486590,1226.599468,1226.712612,1226.826021,1226.939698,1227.053642,1227.167854,1227.282336,1227.397088,1227.512112,1227.627408,1227.742977,1227.858820,1227.974938,1228.091331,1228.208002,1228.324950,1228.442177,1228.559684,1228.677542,1228.795610,1228.913961,1229.032596,1229.151514,1229.270718,1229.390208,1229.509985,1229.630051,1229.750413,1229.871058,1229.991994,1230.113222,1230.234744,1230.356559,1230.478670,1230.601077,1230.723781,1230.846814,1230.970115,1231.093717,1231.217620,1231.341825,1231.466418,1231.591231,1231.716350,1231.841774,1231.967507,1232.093548,1232.219899,1232.346560,1232.473533,1232.600819,1232.728420,1232.856335,1232.984584,1233.113133,1233.242000,1233.371187,1233.500694,1233.630523,1233.760675,1233.891127,1234.021927,1234.153055,1234.284448,1234.416231,1234.548344,1234.680788,1234.813593,1234.946702,1235.080145,1235.214023,1235.348115,1235.482690,1235.617483,1235.752616,1235.888091,1236.023908,1236.160070,1236.296576,1236.433429,1236.570630,1236.708180,1236.846148,1236.984399,1237.123003,1237.261961,1237.401274,1237.540944,1237.680971,1237.821357,1237.962104,1238.103212,1238.244683,1238.386545,1238.528746,1238.671314,1238.814250,1238.957556,1239.101232,1239.245281,1239.389703,1239.534500,1239.679674,1239.825225,1239.971155,1240.117541,1240.264233,1240.411309,1240.558769,1240.706616,1240.854850,1241.003472,1241.152486,1241.301890,1241.451688,1241.601881,1241.752469,1241.903456,1242.054841,1242.206626,1242.358814,1242.511405,1242.664401,1242.817803,1242.971614,1243.125825,1243.280456,1243.435499,1243.590957,1243.746931,1243.903221,1244.059930,1244.217060,1244.374611,1244.532585,1244.690985,1244.849811,1245.009066,1245.168750,1245.328866,1245.489415,1245.650399,1245.811819,1245.973785,1246.136083,1246.298822,1246.462004,1246.625631,1246.789635,1246.954157,1247.119128,1247.284550,1247.450426,1247.616757,1247.783545,1247.950791,1248.118497,1248.286665,1248.455297,1248.624395,1248.793959,1248.963993,1249.134532,1249.305509,1249.476961,1249.648890,1249.821297,1249.994183,1250.167552,1250.341506,1250.515844,1250.690771,1250.866086,1251.042001,1251.218301,1251.395096,1251.572389,1251.750181,1251.928473,1252.107269,1252.286570,1252.466377,1252.646694,1252.827521,1253.008862,1253.190717,1253.373096,1253.555988,1253.739400,1253.923336,1254.107858,1254.292846,1254.478364,1254.664413,1254.850996,1255.038114,1255.225771,1255.413967,1255.602706,1255.791989,1255.981818,1256.172291,1256.363220,1256.554702,1256.746739,1256.939334,1257.132488,1257.326205,1257.520486,1257.715333,1257.910749,1258.106737,1258.303297,1258.500434,1258.698149,1258.896444,1259.095322,1259.294785,1259.494835,1259.695476,1259.896708,1260.098536,1260.300961,1260.503985,1260.707611,1260.911842,1261.116680,1261.322029,1261.528088,1261.734762,1261.942052,1262.149963,1262.358495,1262.567652,1262.777437,1262.987851,1263.198898,1263.410579,1263.622899,1263.835859,1264.049462,1264.263710,1264.478607,1264.694183,1264.910385,1265.127243,1265.344792,1265.562972,1265.781816,1266.001328,1266.221510,1266.442366,1266.663897,1266.886107,1267.108999,1267.332575,1267.556839,1267.781794,1268.007441,1268.233785,1268.460828,1268.688573,1268.917023,1269.146181,1269.376050,1269.606634,1269.837934,1270.069955,1270.302699,1270.536169,1270.770369,1271.005302,1271.240970,1271.477377,1271.714526,1271.952421,1272.191064,1272.430458,1272.670608,1272.911515,1273.153184,1273.395618,1273.638820,1273.882793,1274.127541,1274.373067,1274.619374,1274.866466,1275.114347,1275.363019,1275.612486,1275.863198,1276.114266,1276.366139,1276.618822,1276.872318,1277.126629,1277.381761,1277.637716,1277.894498,1278.152013,1278.410460,1278.669745,1278.929871,1279.190843,1279.452664,1279.715304,1279.978835,1280.243226,1280.508481,1280.774605,1281.041601,1281.309472,1281.578223,1281.847858,1282.118381,1282.389795,1282.662105,1282.935314,1283.209427,1283.484448,1283.760381,1284.037338,1284.315106,1284.593799,1284.873420,1285.153973,1285.435463,1285.717894,1286.001271,1286.285596,1286.570876,1286.857113,1287.144272,1287.432439,1287.721577,1288.011724,1288.302818,1288.594896,1288.887963,1289.182024,1289.477084,1289.773145,1290.070214,1290.368296,1290.667393,1290.967512,1291.268657,1291.570832,1291.874043,1292.178294,1292.483590,1292.789936,1293.097337,1293.405797,1293.715322,1294.025916,1294.337602,1294.650350,1294.964183,1295.279104,1295.595121,1295.912237,1296.230458,1296.549788,1296.870234,1297.191801,1297.514493,1297.838316,1298.163275,1298.489375,1298.816623,1299.145023,1299.474581,1299.805302,1300.137192,1300.470256,1300.804499,1301.139929,1301.476549,1301.814366,1302.153385,1302.493613,1302.835054,1303.177715,1303.521601,1303.866719,1304.213073,1304.560671,1304.909518,1305.259626,1305.610989,1305.963619,1306.317522,1306.672704,1307.029331,1307.387091,1307.746148,1308.106509,1308.468181,1308.831169,1309.195481,1309.561122,1309.928099,1310.296418,1310.666086,1311.037110,1311.409495,1311.783250,1312.158380,1312.534892,1312.912792,1313.292089,1313.672787,1314.054895,1314.438419,1314.823367,1315.209744,1315.597476,1315.986734,1316.377444,1316.769612,1317.163246,1317.558353,1317.954940,1318.353014,1318.752583,1319.153709,1319.556290,1319.960388,1320.366010,1320.773165,1321.181859,1321.592101,1322.003897
1226.425711,1226.517171,1226.608832,1226.700696,1226.792762,1226.885031,1226.977505,1227.070183,1227.163066,1227.256284,1227.349580,1227.443044,1227.536755,1227.630675,1227.724964,1227.819304,1227.913853,1228.008614,1228.103587,1228.198773,1228.294172,1228.389784,1228.485612,1228.581654,1228.677913,1228.774388,1228.871081,1228.967991,1229.065121,1229.162470,1229.260039,1229.357829,1229.455841,1229.554075,1229.652532,1229.751308,1229.850213,1229.949343,1230.048700,1230.148303,1230.248114,1230.348152,1230.448419,1230.548916,1230.649815,1230.750773,1230.851963,1230.953386,1231.055043,1231.157005,1231.259130,1231.361491,1231.464088,1231.566923,1231.669995,1231.773306,1231.876857,1231.980648,1232.084680,1232.188954,1232.293471,1232.398231,1232.503236,1232.608486,1232.713981,1232.819724,1232.925713,1233.031952,1233.138470,1233.245208,1233.352196,1233.459436,1233.566936,1233.674682,1233.782682,1233.890937,1233.999448,1234.108302,1234.217327,1234.326611,1234.436155,1234.545958,1234.656023,1234.766350,1234.876939,1234.987793,1235.098911,1235.210313,1235.321963,1235.433880,1235.546065,1235.658520,1235.771245,1235.884240,1235.997508,1236.111048,1236.224863,1236.338951,1236.453316,1236.567957,1236.682875,1236.798072,1236.913549,1237.029305,1237.145343,1237.261579,1237.378183,1237.495070,1237.612243,1237.729802,1237.847548,1237.965583,1238.083906,1238.202520,1238.321454,1238.440651,1238.560142,1238.679926,1238.800128,1238.920480,1239.041154,1239.162125,1239.283396,1239.404967,1239.526840,1239.649015,1239.771494,1239.894278,1240.017367,1240.140762,1240.264535,1240.388547,1240.512870,1240.637503,1240.762449,1240.887708,1241.013282,1241.139171,1241.265376,1241.391900,1241.518742,1241.645904,1241.773414,1241.901219,1242.029348,1242.157802,1242.286581,1242.415687,1242.545121,1242.674885,1242.804912,1242.935338,1243.066096,1243.197329,1243.328756,1243.460520,1243.592621,1243.725061,1243.857841,1243.990962,1244.124426,1244.258233,1244.392385,1244.526884,1244.661730,1244.796924,1244.932469,1245.068364,1245.204613,1245.341215,1245.478172,1245.615485,1245.753258,1245.891288,1246.029670,1246.168422,1246.307537,1246.447016,1246.586861,1246.727073,1246.867653,1247.008603,1247.149924,1247.291617,1247.433684,1247.576126,1247.718945,1247.862141,1248.005825,1248.149782,1248.294121,1248.438843,1248.583950,1248.729444,1248.875325,1249.021596,1249.168258,1249.315311,1249.462759,1249.610532,1249.758771,1249.907409,1250.056446,1250.205884,1250.355724,1250.505969,1250.656619,1250.807677,1250.959143,1251.111020,1251.263308,1251.416043,1251.569160,1251.722693,1251.876645,1252.031016,1252.185808,1252.341023,1252.496663,1252.652837,1252.809432,1252.966355,1253.123709,1253.281596,1253.439817,1253.598474,1253.757569,1253.917103,1254.077078,1254.237496,1254.398359,1254.559667,1254.721424,1254.883630,1255.046287,1255.209398,1255.372970,1255.536992,1255.701473,1255.866413,1256.031816,1256.197682,1256.364014,1256.530874,1256.698143,1256.865883,1257.034095,1257.202783,1257.371947,1257.541589,1257.711712,1257.882317,1258.053406,1258.224982,1258.397140,1258.569693,1258.742738,1258.916277,1259.090312,1259.264844,1259.439876,1259.615410,1259.791447,1259.967990,1260.145041,1260.322602,1260.500674,1260.679260,1260.858362,1261.037981,1261.218121,1261.398783,1261.579969,1261.761681,1261.943921,1262.126692,1262.309996,1262.493835,1262.678210,1262.863125,1263.048580,1263.234481,1263.421026,1263.608119,1263.795762,1263.983957,1264.172707,1264.362014,1264.551880,1264.742308,1264.933299,1265.124856,1265.316982,1265.509678,1265.702947,1265.896791,1266.091214,1266.286244,1266.481861,1266.678031,1266.874788,1267.072134,1267.270073,1267.468606,1267.667737,1267.867467,1268.067799,1268.268736,1268.470279,1268.672432,1268.875198,1269.078578,1269.282575,1269.487192,1269.692431,1269.898295,1270.104787,1270.311909,1270.519664,1270.728054,1270.937083,1271.146752,1271.357066,1271.568025,1271.779634,1271.991894,1272.204808,1272.418381,1272.632613,1272.847508,1273.063068,1273.279298,1273.496198,1273.713773,1273.932025,1274.150957,1274.370572,1274.590872,1274.811861,1275.033542,1275.255918,1275.478991,1275.702765,1275.927243,1276.152427,1276.378321,1276.605373,1276.832696,1277.060738,1277.289502,1277.518991,1277.749208,1277.980156,1278.211840,1278.444261,1278.677423,1278.911330,1279.145887,1279.381291,1279.617450,1279.854367,1280.092043,1280.330450,1280.569658,1280.809637,1281.050390,1281.291921,1281.534232,1281.777328,1282.021211,1282.265886,1282.511356,1282.757624,1283.004694,1283.252569,1283.501253,1283.750750,1284.001063,1284.252195,1284.504151,1284.756934,1285.010657,1285.265106,1285.520392,1285.776521,1286.033495,1286.291319,1286.549997,1286.809531,1287.069927,1287.331187,1287.593316,1287.856277,1288.120156,1288.384948,1288.650591,1288.917124,1289.184549,1289.452870,1289.722093,1289.992220,1290.263256,1290.535205,1290.808071,1291.081859,1291.356572,1291.632215,1291.908792,1292.186308,1292.464766,1292.744171,1293.024527,1293.305840,1293.588112,1293.871349,1294.155554,1294.440733,1294.726908,1295.014048,1295.302174,1295.591292,1295.881406,1296.172521,1296.464641,1296.757771,1297.051916,1297.347080,1297.643269,1297.940487,1298.238738,1298.538028,1298.838362,1299.139744,1299.442179,1299.745672,1300.050229,1300.355853,1300.662551,1300.970328,1301.279187,1301.589135,1301.900177,1302.212317,1302.525561,1302.839915,1303.155382,1303.471970,1303.789682,1304.108525,1304.428504,1304.749624,1305.071890,1305.395315,1305.719891,1306.045630,1306.372537,1306.700619,1307.030040,1307.360487,1307.692125,1308.024961,1308.358998,1308.694245,1309.030705,1309.368386,1309.707293,1310.047431,1310.388808,1310.731428,1311.075298,1311.420424,1311.766812,1312.114468,1312.463399,1312.813610,1313.165108,1313.517899,1313.871989,1314.227384,1314.584092,1314.942118,1315.301469,1315.662069,1316.024089,1316.387454,1316.752170,1317.118244,1317.485681,1317.854490,1318.224677,1318.596249,1318.969212,1319.343628,1319.719395,1320.096574,1320.475172,1320.855196,1321.236654,1321.619552,1322.003897
1233.100194,1233.185469,1233.270931,1233.356581,1233.442419,1233.528447,1233.614664,1233.701071,1233.787669,1233.874627,1233.961609,1234.048783,1234.136151,1234.223713,1234.311469,1234.399441,1234.487588,1234.575932,1234.664472,1234.753210,1234.842147,1234.931453,1235.020788,1235.110322,1235.200058,1235.289995,1235.380134,1235.470476,1235.561021,1235.651770,1235.742755,1235.833914,1235.925279,1236.016850,1236.108629,1236.200616,1236.292811,1236.385216,1236.477831,1236.570656,1236.663693,1236.756941,1236.850403,1236.944077,1237.038052,1237.132155,1237.226474,1237.321009,1237.415761,1237.510739,1237.605927,1237.701352,1237.796978,1237.892826,1237.988894,1238.085184,1238.181696,1238.278432,1238.375392,1238.472577,1238.569988,1238.667624,1238.765488,1238.863580,1238.961900,1239.060449,1239.159228,1239.258238,1239.357480,1239.456954,1239.556661,1239.656602,1239.756778,1239.857189,1239.957836,1240.058720,1240.159842,1240.261203,1240.362902,1240.464682,1240.566763,1240.669086,1240.771652,1240.874437,1240.977491,1241.080789,1241.184333,1241.288124,1241.392163,1241.496450,1241.600986,1241.705772,1241.810809,1241.916127,1242.021668,1242.127463,1242.233635,1242.339939,1242.446500,1242.553317,1242.660369,1242.767703,1242.875296,1242.983150,1243.091265,1243.199643,1243.308284,1243.417188,1243.526358,1243.635794,1243.745496,1243.855535,1243.965773,1244.076281,1244.187060,1244.298110,1244.409433,1244.521028,1244.632898,1244.745043,1244.857465,1244.970163,1245.083140,1245.196421,1245.309957,1245.423773,1245.537872,1245.652187,1245.766852,1245.881803,1245.997039,1246.112562,1246.228373,1246.344614,1246.461004,1246.577685,1246.694658,1246.811924,1246.929484,1247.047339,1247.165491,1247.283939,1247.402686,1247.521732,1247.641078,1247.760726,1247.880677,1248.001032,1248.121591,1248.242455,1248.363627,1248.485106,1248.606894,1248.728993,1248.851402,1248.974124,1249.097160,1249.220501,1249.344167,1249.468150,1249.592451,1249.717071,1249.842011,1249.967273,1250.092966,1250.218875,1250.345108,1250.471667,1250.598554,1250.725769,1250.853314,1250.981190,1251.109398,1251.237940,1251.366816,1251.496028,1251.625576,1251.755463,1251.885690,1252.016257,1252.147166,1252.278419,1252.410016,1252.541889,1252.674179,1252.806817,1252.939805,1253.073143,1253.206834,1253.340878,1253.475277,1253.610032,1253.745178,1253.880649,1254.016480,1254.152673,1254.289229,1254.426149,1254.563542,1254.701194,1254.839214,1254.977604,1255.116365,1255.255600,1255.395107,1255.534989,1255.675248,1255.815885,1255.957002,1256.098399,1256.240179,1256.382342,1256.524891,1256.667826,1256.811149,1256.954862,1257.098966,1257.243463,1257.388353,1257.533646,1257.679330,1257.825411,1257.971893,1258.118777,1258.266064,1258.413755,1258.561853,1258.710358,1258.859273,1259.008660,1259.158398,1259.308551,1259.459119,1259.610105,1259.761509,1259.913334,1260.065582,1260.218253,1260.371349,1260.524873,1260.678825,1260.833303,1260.988118,1261.143367,1261.299051,1261.455173,1261.611733,1261.768734,1261.926177,1262.084065,1262.242398,1262.401179,1262.560409,1262.720090,1262.880224,1263.040813,1263.201858,1263.363361,1263.525324,1263.687750,1263.850639,1264.013993,1264.177815,1264.342106,1264.506868,1264.672103,1264.837813,1265.004000,1265.170666,1265.337713,1265.505342,1265.673454,1265.842054,1266.011141,1266.180719,1266.350789,1266.521353,1266.692414,1266.863973,1267.036031,1267.208593,1267.381658,1267.555230,1267.729342,1267.903932,1268.079063,1268.254681,1268.430815,1268.607468,1268.784642,1268.962338,1269.140560,1269.319309,1269.498588,1269.678398,1269.858742,1270.039622,1270.221040,1270.402998,1270.585499,1270.768545,1270.952138,1271.136280,1271.320974,1271.506221,1271.692025,1271.878387,1272.065310,1272.252796,1272.440848,1272.629467,1272.818656,1273.008418,1273.198755,1273.389669,1273.581163,1273.773239,1273.965899,1274.159146,1274.352983,1274.547412,1274.742436,1274.938056,1275.134276,1275.331097,1275.528523,1275.726557,1275.925199,1276.124454,1276.324324,1276.524811,1276.725919,1276.927648,1277.130004,1277.333432,1277.537046,1277.741293,1277.946176,1278.151698,1278.357862,1278.564669,1278.772124,1278.980228,1279.188984,1279.398397,1279.608467,1279.819198,1280.030593,1280.242557,1280.455288,1280.668692,1280.882771,1281.097494,1281.312932,1281.529055,1281.745864,1281.963364,1282.181557,1282.400446,1282.620034,1282.840325,1283.061321,1283.283025,1283.505440,1283.728570,1283.952418,1284.176987,1284.402280,1284.628299,1284.855050,1285.082534,1285.310755,1285.539715,1285.769528,1285.999979,1286.231180,1286.463135,1286.695845,1286.929316,1287.163550,1287.398551,1287.634322,1287.870867,1288.108189,1288.346291,1288.585177,1288.824810,1289.065308,1289.306567,1289.548624,1289.791484,1290.035148,1290.279622,1290.524908,1290.771010,1291.017932,1291.265678,1291.514251,1291.763655,1292.013895,1292.264972,1292.516893,1292.769659,1293.023276,1293.277746,1293.533075,1293.789265,1294.046321,1294.304247,1294.563046,1294.822723,1295.083281,1295.344744,1295.607078,1295.870306,1296.134431,1296.399459,1296.665394,1296.932238,1297.199998,1297.468676,1297.738277,1298.008805,1298.280266,1298.552662,1298.825999,1299.100280,1299.375510,1299.651694,1299.928836,1300.206940,1300.486011,1300.766054,1301.047073,1301.329072,1301.612056,1301.896030,1302.180998,1302.466966,1302.753937,1303.041916,1303.330909,1303.620920,1303.911954,1304.204015,1304.497109,1304.791240,1305.086414,1305.382635,1305.679914,1305.978245,1306.277637,1306.578097,1306.879629,1307.182398,1307.486091,1307.790871,1308.096744,1308.403715,1308.711790,1309.020974,1309.331272,1309.642689,1309.955231,1310.268903,1310.583712,1310.899661,1311.216757,1311.535005,1311.854410,1312.174980,1312.496718,1312.819631,1313.143724,1313.469003,1313.795475,1314.123144,1314.452016,1314.782098,1315.113395,1315.445913,1315.779575,1316.114554,1316.450771,1316.788234,1317.126948,1317.466920,1317.808155,1318.150661,1318.494442,1318.839506,1319.185913,1319.533561,1319.882510,1320.232767,1320.584338,1320.937230,1321.291450,1321.647003,1322.003897
1239.798751,1239.877786,1239.956994,1240.036376,1240.116018,1240.195749,1240.275654,1240.355736,1240.436013,1240.516448,1240.597061,1240.677851,1240.758820,1240.839969,1240.921297,1241.002805,1241.084494,1241.166365,1241.248418,1241.330653,1241.413072,1241.495674,1241.578460,1241.661432,1241.744596,1241.827939,1241.911469,1241.995186,1242.079091,1242.163184,1242.247466,1242.331938,1242.416601,1242.501454,1242.586499,1242.671736,1242.757165,1242.842788,1242.928605,1243.014617,1243.100824,1243.187227,1243.273926,1243.360722,1243.447716,1243.534909,1243.622300,1243.709892,1243.797683,1243.885616,1243.973810,1244.062207,1244.150806,1244.239610,1244.328617,1244.417830,1244.507248,1244.596849,1244.686680,1244.776719,1244.866967,1244.957423,1245.048090,1245.138966,1245.230054,1245.321353,1245.412865,1245.504591,1245.596530,1245.688683,1245.781082,1245.873789,1245.966591,1246.059610,1246.152848,1246.246304,1246.339981,1246.433877,1246.527971,1246.622310,1246.716872,1246.811658,1246.906667,1247.001901,1247.097361,1247.193048,1247.288961,1247.385102,1247.481472,1247.578071,1247.674969,1247.772030,1247.869322,1247.966846,1248.064604,1248.162596,1248.260823,1248.359286,1248.457985,1248.556922,1248.656030,1248.755444,1248.855097,1248.955017,1249.055152,1249.155529,1249.256149,1249.357013,1249.458122,1249.559476,1249.661218,1249.763066,1249.865162,1249.967507,1250.070102,1250.172947,1250.276044,1250.379495,1250.483097,1250.586954,1250.691065,1250.795433,1250.900057,1251.004939,1251.110079,1251.215479,1251.321139,1251.427060,1251.533244,1251.639691,1251.746402,1251.853377,1251.960619,1252.068127,1252.175903,1252.283948,1252.392371,1252.500948,1252.609804,1252.718933,1252.828336,1252.938013,1253.047965,1253.158193,1253.268699,1253.379483,1253.490547,1253.601890,1253.713516,1253.825423,1253.937613,1254.050088,1254.162849,1254.275895,1254.389229,1254.502851,1254.616763,1254.730965,1254.845459,1254.960245,1255.075325,1255.190699,1255.306369,1255.422336,1255.538601,1255.655096,1255.771960,1255.889124,1256.006591,1256.124361,1256.242436,1256.360850,1256.479536,1256.598638,1256.717942,1256.837555,1256.957479,1257.077715,1257.198265,1257.319130,1257.440310,1257.561807,1257.683621,1257.805755,1257.928210,1258.051087,1258.174185,1258.297608,1258.421355,1258.545429,1258.669830,1258.794660,1258.919720,1259.045111,1259.170834,1259.296891,1259.423283,1259.550011,1259.677076,1259.804479,1259.932230,1260.060314,1260.188741,1260.317512,1260.446628,1260.576089,1260.705899,1260.836057,1260.966566,1261.097426,1261.228638,1261.360205,1261.492128,1261.624468,1261.757105,1261.890102,1262.023460,1262.157180,1262.291263,1262.425712,1262.560527,1262.695710,1262.831262,1262.967185,1263.103480,1263.240148,1263.377286,1263.514705,1263.652502,1263.790678,1263.929235,1264.068175,1264.207497,1264.347205,1264.487299,1264.627781,1264.768653,1264.909916,1265.051571,1265.193621,1265.336066,1265.478908,1265.622149,1265.765790,1265.909833,1266.054279,1266.199131,1266.344388,1266.490054,1266.636129,1266.782616,1266.929516,1267.076830,1267.224560,1267.372708,1267.521177,1267.670166,1267.819577,1267.969413,1268.119674,1268.270364,1268.421483,1268.573033,1268.725016,1268.877433,1269.030319,1269.183611,1269.337343,1269.491516,1269.646132,1269.801194,1269.956730,1270.112687,1270.269095,1270.425954,1270.583268,1270.741037,1270.899264,1271.057951,1271.217099,1271.376710,1271.536787,1271.697330,1271.858342,1272.019825,1272.181781,1272.344211,1272.507118,1272.670503,1272.834369,1272.998717,1273.163549,1273.328867,1273.494674,1273.660971,1273.827760,1273.995043,1274.162823,1274.331101,1274.499880,1274.669160,1274.838946,1275.009238,1275.180038,1275.351350,1275.523174,1275.695513,1275.868369,1276.041745,1276.215641,1276.390062,1276.565008,1276.740482,1276.916486,1277.093023,1277.270094,1277.447702,1277.625848,1277.804536,1277.983768,1278.163545,1278.344317,1278.525193,1278.706621,1278.888605,1279.071146,1279.254247,1279.437909,1279.622136,1279.806930,1279.992294,1280.178228,1280.364737,1280.551823,1280.739487,1280.927733,1281.116562,1281.305978,1281.495982,1281.686481,1281.877637,1282.069423,1282.261809,1282.454795,1282.648386,1282.842584,1283.037390,1283.232809,1283.428842,1283.625493,1283.822763,1284.020656,1284.219174,1284.418320,1284.618097,1284.818507,1285.019553,1285.221238,1285.423565,1285.626536,1285.830154,1286.034422,1286.239344,1286.444921,1286.651156,1286.858162,1287.065724,1287.273953,1287.482852,1287.692424,1287.902673,1288.113600,1288.325210,1288.537504,1288.750487,1288.964161,1289.178529,1289.393595,1289.609353,1289.825822,1290.042998,1290.260884,1290.479483,1290.698797,1290.918831,1291.139588,1291.361070,1291.583281,1291.806224,1292.029902,1292.254320,1292.479479,1292.705384,1292.932038,1293.159444,1293.387605,1293.616525,1293.846208,1294.076656,1294.307874,1294.539864,1294.772630,1295.006176,1295.240506,1295.475622,1295.711547,1295.948248,1296.185746,1296.424045,1296.663150,1296.903063,1297.143788,1297.385329,1297.627691,1297.870875,1298.114887,1298.359730,1298.605407,1298.851924,1299.099283,1299.347488,1299.596544,1299.846454,1300.097223,1300.348853,1300.601350,1300.854717,1301.108959,1301.364078,1301.620080,1301.876969,1302.134748,1302.393422,1302.652995,1302.913472,1303.174855,1303.437151,1303.700362,1303.964493,1304.229549,1304.495534,1304.762452,1305.030308,1305.299106,1305.568850,1305.839552,1306.111202,1306.383813,1306.657388,1306.931932,1307.207610,1307.484106,1307.761585,1308.040052,1308.319511,1308.599967,1308.881425,1309.163890,1309.447366,1309.731858,1310.017371,1310.303910,1310.591480,1310.880086,1311.169733,1311.460426,1311.752169,1312.044968,1312.338829,1312.633755,1312.929753,1313.226827,1313.524983,1313.824225,1314.124560,1314.425992,1314.728527,1315.032171,1315.336927,1315.642803,1315.949720,1316.257850,1316.567115,1316.877522,1317.189074,1317.501779,1317.815642,1318.130668,1318.446863,1318.764234,1319.082840,1319.402577,1319.723507,1320.045634,1320.368966,1320.693509,1321.019267,1321.346247,1321.674455,1322.003897
1246.520948,1246.593688,1246.666588,1246.739647,1246.812866,1246.886245,1246.959785,1247.033486,1247.107349,1247.181375,1247.255563,1247.329915,1247.404431,1247.479111,1247.553896,1247.628906,1247.704082,1247.779425,1247.854935,1247.930612,1248.006458,1248.082472,1248.158655,1248.235008,1248.311531,1248.388225,1248.465090,1248.542103,1248.619313,1248.696695,1248.774251,1248.851980,1248.929885,1249.007964,1249.086219,1249.164651,1249.243259,1249.322045,1249.401009,1249.480151,1249.559472,1249.638973,1249.718777,1249.798640,1249.878713,1249.958939,1250.039347,1250.119939,1250.200714,1250.281674,1250.362819,1250.444149,1250.525666,1250.607346,1250.689237,1250.771316,1250.853583,1250.936040,1251.018687,1251.101524,1251.184552,1251.267772,1251.351185,1251.434790,1251.518590,1251.602583,1251.686840,1251.771224,1251.855804,1251.940516,1252.025490,1252.110663,1252.196034,1252.281605,1252.367377,1252.453349,1252.539522,1252.625898,1252.712476,1252.799284,1252.886271,1252.973563,1253.060960,1253.148563,1253.236514,1253.324531,1253.412757,1253.501191,1253.589836,1253.678691,1253.767756,1253.857034,1253.946524,1254.036228,1254.126145,1254.216278,1254.306625,1254.397189,1254.487970,1254.578968,1254.670185,1254.761620,1254.853386,1254.945262,1255.037359,1255.129679,1255.222222,1255.314988,1255.407979,1255.501194,1255.594636,1255.688304,1255.782200,1255.876325,1255.970669,1256.065253,1256.160066,1256.255111,1256.350389,1256.445899,1256.541643,1256.637622,1256.733836,1256.830287,1256.926975,1257.023900,1257.121065,1257.218469,1257.316113,1257.413998,1257.512126,1257.610497,1257.709111,1257.807970,1257.907075,1258.006425,1258.106023,1258.205870,1258.305965,1258.406310,1258.506905,1258.607753,1258.708852,1258.810313,1258.911921,1259.013748,1259.115866,1259.218242,1259.320875,1259.423768,1259.526920,1259.630333,1259.734007,1259.837944,1259.942144,1260.046608,1260.151338,1260.256335,1260.361598,1260.467130,1260.572931,1260.679002,1260.785344,1260.892059,1260.998947,1261.106108,1261.213544,1261.321257,1261.429246,1261.537513,1261.646060,1261.754886,1261.864094,1261.973483,1262.083156,1262.193113,1262.303355,1262.413890,1262.524705,1262.635809,1262.747202,1262.858885,1262.970860,1263.083127,1263.195688,1263.308544,1263.421696,1263.535144,1263.648890,1263.762936,1263.877281,1263.991928,1264.106877,1264.222129,1264.337687,1264.453550,1264.569780,1264.686258,1264.803045,1264.920143,1265.037552,1265.155273,1265.273308,1265.391659,1265.510325,1265.629309,1265.748611,1265.868233,1265.988270,1266.108536,1266.229124,1266.350037,1266.471275,1266.592841,1266.714735,1266.836958,1266.959512,1267.082398,1267.205618,1267.329172,1267.453061,1267.577288,1267.701852,1267.826757,1267.952002,1268.077590,1268.203521,1268.329797,1268.456419,1268.583388,1268.710707,1268.838375,1268.966395,1269.094768,1269.223494,1269.352577,1269.482016,1269.611814,1269.741971,1269.872391,1270.003272,1270.134516,1270.266126,1270.398103,1270.530480,1270.663194,1270.796279,1270.929737,1271.063569,1271.197776,1271.332359,1271.467321,1271.602663,1271.738386,1271.874492,1272.011010,1272.147886,1272.285149,1272.422801,1272.560843,1272.699277,1272.838104,1272.977327,1273.116946,1273.256963,1273.397379,1273.538197,1273.679418,1273.821043,1273.963075,1274.105514,1274.248362,1274.391621,1274.535293,1274.679379,1274.823881,1274.968800,1275.114139,1275.259899,1275.406081,1275.552687,1275.699720,1275.847180,1275.995070,1276.143390,1276.292144,1276.441333,1276.590957,1276.741020,1276.891523,1277.042468,1277.193856,1277.345690,1277.497971,1277.650701,1277.803881,1277.957514,1278.111602,1278.266146,1278.421149,1278.576611,1278.732536,1278.888924,1279.045778,1279.203100,1279.361338,1279.519601,1279.678338,1279.837550,1279.997240,1280.157409,1280.318060,1280.479194,1280.640813,1280.802920,1280.965517,1281.128604,1281.292186,1281.456263,1281.620837,1281.785912,1281.951488,1282.117568,1282.284154,1282.451249,1282.618853,1282.786936,1282.955471,1283.124620,1283.294287,1283.464476,1283.635188,1283.806425,1283.978191,1284.150486,1284.323313,1284.496676,1284.670575,1284.845013,1285.019992,1285.195515,1285.371584,1285.548201,1285.725369,1285.903090,1286.081367,1286.260201,1286.439595,1286.619552,1286.800074,1286.981164,1287.162823,1287.345054,1287.527861,1287.711244,1287.895317,1288.079862,1288.264993,1288.450710,1288.637018,1288.823918,1289.011413,1289.199506,1289.388199,1289.577495,1289.767396,1289.957905,1290.149058,1290.340792,1290.533100,1290.726069,1290.919659,1291.113873,1291.308714,1291.504185,1291.700289,1291.897028,1292.094405,1292.292423,1292.491085,1292.690393,1292.890351,1293.090961,1293.292227,1293.494151,1293.696736,1293.899985,1294.103901,1294.308488,1294.513747,1294.719682,1294.926296,1295.133593,1295.341574,1295.550244,1295.759605,1295.969661,1296.180414,1296.391885,1296.604043,1296.816908,1297.030482,1297.244771,1297.459776,1297.675500,1297.891949,1298.109123,1298.327027,1298.545665,1298.765038,1298.985152,1299.206009,1299.427612,1299.649965,1299.873072,1300.096935,1300.321559,1300.546946,1300.773101,1301.000027,1301.227727,1301.456205,1301.685465,1301.915509,1302.146343,1302.377968,1302.610390,1302.843612,1303.077637,1303.312469,1303.548113,1303.784571,1304.021847,1304.259946,1304.498871,1304.738626,1304.979214,1305.220641,1305.462909,1305.706023,1305.949987,1306.194811,1306.440485,1306.687022,1306.934424,1307.182696,1307.432001,1307.682025,1307.932931,1308.184723,1308.437406,1308.690983,1308.945460,1309.200839,1309.457127,1309.714326,1309.972441,1310.231477,1310.491438,1310.752328,1311.014151,1311.276914,1311.540618,1311.805270,1312.070874,1312.337435,1312.604956,1312.873443,1313.142900,1313.413332,1313.684743,1313.957139,1314.230524,1314.504902,1314.780280,1315.056661,1315.334050,1315.612452,1315.891790,1316.172234,1316.453706,1316.736211,1317.019754,1317.304340,1317.589975,1317.876663,1318.164409,1318.453220,1318.743099,1319.034107,1319.326140,1319.619258,1319.913466,1320.208769,1320.505173,1320.802683,1321.101306,1321.401045,1321.701907,1322.003897
1253.266550,1253.332943,1253.399480,1253.466161,1253.532989,1253.599962,1253.667082,1253.734348,1253.801884,1253.869446,1253.937156,1254.005014,1254.073022,1254.141209,1254.209516,1254.277974,1254.346583,1254.415343,1254.484255,1254.553320,1254.622538,1254.691909,1254.761434,1254.831114,1254.900924,1254.970914,1255.041059,1255.111361,1255.181820,1255.252436,1255.323210,1255.394143,1255.465168,1255.536419,1255.607830,1255.679401,1255.751132,1255.823026,1255.895251,1255.967469,1256.039850,1256.112394,1256.185102,1256.257975,1256.331013,1256.404216,1256.477586,1256.551123,1256.624826,1256.698698,1256.772737,1256.846946,1256.921350,1256.996040,1257.070759,1257.145648,1257.220710,1257.295943,1257.371349,1257.446929,1257.522682,1257.598720,1257.674823,1257.751101,1257.827556,1257.904188,1257.980996,1258.057983,1258.135148,1258.212493,1258.290017,1258.367721,1258.445606,1258.523673,1258.601921,1258.680353,1258.758967,1258.837766,1258.916749,1258.995917,1259.075271,1259.154811,1259.234539,1259.314453,1259.394556,1259.474848,1259.555330,1259.636001,1259.716855,1259.797909,1259.879154,1259.960593,1260.042224,1260.124050,1260.206070,1260.288286,1260.370697,1260.453305,1260.536111,1260.619114,1260.702316,1260.785717,1260.869318,1260.953120,1261.037124,1261.121329,1261.205737,1261.290456,1261.375271,1261.460291,1261.545517,1261.630949,1261.716588,1261.802434,1261.888489,1261.974786,1262.061259,1262.147943,1262.234839,1262.321946,1262.409265,1262.496730,1262.584477,1262.672439,1262.760617,1262.849011,1262.937622,1263.026451,1263.115499,1263.204766,1263.294253,1263.383961,1263.473891,1263.564043,1263.654419,1263.745018,1263.835843,1263.926893,1264.018271,1264.109774,1264.201506,1264.293466,1264.385656,1264.478076,1264.570728,1264.663611,1264.756728,1264.850078,1264.943662,1265.037489,1265.131646,1265.225939,1265.320469,1265.415239,1265.510248,1265.605498,1265.700988,1265.796721,1265.892697,1265.988917,1266.085381,1266.182091,1266.279048,1266.376252,1266.473704,1266.571405,1266.669356,1266.767558,1266.866012,1266.964719,1267.063680,1267.162895,1267.262365,1267.362092,1267.462077,1267.562380,1267.662882,1267.763644,1267.864667,1267.965953,1268.067501,1268.169313,1268.271390,1268.373734,1268.476344,1268.579222,1268.682369,1268.785785,1268.889473,1268.993527,1269.097759,1269.202265,1269.307046,1269.412103,1269.517437,1269.623049,1269.728939,1269.835110,1269.941561,1270.048295,1270.155312,1270.262612,1270.370199,1270.478071,1270.586231,1270.694679,1270.803417,1270.912445,1271.021765,1271.131377,1271.241284,1271.351485,1271.461983,1271.572778,1271.683871,1271.795263,1271.906957,1272.018951,1272.131249,1272.243883,1272.356790,1272.469904,1272.583425,1272.697254,1272.811393,1272.925843,1273.040605,1273.155680,1273.271070,1273.386776,1273.502798,1273.619139,1273.735799,1273.852780,1273.970083,1274.087709,1274.205687,1274.323963,1274.442565,1274.561496,1274.680756,1274.800346,1274.920269,1275.040525,1275.161115,1275.282041,1275.403304,1275.524905,1275.646846,1275.769129,1275.891753,1276.014721,1276.138035,1276.261694,1276.385702,1276.510058,1276.634765,1276.759824,1276.885236,1277.011003,1277.137126,1277.263606,1277.390445,1277.517644,1277.645205,1277.773129,1277.901418,1278.030072,1278.159094,1278.288485,1278.418246,1278.548379,1278.678886,1278.809767,1278.941024,1279.072659,1279.204674,1279.337069,1279.469847,1279.603008,1279.736555,1279.870489,1280.004812,1280.139525,1280.274629,1280.410126,1280.546018,1280.682754,1280.819441,1280.956527,1281.094015,1281.231905,1281.370200,1281.508902,1281.648011,1281.787529,1281.927459,1282.067801,1282.208558,1282.349731,1282.491323,1282.633333,1282.775765,1282.918620,1283.061900,1283.205606,1283.349741,1283.494305,1283.639302,1283.784698,1283.930563,1284.076866,1284.223608,1284.370790,1284.518318,1284.666388,1284.814904,1284.963868,1285.113282,1285.263148,1285.413468,1285.564244,1285.715477,1285.867170,1286.019324,1286.171942,1286.325025,1286.478575,1286.632594,1286.787085,1286.942049,1287.097488,1287.253404,1287.409800,1287.566677,1287.724037,1287.881882,1288.040215,1288.199037,1288.358350,1288.518158,1288.678461,1288.839262,1289.000562,1289.162474,1289.324781,1289.487595,1289.650917,1289.814750,1289.979095,1290.143956,1290.309334,1290.475232,1290.641652,1290.808628,1290.976098,1291.144097,1291.312626,1291.481689,1291.651246,1291.821382,1291.992058,1292.163276,1292.335039,1292.507350,1292.680210,1292.853622,1293.027588,1293.202111,1293.377194,1293.552838,1293.729046,1293.905821,1294.083165,1294.261081,1294.439571,1294.618637,1294.798283,1294.978510,1295.159322,1295.340720,1295.522709,1295.705289,1295.888464,1296.072236,1296.256608,1296.441583,1296.627164,1296.813352,1297.000170,1297.187582,1297.375611,1297.564259,1297.753529,1297.943423,1298.133945,1298.325097,1298.516882,1298.709303,1298.902362,1299.096063,1299.290408,1299.485401,1299.681045,1299.877341,1300.074294,1300.271905,1300.470179,1300.669119,1300.868726,1301.069005,1301.269957,1301.471588,1301.673898,1301.876893,1302.080574,1302.284945,1302.490008,1302.695768,1302.902228,1303.109390,1303.317257,1303.525834,1303.735123,1303.945128,1304.155851,1304.367297,1304.579468,1304.792368,1305.006001,1305.220369,1305.435476,1305.651326,1305.867922,1306.085267,1306.303372,1306.522227,1306.741841,1306.962219,1307.183365,1307.405440,1307.628130,1307.851598,1308.075848,1308.300883,1308.526707,1308.753324,1308.980737,1309.208950,1309.437967,1309.667792,1309.898428,1310.129880,1310.362151,1310.595245,1310.829166,1311.063918,1311.299505,1311.535931,1311.773199,1312.011315,1312.250281,1312.490103,1312.730783,1312.972327,1313.214738,1313.458021,1313.702179,1313.947217,1314.193140,1314.439950,1314.687654,1314.936254,1315.185755,1315.436162,1315.687479,1315.939628,1316.192779,1316.446852,1316.701854,1316.957787,1317.214658,1317.472469,1317.731227,1317.990935,1318.251599,1318.513222,1318.775810,1319.039422,1319.303953,1319.569463,1319.835956,1320.103438,1320.371913,1320.641387,1320.911863,1321.183347,1321.455844,1321.729359,1322.003897
1260.035989,1260.095979,1260.156100,1260.216351,1260.276733,1260.337315,1260.397960,1260.458738,1260.519648,1260.580692,1260.641869,1260.703290,1260.764736,1260.826316,1260.888031,1260.949882,1261.012011,1261.074135,1261.136396,1261.198793,1261.261356,1261.324029,1261.386842,1261.449794,1261.512885,1261.576116,1261.639488,1261.703000,1261.766654,1261.830449,1261.894387,1261.958467,1262.022691,1262.087058,1262.151569,1262.216225,1262.281025,1262.345971,1262.411063,1262.476301,1262.541686,1262.607218,1262.672898,1262.738727,1262.804704,1262.870830,1262.937106,1263.003532,1263.070108,1263.136836,1263.203715,1263.270747,1263.337931,1263.405268,1263.472759,1263.540404,1263.608203,1263.676149,1263.744260,1263.812526,1263.880949,1263.949529,1264.018374,1264.087270,1264.156324,1264.225538,1264.294912,1264.364445,1264.434140,1264.503995,1264.574013,1264.644193,1264.714535,1264.785042,1264.855712,1264.926547,1264.997546,1265.068712,1265.140043,1265.211575,1265.283240,1265.355074,1265.427075,1265.499246,1265.571586,1265.644096,1265.716777,1265.789629,1265.862653,1265.935849,1266.009219,1266.082761,1266.156478,1266.230300,1266.304367,1266.378610,1266.453029,1266.527625,1266.602398,1266.677350,1266.752481,1266.827791,1266.903281,1266.978952,1267.054805,1267.130839,1267.207055,1267.283455,1267.360140,1267.436908,1267.513861,1267.591000,1267.668325,1267.745837,1267.823536,1267.901424,1267.979507,1268.057773,1268.136229,1268.214876,1268.293715,1268.372745,1268.451969,1268.531385,1268.611097,1268.690903,1268.770904,1268.851101,1268.931495,1269.012087,1269.092877,1269.173866,1269.255054,1269.336443,1269.418032,1269.499823,1269.581817,1269.664014,1269.746414,1269.829019,1269.911830,1269.994846,1270.078069,1270.161499,1270.245138,1270.328985,1270.413042,1270.497309,1270.581787,1270.666478,1270.751380,1270.836557,1270.921888,1271.007433,1271.093193,1271.179170,1271.265365,1271.351777,1271.438408,1271.525258,1271.612329,1271.699620,1271.787134,1271.874870,1271.962830,1272.051108,1272.139517,1272.228152,1272.317014,1272.406103,1272.495420,1272.584966,1272.674743,1272.764750,1272.854989,1272.945460,1273.036165,1273.127103,1273.218277,1273.309687,1273.401333,1273.493217,1273.585340,1273.677701,1273.770303,1273.863146,1273.956231,1274.049559,1274.143131,1274.236979,1274.331041,1274.425349,1274.519904,1274.614708,1274.709761,1274.805064,1274.900618,1274.996424,1275.092483,1275.188796,1275.285265,1275.382088,1275.479167,1275.576505,1275.674101,1275.771956,1275.870072,1275.968449,1276.067089,1276.165993,1276.265160,1276.364593,1276.464293,1276.564260,1276.664523,1276.765028,1276.865803,1276.966850,1277.068169,1277.169762,1277.271629,1277.373772,1277.476191,1277.578888,1277.681864,1277.785119,1277.888656,1277.992474,1278.096575,1278.200961,1278.305631,1278.410588,1278.515832,1278.621364,1278.727186,1278.833299,1278.939704,1279.046401,1279.153392,1279.260679,1279.368262,1279.476142,1279.584321,1279.692799,1279.801579,1279.910660,1280.020045,1280.129734,1280.239729,1280.350030,1280.460639,1280.571558,1280.682787,1280.794327,1280.906181,1281.018348,1281.130831,1281.243630,1281.356746,1281.470182,1281.583938,1281.698016,1281.812416,1281.927140,1282.042636,1282.158013,1282.273717,1282.389750,1282.506113,1282.622809,1282.739837,1282.857200,1282.974899,1283.092935,1283.211309,1283.330023,1283.449078,1283.568475,1283.688216,1283.808303,1283.928736,1284.049517,1284.170648,1284.292129,1284.413963,1284.536150,1284.658692,1284.781591,1284.904848,1285.028430,1285.152406,1285.276746,1285.401448,1285.526516,1285.651951,1285.777754,1285.903927,1286.030471,1286.157387,1286.284581,1286.412247,1286.540291,1286.668713,1286.797516,1286.926701,1287.056270,1287.186223,1287.316563,1287.447292,1287.578410,1287.709919,1287.841822,1287.974120,1288.106813,1288.239905,1288.373396,1288.507289,1288.641585,1288.776285,1288.911391,1289.046906,1289.182830,1289.319165,1289.455914,1289.593077,1289.730657,1289.868655,1290.007074,1290.145914,1290.285178,1290.424867,1290.565092,1290.705637,1290.846613,1290.988022,1291.129865,1291.272144,1291.414861,1291.558019,1291.701651,1291.845694,1291.990182,1292.135118,1292.280503,1292.426340,1292.572630,1292.719374,1292.866536,1293.014197,1293.162319,1293.310903,1293.459953,1293.609470,1293.759456,1293.909913,1294.060843,1294.212248,1294.364130,1294.516491,1294.669333,1294.822659,1294.976470,1295.130769,1295.285557,1295.440837,1295.596611,1295.752881,1295.909649,1296.066917,1296.224688,1296.382964,1296.541746,1296.701038,1296.860842,1297.021158,1297.181991,1297.343342,1297.505214,1297.667626,1297.830545,1297.993991,1298.157968,1298.322476,1298.487518,1298.653098,1298.819216,1298.985876,1299.153080,1299.320830,1299.489129,1299.657979,1299.827383,1299.997343,1300.167861,1300.338941,1300.510584,1300.682794,1300.855572,1301.028921,1301.202844,1301.377344,1301.552422,1301.728082,1301.904326,1302.081157,1302.258578,1302.436591,1302.615198,1302.794403,1302.974209,1303.154617,1303.335631,1303.517253,1303.699487,1303.882335,1304.065799,1304.249884,1304.434590,1304.619922,1304.805882,1304.992473,1305.179698,1305.367560,1305.556062,1305.745206,1305.934996,1306.125435,1306.316526,1306.508271,1306.700680,1306.893744,1307.087471,1307.281865,1307.476929,1307.672826,1307.869239,1308.066332,1308.264107,1308.462568,1308.661718,1308.861560,1309.062097,1309.263333,1309.465271,1309.667914,1309.871265,1310.075329,1310.280107,1310.485604,1310.691823,1310.898767,1311.106439,1311.314844,1311.523985,1311.733864,1311.944487,1312.155855,1312.367973,1312.580844,1312.794472,1313.008861,1313.224013,1313.439933,1313.656625,1313.874091,1314.092336,1314.311364,1314.531178,1314.751782,1314.973179,1315.195375,1315.418371,1315.642173,1315.866701,1316.092125,1316.318366,1316.545428,1316.773314,1317.002030,1317.231578,1317.461964,1317.693190,1317.925262,1318.158182,1318.391956,1318.626587,1318.862080,1319.098494,1319.335723,1319.573826,1319.812808,1320.052672,1320.293424,1320.535067,1320.777607,1321.021046,1321.265391,1321.510645,1321.756812,1322.003897
1266.829089,1266.882624,1266.936274,1266.990041,1267.043924,1267.097924,1267.152149,1267.206385,1267.260738,1267.315210,1267.369800,1267.424510,1267.479340,1267.534289,1267.589358,1267.644549,1267.699860,1267.755293,1267.810848,1267.866516,1267.922316,1267.978238,1268.034284,1268.090454,1268.146747,1268.203165,1268.259709,1268.316377,1268.373171,1268.430092,1268.487139,1268.544312,1268.601614,1268.659042,1268.716633,1268.774319,1268.832133,1268.890077,1268.948151,1269.006355,1269.064689,1269.123155,1269.181752,1269.240481,1269.299342,1269.358336,1269.417463,1269.476723,1269.536118,1269.595647,1269.655311,1269.715110,1269.775045,1269.835117,1269.895325,1269.955669,1270.016152,1270.076772,1270.137531,1270.198429,1270.259397,1270.320574,1270.381891,1270.443349,1270.504948,1270.566688,1270.628571,1270.690596,1270.752764,1270.815075,1270.877531,1270.940131,1271.002978,1271.065868,1271.128904,1271.192094,1271.255423,1271.318899,1271.382524,1271.446296,1271.510218,1271.574288,1271.638509,1271.702880,1271.767401,1271.832074,1271.896898,1271.961875,1272.027005,1272.092287,1272.157724,1272.223315,1272.289061,1272.354962,1272.421120,1272.487333,1272.553703,1272.620231,1272.686917,1272.753762,1272.820765,1272.887928,1272.955251,1273.022735,1273.090380,1273.158187,1273.226156,1273.294288,1273.362583,1273.431043,1273.499667,1273.568456,1273.637411,1273.706531,1273.775819,1273.845274,1273.914897,1273.984689,1274.054649,1274.124780,1274.195080,1274.265552,1274.336255,1274.407070,1274.478058,1274.549218,1274.620553,1274.692062,1274.763746,1274.835605,1274.907641,1274.979854,1275.052244,1275.124812,1275.197559,1275.270485,1275.343591,1275.416973,1275.490441,1275.564091,1275.637923,1275.711938,1275.786137,1275.860521,1275.935090,1276.009844,1276.084784,1276.159912,1276.235227,1276.310731,1276.386456,1276.462338,1276.538411,1276.614675,1276.691130,1276.767778,1276.844618,1276.921653,1276.998882,1277.076306,1277.153926,1277.231742,1277.309756,1277.387968,1277.466378,1277.544987,1277.623797,1277.702807,1277.782019,1277.861433,1277.941050,1278.020871,1278.100896,1278.181127,1278.261563,1278.342107,1278.422957,1278.504016,1278.585283,1278.666760,1278.748447,1278.830346,1278.912456,1278.994780,1279.077316,1279.160067,1279.243034,1279.326244,1279.409642,1279.493258,1279.577093,1279.661146,1279.745419,1279.829913,1279.914628,1279.999565,1280.084726,1280.170111,1280.255720,1280.341555,1280.427616,1280.513904,1280.600421,1280.687166,1280.774142,1280.861348,1280.948785,1281.036455,1281.124358,1281.212495,1281.300867,1281.389475,1281.478320,1281.567403,1281.656723,1281.746284,1281.836084,1281.926126,1282.016410,1282.106937,1282.197708,1282.288724,1282.379986,1282.471494,1282.563250,1282.655255,1282.747509,1282.840014,1282.932770,1283.025779,1283.119041,1283.212557,1283.306329,1283.400357,1283.494642,1283.589633,1283.684436,1283.779499,1283.874823,1283.970409,1284.066259,1284.162373,1284.258752,1284.355398,1284.452311,1284.549492,1284.646943,1284.744664,1284.842656,1284.940921,1285.039460,1285.138273,1285.237362,1285.336728,1285.436372,1285.536295,1285.636497,1285.736981,1285.837747,1285.938797,1286.040131,1286.141750,1286.243657,1286.345817,1286.448300,1286.551073,1286.654138,1286.757494,1286.861145,1286.965090,1287.069331,1287.173869,1287.278705,1287.383840,1287.489277,1287.595015,1287.701056,1287.807401,1287.914051,1288.021009,1288.128177,1288.235751,1288.343635,1288.451831,1288.560340,1288.669163,1288.778302,1288.887756,1288.997529,1289.107621,1289.218034,1289.328768,1289.439825,1289.551206,1289.662914,1289.774948,1289.887310,1290.000003,1290.113026,1290.226381,1290.340070,1290.454095,1290.568455,1290.683154,1290.798191,1290.913569,1291.029289,1291.145353,1291.261761,1291.378515,1291.495617,1291.613068,1291.730870,1291.849023,1291.967530,1292.086501,1292.205719,1292.325294,1292.445229,1292.565558,1292.686216,1292.807238,1292.928625,1293.050379,1293.172501,1293.294993,1293.417857,1293.541093,1293.664704,1293.788691,1293.913055,1294.037799,1294.162924,1294.288390,1294.414281,1294.540558,1294.667222,1294.794275,1294.921719,1295.049555,1295.177785,1295.306410,1295.435433,1295.564854,1295.694676,1295.824900,1295.955529,1296.086563,1296.218005,1296.349856,1296.482118,1296.614792,1296.747881,1296.881387,1297.015310,1297.149653,1297.284418,1297.419607,1297.555221,1297.691262,1297.827732,1297.964632,1298.101966,1298.239734,1298.377938,1298.516599,1298.655682,1298.795208,1298.935177,1299.075592,1299.216456,1299.357769,1299.499534,1299.641753,1299.784428,1299.927561,1300.071153,1300.215208,1300.359726,1300.504711,1300.650163,1300.796085,1300.942480,1301.089348,1301.236693,1301.384517,1301.532821,1301.681607,1301.830879,1301.980637,1302.130884,1302.281623,1302.432855,1302.584583,1302.736809,1302.889535,1303.042763,1303.196496,1303.350736,1303.505485,1303.660745,1303.816519,1303.972809,1304.129617,1304.286946,1304.444798,1304.603175,1304.762080,1304.921515,1305.081483,1305.241986,1305.403026,1305.564606,1305.726728,1305.889395,1306.052609,1306.216373,1306.380689,1306.545560,1306.710988,1306.876975,1307.043526,1307.210647,1307.378330,1307.546583,1307.715409,1307.884969,1308.054948,1308.225508,1308.396651,1308.568380,1308.740699,1308.913608,1309.087112,1309.261213,1309.435914,1309.611217,1309.787126,1309.963642,1310.140770,1310.318512,1310.496870,1310.675848,1310.855449,1311.035675,1311.216529,1311.398015,1311.580135,1311.762892,1311.946289,1312.130330,1312.315017,1312.500353,1312.686341,1312.872985,1313.060288,1313.248252,1313.436881,1313.626178,1313.816146,1314.006789,1314.198109,1314.390110,1314.582794,1314.776166,1314.970229,1315.164985,1315.360439,1315.556593,1315.753450,1315.950933,1316.149208,1316.348198,1316.547905,1316.748333,1316.949486,1317.151366,1317.353977,1317.557324,1317.761409,1317.966236,1318.171809,1318.378131,1318.585205,1318.793037,1319.001628,1319.211039,1319.421162,1319.632056,1319.843726,1320.056174,1320.269406,1320.483423,1320.698231,1320.913834,1321.130235,1321.347437,1321.565446,1321.784265,1322.003897
1273.645339,1273.692365,1273.739492,1273.786720,1273.834051,1273.881485,1273.929021,1273.976660,1274.024403,1274.072250,1274.120200,1274.168255,1274.216415,1274.264680,1274.313050,1274.361526,1274.410108,1274.458796,1274.507591,1274.556493,1274.605434,1274.654551,1274.703776,1274.753117,1274.802559,1274.852110,1274.901771,1274.951644,1275.001525,1275.051516,1275.101618,1275.151831,1275.202156,1275.252592,1275.303141,1275.353802,1275.404577,1275.455464,1275.506465,1275.557581,1275.608810,1275.660155,1275.711614,1275.763189,1275.814880,1275.866687,1275.918611,1275.970652,1276.022810,1276.075086,1276.127480,1276.179992,1276.232624,1276.285374,1276.338244,1276.391235,1276.444446,1276.497677,1276.551030,1276.604505,1276.658101,1276.711820,1276.765661,1276.819626,1276.873714,1276.927927,1276.982263,1277.036725,1277.091312,1277.146024,1277.200862,1277.255827,1277.310919,1277.366138,1277.421485,1277.476960,1277.532563,1277.588296,1277.644157,1277.700149,1277.756271,1277.812524,1277.868907,1277.925423,1277.982070,1278.038850,1278.095823,1278.152869,1278.210049,1278.267363,1278.324811,1278.382395,1278.440114,1278.497969,1278.555961,1278.614090,1278.672356,1278.730759,1278.789302,1278.848015,1278.906835,1278.965795,1279.024895,1279.084231,1279.143613,1279.203136,1279.262802,1279.322610,1279.382561,1279.442656,1279.502895,1279.563279,1279.623807,1279.684481,1279.745301,1279.806267,1279.867381,1279.928642,1279.990051,1280.051608,1280.113315,1280.175171,1280.237177,1280.299333,1280.361641,1280.424101,1280.486712,1280.549476,1280.612394,1280.675465,1280.738690,1280.802070,1280.865606,1280.929297,1280.993145,1281.057150,1281.121312,1281.185632,1281.250111,1281.314749,1281.379547,1281.444505,1281.509623,1281.574904,1281.640247,1281.705852,1281.771619,1281.837551,1281.903646,1281.969907,1282.036333,1282.102925,1282.169683,1282.236609,1282.303731,1282.370992,1282.438423,1282.506023,1282.573794,1282.641735,1282.709847,1282.778132,1282.846589,1282.915219,1282.984023,1283.053001,1283.122155,1283.191484,1283.260990,1283.330672,1283.400533,1283.470571,1283.540788,1283.611185,1283.681762,1283.752520,1283.823459,1283.894580,1283.965884,1284.037372,1284.109044,1284.180900,1284.252942,1284.325170,1284.397585,1284.470188,1284.542978,1284.615957,1284.689126,1284.762486,1284.836036,1284.909777,1284.983712,1285.057839,1285.132160,1285.206675,1285.281385,1285.356740,1285.431843,1285.507143,1285.582642,1285.658339,1285.734236,1285.810333,1285.886632,1285.963132,1286.039834,1286.116740,1286.193850,1286.271165,1286.348685,1286.426411,1286.504345,1286.582487,1286.660837,1286.739396,1286.818166,1286.897147,1286.976340,1287.055745,1287.135364,1287.215197,1287.295244,1287.375508,1287.455988,1287.536686,1287.617602,1287.698737,1287.780093,1287.861669,1287.943432,1288.025452,1288.107695,1288.190163,1288.272855,1288.355774,1288.438919,1288.522291,1288.605893,1288.689723,1288.773784,1288.858076,1288.942600,1289.027356,1289.112347,1289.197572,1289.283033,1289.368731,1289.454665,1289.540839,1289.627251,1289.713904,1289.800797,1289.887933,1289.975312,1290.062935,1290.150803,1290.238819,1290.327180,1290.415788,1290.504645,1290.593751,1290.683109,1290.772718,1290.862579,1290.952695,1291.043065,1291.133691,1291.224573,1291.315713,1291.407112,1291.498771,1291.590690,1291.682871,1291.775315,1291.868023,1291.960996,1292.054235,1292.147740,1292.241514,1292.335557,1292.429871,1292.524455,1292.619312,1292.714443,1292.809848,1292.905529,1293.001486,1293.097722,1293.194237,1293.291031,1293.388107,1293.485466,1293.583108,1293.681035,1293.779389,1293.877889,1293.976677,1294.075754,1294.175122,1294.274781,1294.374733,1294.474980,1294.575521,1294.676359,1294.777495,1294.878930,1294.980665,1295.082701,1295.185040,1295.287683,1295.390631,1295.493885,1295.597447,1295.701317,1295.805457,1295.909949,1296.014754,1296.119873,1296.225308,1296.331059,1296.437127,1296.543515,1296.650224,1296.757255,1296.864609,1296.972287,1297.080291,1297.188623,1297.297284,1297.406274,1297.515596,1297.625251,1297.735240,1297.845564,1297.956226,1298.067226,1298.178566,1298.290247,1298.402272,1298.514640,1298.627354,1298.740415,1298.853825,1298.967584,1299.081696,1299.196160,1299.310979,1299.426172,1299.541705,1299.657597,1299.773849,1299.890464,1300.007442,1300.124786,1300.242497,1300.360576,1300.479025,1300.597845,1300.717039,1300.836608,1300.956553,1301.076876,1301.197579,1301.318663,1301.440130,1301.561982,1301.684220,1301.806846,1301.929862,1302.053269,1302.177069,1302.301264,1302.425856,1302.550846,1302.676236,1302.802027,1302.928222,1303.054822,1303.181830,1303.309246,1303.437072,1303.565312,1303.693965,1303.823035,1303.952522,1304.082429,1304.212758,1304.343510,1304.474688,1304.606293,1304.738327,1304.870792,1305.003690,1305.137023,1305.270792,1305.405001,1305.539650,1305.674742,1305.810279,1305.946262,1306.082694,1306.219577,1306.356912,1306.494702,1306.632949,1306.771655,1306.910821,1307.050451,1307.190546,1307.331108,1307.472139,1307.613642,1307.755625,1307.898077,1308.041006,1308.184576,1308.328468,1308.472845,1308.617708,1308.763060,1308.908903,1309.055240,1309.202072,1309.349402,1309.497232,1309.645564,1309.794402,1309.943746,1310.093600,1310.243966,1310.394845,1310.546242,1310.698157,1310.850593,1311.003553,1311.157039,1311.311054,1311.465600,1311.620679,1311.776294,1311.932448,1312.089143,1312.246381,1312.404165,1312.562498,1312.721381,1312.880819,1313.040813,1313.201366,1313.362480,1313.524159,1313.686404,1313.849219,1314.012607,1314.176569,1314.341109,1314.506229,1314.671932,1314.838221,1315.005099,1315.172568,1315.340631,1315.509292,1315.678552,1315.848415,1316.018801,1316.189878,1316.361567,1316.533870,1316.706790,1316.880331,1317.054495,1317.229285,1317.404704,1317.580755,1317.757442,1317.934767,1318.112734,1318.291345,1318.470603,1318.650513,1318.831076,1319.012297,1319.194233,1319.376777,1319.559988,1319.743868,1319.928422,1320.113653,1320.299563,1320.486156,1320.673436,1320.861405,1321.050068,1321.239427,1321.429486,1321.620249,1321.811718,1322.003897
1280.484747,1280.525211,1280.565762,1280.606400,1280.647125,1280.687939,1280.728841,1280.769831,1280.810911,1280.852179,1280.893437,1280.934784,1280.976221,1281.017748,1281.059365,1281.101074,1281.142873,1281.184763,1281.226745,1281.268819,1281.310985,1281.353243,1281.395594,1281.438039,1281.480576,1281.523207,1281.565932,1281.608751,1281.651664,1281.694673,1281.737776,1281.781007,1281.824301,1281.867692,1281.911178,1281.954762,1281.998442,1282.042219,1282.086094,1282.130067,1282.174137,1282.218307,1282.262636,1282.307003,1282.351469,1282.396035,1282.440702,1282.485468,1282.530336,1282.575304,1282.620374,1282.665545,1282.710818,1282.756194,1282.801672,1282.847253,1282.892937,1282.938726,1282.984618,1283.030614,1283.076810,1283.123016,1283.169327,1283.215744,1283.262267,1283.308897,1283.355633,1283.402476,1283.449427,1283.496485,1283.543652,1283.590927,1283.638310,1283.685803,1283.733406,1283.781118,1283.828941,1283.876874,1283.924918,1283.973074,1284.021341,1284.069721,1284.118212,1284.166817,1284.215535,1284.264367,1284.313312,1284.362372,1284.411546,1284.460836,1284.510241,1284.559762,1284.609399,1284.659153,1284.709024,1284.759013,1284.809119,1284.859343,1284.909686,1284.960148,1285.010730,1285.061431,1285.112252,1285.163195,1285.214258,1285.265344,1285.316650,1285.368079,1285.419630,1285.471305,1285.523103,1285.575053,1285.627100,1285.679271,1285.731567,1285.783989,1285.836537,1285.889211,1285.942013,1285.994941,1286.047998,1286.101183,1286.154496,1286.207939,1286.261511,1286.315213,1286.369045,1286.423009,1286.477103,1286.531330,1286.585689,1286.640180,1286.694805,1286.749564,1286.804456,1286.859483,1286.914645,1286.969943,1287.025376,1287.080946,1287.136653,1287.192498,1287.248480,1287.304600,1287.360860,1287.417259,1287.473797,1287.530925,1287.587744,1287.644705,1287.701808,1287.759054,1287.816442,1287.873973,1287.931648,1287.989468,1288.047432,1288.105541,1288.163797,1288.222199,1288.280748,1288.339444,1288.398288,1288.457281,1288.516422,1288.575713,1288.635155,1288.694747,1288.754490,1288.814384,1288.874431,1288.934631,1288.994984,1289.055491,1289.116152,1289.176969,1289.237940,1289.299068,1289.360353,1289.421795,1289.483395,1289.545153,1289.607070,1289.669147,1289.731383,1289.793747,1289.856305,1289.919026,1289.981909,1290.044955,1290.108165,1290.171539,1290.235078,1290.298782,1290.362652,1290.426689,1290.490893,1290.555265,1290.619806,1290.684516,1290.749395,1290.814445,1290.879666,1290.945059,1291.010624,1291.076362,1291.142273,1291.208358,1291.274619,1291.341055,1291.407667,1291.474456,1291.541422,1291.608567,1291.675890,1291.743393,1291.811076,1291.878939,1291.946984,1292.015212,1292.083622,1292.152216,1292.220994,1292.289957,1292.359105,1292.428440,1292.497962,1292.567672,1292.637473,1292.707561,1292.777838,1292.848306,1292.918965,1292.989816,1293.060860,1293.132097,1293.203529,1293.275156,1293.346979,1293.418998,1293.491214,1293.563628,1293.636241,1293.709054,1293.782067,1293.855281,1293.928697,1294.002315,1294.076137,1294.150163,1294.224394,1294.298831,1294.373475,1294.448325,1294.523384,1294.598652,1294.674130,1294.749818,1294.825718,1294.901830,1294.978155,1295.054694,1295.131481,1295.208451,1295.285637,1295.363040,1295.440661,1295.518502,1295.596562,1295.674843,1295.753455,1295.832180,1295.911128,1295.990301,1296.069698,1296.149322,1296.229173,1296.309251,1296.389559,1296.470096,1296.550863,1296.631862,1296.713093,1296.794558,1296.876257,1296.958191,1297.040361,1297.122768,1297.205413,1297.288297,1297.371421,1297.454786,1297.538393,1297.622202,1297.706296,1297.790634,1297.875218,1297.960049,1298.045128,1298.130455,1298.216033,1298.301861,1298.387941,1298.474273,1298.560860,1298.647702,1298.734799,1298.822154,1298.909767,1298.997638,1299.085770,1299.174164,1299.262819,1299.351738,1299.440922,1299.530370,1299.620086,1299.710070,1299.800322,1299.890844,1299.981637,1300.072703,1300.164042,1300.255655,1300.347544,1300.439710,1300.532172,1300.624894,1300.717897,1300.811182,1300.904749,1300.998599,1301.092735,1301.187157,1301.281866,1301.376864,1301.472151,1301.567730,1301.663600,1301.759764,1301.856223,1301.952978,1302.050029,1302.147380,1302.245029,1302.342980,1302.441233,1302.539790,1302.638651,1302.737819,1302.837294,1302.937077,1303.037171,1303.137576,1303.238293,1303.339325,1303.440672,1303.542336,1303.644318,1303.746619,1303.849241,1303.952185,1304.055453,1304.159046,1304.262965,1304.367212,1304.471788,1304.576695,1304.681934,1304.787506,1304.893413,1304.999657,1305.106239,1305.213160,1305.320421,1305.428026,1305.535973,1305.644267,1305.752907,1305.861895,1305.971233,1306.080923,1306.190965,1306.301362,1306.412115,1306.523226,1306.634695,1306.746526,1306.858719,1306.971276,1307.084198,1307.197488,1307.311147,1307.425176,1307.539577,1307.654352,1307.769502,1307.885029,1308.000935,1308.117222,1308.233891,1308.350950,1308.468389,1308.586374,1308.704588,1308.823194,1308.942192,1309.061584,1309.181373,1309.301559,1309.422146,1309.543133,1309.664524,1309.786320,1309.908523,1310.031135,1310.154158,1310.277593,1310.401442,1310.525708,1310.650392,1310.775496,1310.901022,1311.026972,1311.153348,1311.280152,1311.407385,1311.535050,1311.663149,1311.791684,1311.920657,1312.050069,1312.179923,1312.310221,1312.440964,1312.572156,1312.703798,1312.835891,1312.968439,1313.101443,1313.234906,1313.368829,1313.503215,1313.638065,1313.773383,1313.909170,1314.045428,1314.182159,1314.319367,1314.457052,1314.595218,1314.733866,1314.872999,1315.012619,1315.152728,1315.293329,1315.434424,1315.576015,1315.718105,1315.860696,1316.003790,1316.147307,1316.291415,1316.436034,1316.581165,1316.726812,1316.872977,1317.019662,1317.166870,1317.314603,1317.462864,1317.611655,1317.760980,1317.910839,1318.061237,1318.212175,1318.363657,1318.515684,1318.668259,1318.821386,1318.975066,1319.129358,1319.284154,1319.439511,1319.595433,1319.751923,1319.908982,1320.066614,1320.224821,1320.383607,1320.542973,1320.702924,1320.863462,1321.024589,1321.186309,1321.348624,1321.511537,1321.675052,1321.839171,1322.003897
1287.347450,1287.381299,1287.415221,1287.449216,1287.483379,1287.517520,1287.551735,1287.586024,1287.620387,1287.654824,1287.689335,1287.723922,1287.758583,1287.793319,1287.828131,1287.863019,1287.897982,1287.933022,1287.968138,1288.003330,1288.038600,1288.073946,1288.109370,1288.144871,1288.180450,1288.216108,1288.251843,1288.287657,1288.323550,1288.359522,1288.395574,1288.431704,1288.467915,1288.504206,1288.540577,1288.577028,1288.613561,1288.650174,1288.686869,1288.723645,1288.760503,1288.797444,1288.834466,1288.871572,1288.908760,1288.946031,1288.983386,1289.020825,1289.058347,1289.095954,1289.133645,1289.171421,1289.209282,1289.247229,1289.285191,1289.323309,1289.361513,1289.399803,1289.438181,1289.476645,1289.515196,1289.553835,1289.592562,1289.631377,1289.670280,1289.709272,1289.748353,1289.787524,1289.826783,1289.866133,1289.905573,1289.945103,1289.984725,1290.024437,1290.064240,1290.104135,1290.144572,1290.184651,1290.224823,1290.265088,1290.305446,1290.345897,1290.386442,1290.427081,1290.467815,1290.508644,1290.549567,1290.590586,1290.631700,1290.672910,1290.714217,1290.755620,1290.797121,1290.838718,1290.880413,1290.922206,1290.964097,1291.006087,1291.048176,1291.090364,1291.132651,1291.175039,1291.217526,1291.260115,1291.302804,1291.345594,1291.388486,1291.431480,1291.474576,1291.517775,1291.561077,1291.604482,1291.647991,1291.691603,1291.735321,1291.779142,1291.823069,1291.867102,1291.911240,1291.955485,1291.999836,1292.044293,1292.088825,1292.133498,1292.178278,1292.223168,1292.268165,1292.313272,1292.358489,1292.403815,1292.449252,1292.494799,1292.540458,1292.586227,1292.632109,1292.678102,1292.724209,1292.770428,1292.816760,1292.863206,1292.909767,1292.956442,1293.003232,1293.050137,1293.097158,1293.144295,1293.191548,1293.238919,1293.286407,1293.334013,1293.381736,1293.429579,1293.477540,1293.525621,1293.573822,1293.622143,1293.670585,1293.719148,1293.767833,1293.816639,1293.865568,1293.914620,1293.963795,1294.013094,1294.062517,1294.112065,1294.161738,1294.211536,1294.261460,1294.311511,1294.361689,1294.411994,1294.462426,1294.512987,1294.563677,1294.614496,1294.665444,1294.716522,1294.767731,1294.819072,1294.870543,1294.922147,1294.973883,1295.025752,1295.077754,1295.129890,1295.182161,1295.234567,1295.287108,1295.339784,1295.392501,1295.445451,1295.498538,1295.551763,1295.605127,1295.658629,1295.712271,1295.766053,1295.819975,1295.874038,1295.928243,1295.982589,1296.037078,1296.091710,1296.146486,1296.201405,1296.256470,1296.311679,1296.367034,1296.422535,1296.478183,1296.533979,1296.589922,1296.646014,1296.702254,1296.758677,1296.815218,1296.871908,1296.928750,1296.985744,1297.042890,1297.100189,1297.157642,1297.215249,1297.273010,1297.330926,1297.388999,1297.447227,1297.505613,1297.564156,1297.622858,1297.681718,1297.740737,1297.799917,1297.859257,1297.918758,1297.978422,1298.038356,1298.098345,1298.158498,1298.218814,1298.279296,1298.339943,1298.400757,1298.461737,1298.522885,1298.584200,1298.645685,1298.707339,1298.769163,1298.831158,1298.893324,1298.955663,1299.018174,1299.080858,1299.143717,1299.206750,1299.269958,1299.333343,1299.396905,1299.460643,1299.524561,1299.588657,1299.652891,1299.717347,1299.781984,1299.846802,1299.911803,1299.976987,1300.042355,1300.107907,1300.173645,1300.239568,1300.305679,1300.371976,1300.438462,1300.505137,1300.572002,1300.639057,1300.706303,1300.773742,1300.841373,1300.909197,1300.977216,1301.045430,1301.113840,1301.182446,1301.251250,1301.320252,1301.389452,1301.458853,1301.528454,1301.598257,1301.668262,1301.738470,1301.808881,1301.879497,1301.950337,1302.021365,1302.092601,1302.164044,1302.235696,1302.307558,1302.379630,1302.451913,1302.524409,1302.597118,1302.670041,1302.743179,1302.816532,1302.890102,1302.963890,1303.037896,1303.112121,1303.186566,1303.261232,1303.336121,1303.411232,1303.486567,1303.562127,1303.637913,1303.713925,1303.790164,1303.866633,1303.943330,1304.020258,1304.097417,1304.174809,1304.252434,1304.330293,1304.408387,1304.486717,1304.565285,1304.644091,1304.723136,1304.802421,1304.881947,1304.961715,1305.041727,1305.121983,1305.202484,1305.283232,1305.364226,1305.445469,1305.526962,1305.608705,1305.690699,1305.772946,1305.855447,1305.938203,1306.021214,1306.104482,1306.188008,1306.271794,1306.355839,1306.440146,1306.524715,1306.609548,1306.694646,1306.780009,1306.865639,1306.951538,1307.037705,1307.124143,1307.210853,1307.297835,1307.385092,1307.472623,1307.560431,1307.648516,1307.736880,1307.825524,1307.914449,1308.003657,1308.093147,1308.182923,1308.272985,1308.363334,1308.453972,1308.544899,1308.636118,1308.727628,1308.819433,1308.911532,1309.004087,1309.096787,1309.189779,1309.283071,1309.376665,1309.470561,1309.564762,1309.659268,1309.754080,1309.849201,1309.944632,1310.040373,1310.136427,1310.232795,1310.329477,1310.426476,1310.523793,1310.621430,1310.719387,1310.817666,1310.916269,1311.015197,1311.114451,1311.214033,1311.313945,1311.414188,1311.514764,1311.615673,1311.716918,1311.818499,1311.920419,1312.022680,1312.125281,1312.228226,1312.331516,1312.435151,1312.539135,1312.643468,1312.748152,1312.853188,1312.958579,1313.064325,1313.170429,1313.276892,1313.383716,1313.490902,1313.598452,1313.706367,1313.814651,1313.923303,1314.032326,1314.141721,1314.251491,1314.361636,1314.472159,1314.583062,1314.694346,1314.806012,1314.918064,1315.030502,1315.143328,1315.256544,1315.370152,1315.484154,1315.598552,1315.713347,1315.828541,1315.944137,1316.060135,1316.176539,1316.293266,1316.410485,1316.528115,1316.646157,1316.764614,1316.883488,1317.002779,1317.122492,1317.242626,1317.363185,1317.484171,1317.605585,1317.727430,1317.849707,1317.972419,1318.095567,1318.219154,1318.343182,1318.467653,1318.592569,1318.717933,1318.843745,1318.970009,1319.096727,1319.223956,1319.351588,1319.479680,1319.608234,1319.737253,1319.866739,1319.996694,1320.127121,1320.258021,1320.389398,1320.521252,1320.653588,1320.786406,1320.919710,1321.053501,1321.187783,1321.322556,1321.457825,1321.593591,1321.729857,1321.866625,1322.003897
1294.233467,1294.260650,1294.287891,1294.315190,1294.342548,1294.369965,1294.397440,1294.424975,1294.452569,1294.480222,1294.507935,1294.535708,1294.563541,1294.591434,1294.619388,1294.647402,1294.675477,1294.703613,1294.731810,1294.760068,1294.788388,1294.816770,1294.845213,1294.873719,1294.902287,1294.930918,1294.959577,1294.988334,1295.017153,1295.046035,1295.074981,1295.103991,1295.133065,1295.162203,1295.191405,1295.220671,1295.250003,1295.279399,1295.308860,1295.338387,1295.367979,1295.397637,1295.427361,1295.457151,1295.487007,1295.516930,1295.546920,1295.576977,1295.607101,1295.637292,1295.667552,1295.697879,1295.728274,1295.758737,1295.789269,1295.819870,1295.850540,1295.881279,1295.912087,1295.942965,1295.973913,1296.004931,1296.036019,1296.067178,1296.098408,1296.129708,1296.161080,1296.192523,1296.224038,1296.255625,1296.287285,1296.319016,1296.350820,1296.382698,1296.414648,1296.446671,1296.478769,1296.510940,1296.543185,1296.575504,1296.607898,1296.640367,1296.672911,1296.705530,1296.738225,1296.770996,1296.803842,1296.836765,1296.869765,1296.902841,1296.935995,1296.969226,1297.002534,1297.035921,1297.069385,1297.102928,1297.136549,1297.170249,1297.204029,1297.237888,1297.271826,1297.305845,1297.339944,1297.374123,1297.408383,1297.442724,1297.477146,1297.511650,1297.546236,1297.580904,1297.615655,1297.650488,1297.685404,1297.720403,1297.755486,1297.790653,1297.825903,1297.861239,1297.896658,1297.932163,1297.967753,1298.003429,1298.039191,1298.075038,1298.110972,1298.146993,1298.183101,1298.219296,1298.255579,1298.291950,1298.328409,1298.364956,1298.401592,1298.438318,1298.475133,1298.512037,1298.549032,1298.586020,1298.623196,1298.660463,1298.697821,1298.735271,1298.772813,1298.810447,1298.848207,1298.886027,1298.923940,1298.961946,1299.000047,1299.038241,1299.076531,1299.114915,1299.153394,1299.191969,1299.230640,1299.269407,1299.308271,1299.347231,1299.386289,1299.425445,1299.464698,1299.504050,1299.543500,1299.583050,1299.622698,1299.662447,1299.702296,1299.742245,1299.782294,1299.822445,1299.862698,1299.903052,1299.943508,1299.984067,1300.024730,1300.065495,1300.106364,1300.147337,1300.188415,1300.229597,1300.270885,1300.312278,1300.353777,1300.395383,1300.437095,1300.478915,1300.520842,1300.562876,1300.605019,1300.647271,1300.689632,1300.732212,1300.774792,1300.817483,1300.860284,1300.903196,1300.946220,1300.989356,1301.032604,1301.075964,1301.119438,1301.163026,1301.206727,1301.250543,1301.294473,1301.338519,1301.382681,1301.426958,1301.471353,1301.515864,1301.560492,1301.605238,1301.650103,1301.695086,1301.740189,1301.785410,1301.830752,1301.876215,1301.921798,1301.967503,1302.013330,1302.059279,1302.105310,1302.151504,1302.197823,1302.244266,1302.290833,1302.337525,1302.384343,1302.431287,1302.478358,1302.525555,1302.572880,1302.620333,1302.667914,1302.715624,1302.763464,1302.811433,1302.859533,1302.907764,1302.956126,1303.004620,1303.053247,1303.102006,1303.150899,1303.199925,1303.249087,1303.298383,1303.347814,1303.397382,1303.447086,1303.496927,1303.546905,1303.597022,1303.647296,1303.697690,1303.748224,1303.798899,1303.849714,1303.900671,1303.951769,1304.003010,1304.054394,1304.105922,1304.157594,1304.209410,1304.261372,1304.313479,1304.365733,1304.418133,1304.470682,1304.523378,1304.576223,1304.629218,1304.682362,1304.735657,1304.789102,1304.842700,1304.896450,1304.950352,1305.004408,1305.058618,1305.112983,1305.167503,1305.222179,1305.277012,1305.332001,1305.387149,1305.442455,1305.497920,1305.553544,1305.609329,1305.665275,1305.721383,1305.777653,1305.834086,1305.890682,1305.947442,1306.004368,1306.061459,1306.118716,1306.176140,1306.233732,1306.291492,1306.349421,1306.407520,1306.465788,1306.524228,1306.582840,1306.641624,1306.700581,1306.759712,1306.819017,1306.878498,1306.938155,1306.997988,1307.057999,1307.118188,1307.178555,1307.239103,1307.299830,1307.360739,1307.421830,1307.483103,1307.544559,1307.606200,1307.668025,1307.730036,1307.792234,1307.854618,1307.917191,1307.979952,1308.042903,1308.106044,1308.169376,1308.232901,1308.296617,1308.360528,1308.424632,1308.488932,1308.553428,1308.618120,1308.683010,1308.748099,1308.813387,1308.878875,1308.944564,1309.010454,1309.076548,1309.142844,1309.209346,1309.276052,1309.342965,1309.410085,1309.477412,1309.544948,1309.612694,1309.680810,1309.748978,1309.817359,1309.885952,1309.954760,1310.023783,1310.093028,1310.162484,1310.232158,1310.302050,1310.372163,1310.442496,1310.513050,1310.583828,1310.654828,1310.726054,1310.797505,1310.869182,1310.941087,1311.013221,1311.085584,1311.158177,1311.231002,1311.304059,1311.377350,1311.450875,1311.524636,1311.598634,1311.672869,1311.747342,1311.822056,1311.897010,1311.972206,1312.047645,1312.123328,1312.199256,1312.275430,1312.351851,1312.428521,1312.505440,1312.582610,1312.660031,1312.737705,1312.815632,1312.893815,1312.972254,1313.050950,1313.129905,1313.209119,1313.288594,1313.368331,1313.448330,1313.528595,1313.609124,1313.689921,1313.770985,1313.852318,1313.933921,1314.015796,1314.097944,1314.180365,1314.263062,1314.346035,1314.429286,1314.512816,1314.596626,1314.680718,1314.765092,1314.849751,1314.934694,1315.019925,1315.105443,1315.191251,1315.277349,1315.363739,1315.450423,1315.537401,1315.624675,1315.712247,1315.800117,1315.888287,1315.976759,1316.065534,1316.154612,1316.243997,1316.333689,1316.423689,1316.513916,1316.604538,1316.695472,1316.786721,1316.878285,1316.970167,1317.062367,1317.154888,1317.247730,1317.340896,1317.434386,1317.528202,1317.622347,1317.716820,1317.811625,1317.906761,1318.002232,1318.098039,1318.194182,1318.290664,1318.387487,1318.484651,1318.582160,1318.680013,1318.778213,1318.876762,1318.975660,1319.074911,1319.174515,1319.274529,1319.374846,1319.475520,1319.576555,1319.677952,1319.779713,1319.881839,1319.984333,1320.087195,1320.190429,1320.294035,1320.398015,1320.502371,1320.607106,1320.712220,1320.817716,1320.923596,1321.029860,1321.136512,1321.243554,1321.350986,1321.458811,1321.567031,1321.675648,1321.784663,1321.894079,1322.003897
1301.141899,1301.162363,1301.182871,1301.203423,1301.224018,1301.244658,1301.265342,1301.286070,1301.306843,1301.327661,1301.348523,1301.369431,1301.390383,1301.411380,1301.432423,1301.453512,1301.474646,1301.495826,1301.517051,1301.538323,1301.559641,1301.581005,1301.602416,1301.623907,1301.645411,1301.666962,1301.688561,1301.710206,1301.731899,1301.753639,1301.775427,1301.797263,1301.819147,1301.841079,1301.863059,1301.885087,1301.907165,1301.929291,1301.951465,1301.973689,1301.995962,1302.018285,1302.040656,1302.063078,1302.085549,1302.108071,1302.130642,1302.153264,1302.175936,1302.198659,1302.221433,1302.244258,1302.267133,1302.290060,1302.313039,1302.336069,1302.359054,1302.382188,1302.405374,1302.428612,1302.451902,1302.475246,1302.498641,1302.522090,1302.545593,1302.569148,1302.592757,1302.616419,1302.640136,1302.663906,1302.687730,1302.711609,1302.735542,1302.759530,1302.783573,1302.807671,1302.831825,1302.856033,1302.880297,1302.904617,1302.928993,1302.953426,1302.977914,1303.002459,1303.027061,1303.051719,1303.076435,1303.101208,1303.126039,1303.150927,1303.175873,1303.200876,1303.225939,1303.251059,1303.276239,1303.301477,1303.326774,1303.352130,1303.377546,1303.403021,1303.428556,1303.454151,1303.479806,1303.505522,1303.531298,1303.557135,1303.583033,1303.608993,1303.635013,1303.661096,1303.687240,1303.713446,1303.739715,1303.766046,1303.792439,1303.818896,1303.845416,1303.871999,1303.898645,1303.925356,1303.952130,1303.979078,1304.005980,1304.032948,1304.059980,1304.087078,1304.114240,1304.141469,1304.168763,1304.196123,1304.223549,1304.251041,1304.278601,1304.306227,1304.333920,1304.361680,1304.389509,1304.417405,1304.445369,1304.473401,1304.501502,1304.529671,1304.557910,1304.586217,1304.614595,1304.643042,1304.671559,1304.700146,1304.728803,1304.757532,1304.786331,1304.815201,1304.844143,1304.873157,1304.902242,1304.931400,1304.960630,1304.989933,1305.019309,1305.048758,1305.078280,1305.107836,1305.137506,1305.167250,1305.197069,1305.226963,1305.256932,1305.286976,1305.317096,1305.347292,1305.377564,1305.407912,1305.438337,1305.468839,1305.499418,1305.530074,1305.560808,1305.591621,1305.622512,1305.653481,1305.684529,1305.715657,1305.746864,1305.778150,1305.809517,1305.840964,1305.872510,1305.904119,1305.935809,1305.967580,1305.999433,1306.031368,1306.063386,1306.095486,1306.127670,1306.159936,1306.192287,1306.224721,1306.257239,1306.289842,1306.322530,1306.355303,1306.388161,1306.421105,1306.454136,1306.487252,1306.520456,1306.553746,1306.587124,1306.620590,1306.654143,1306.687785,1306.721516,1306.755335,1306.789244,1306.823243,1306.857332,1306.891511,1306.925780,1306.960141,1306.994593,1307.029136,1307.063772,1307.098500,1307.133321,1307.168235,1307.203242,1307.238343,1307.273539,1307.308828,1307.344213,1307.379693,1307.415268,1307.450939,1307.486707,1307.522571,1307.558532,1307.594590,1307.630747,1307.667001,1307.703354,1307.739806,1307.776357,1307.813008,1307.849758,1307.886609,1307.923561,1307.960614,1307.997769,1308.035025,1308.072384,1308.109846,1308.147411,1308.185079,1308.222851,1308.260728,1308.298709,1308.336795,1308.374987,1308.413285,1308.451689,1308.490200,1308.528818,1308.567544,1308.606377,1308.645320,1308.684371,1308.723531,1308.762801,1308.802181,1308.841672,1308.881274,1308.920987,1308.960812,1309.000750,1309.040800,1309.080964,1309.121241,1309.161632,1309.202138,1309.242759,1309.283495,1309.324347,1309.365316,1309.406401,1309.447604,1309.488924,1309.530363,1309.571921,1309.613597,1309.655394,1309.697310,1309.739347,1309.781506,1309.823785,1309.866187,1309.908712,1309.951359,1309.994130,1310.037026,1310.080045,1310.123190,1310.166461,1310.209857,1310.253380,1310.297030,1310.340808,1310.384714,1310.428748,1310.472912,1310.517206,1310.561789,1310.606343,1310.651029,1310.695847,1310.740797,1310.785879,1310.831096,1310.876446,1310.921931,1310.967551,1311.013306,1311.059198,1311.105227,1311.151393,1311.197697,1311.244139,1311.290721,1311.337442,1311.384310,1311.431312,1311.478455,1311.525741,1311.573169,1311.620740,1311.668455,1311.716314,1311.764318,1311.812468,1311.860764,1311.909207,1311.957797,1312.006535,1312.055422,1312.104458,1312.153644,1312.202981,1312.252468,1312.302108,1312.351899,1312.401844,1312.451943,1312.502196,1312.552604,1312.603168,1312.653888,1312.704765,1312.755800,1312.806994,1312.858346,1312.909858,1312.961530,1313.013364,1313.065359,1313.117517,1313.169838,1313.222323,1313.274972,1313.327787,1313.380767,1313.433915,1313.487229,1313.540712,1313.594364,1313.648186,1313.702178,1313.756340,1313.810675,1313.865182,1313.919863,1313.974718,1314.029747,1314.084953,1314.140334,1314.195893,1314.251630,1314.307545,1314.363640,1314.419915,1314.476371,1314.533009,1314.589830,1314.646834,1314.704022,1314.761396,1314.818955,1314.876701,1314.934635,1314.992757,1315.051068,1315.109569,1315.168262,1315.227146,1315.286222,1315.345492,1315.404957,1315.464616,1315.524472,1315.584525,1315.644775,1315.705224,1315.765873,1315.826722,1315.887773,1315.949026,1316.010482,1316.072142,1316.134008,1316.196079,1316.258357,1316.320844,1316.383539,1316.446443,1316.509559,1316.572886,1316.636425,1316.700179,1316.764146,1316.828330,1316.892647,1316.957264,1317.022100,1317.087155,1317.152431,1317.217929,1317.283648,1317.349592,1317.415760,1317.482154,1317.548774,1317.615622,1317.682699,1317.750006,1317.817543,1317.885313,1317.953315,1318.021552,1318.090023,1318.158732,1318.227677,1318.296861,1318.366285,1318.435949,1318.505855,1318.576004,1318.646397,1318.717036,1318.787921,1318.859053,1318.930434,1319.002065,1319.073947,1319.146082,1319.218470,1319.291112,1319.364066,1319.437221,1319.510635,1319.584308,1319.658242,1319.732438,1319.806897,1319.881620,1319.956609,1320.031866,1320.107390,1320.183184,1320.259249,1320.335586,1320.412196,1320.489081,1320.566243,1320.643681,1320.721398,1320.799396,1320.877674,1320.956236,1321.035082,1321.114213,1321.193631,1321.273337,1321.353333,1321.433620,1321.514199,1321.595072,1321.676241,1321.757706,1321.839470,1321.921533,1322.003897
1308.073221,1308.086915,1308.100638,1308.114391,1308.128173,1308.141984,1308.155824,1308.169695,1308.183595,1308.197525,1308.211484,1308.225474,1308.239494,1308.253544,1308.267624,1308.281735,1308.295876,1308.310047,1308.324249,1308.338482,1308.352746,1308.367041,1308.381367,1308.395723,1308.410112,1308.424531,1308.438982,1308.453464,1308.467978,1308.482524,1308.497101,1308.511710,1308.526352,1308.541025,1308.555731,1308.570469,1308.585239,1308.600042,1308.614878,1308.629746,1308.644647,1308.659581,1308.674548,1308.689548,1308.704582,1308.719648,1308.734749,1308.749882,1308.765050,1308.780251,1308.795486,1308.810755,1308.826059,1308.841396,1308.856768,1308.872133,1308.887593,1308.903068,1308.918578,1308.934123,1308.949703,1308.965318,1308.980969,1308.996654,1309.012375,1309.028132,1309.043924,1309.059752,1309.075616,1309.091517,1309.107453,1309.123425,1309.139434,1309.155479,1309.171561,1309.187680,1309.203835,1309.220028,1309.236257,1309.252524,1309.268828,1309.285170,1309.301549,1309.317966,1309.334420,1309.350913,1309.367444,1309.384013,1309.400620,1309.417266,1309.433950,1309.450673,1309.467435,1309.484236,1309.501076,1309.517955,1309.534873,1309.551831,1309.568829,1309.585866,1309.602944,1309.620061,1309.637218,1309.654416,1309.671654,1309.688933,1309.706252,1309.723613,1309.741014,1309.758456,1309.775940,1309.793465,1309.811031,1309.828639,1309.846289,1309.863981,1309.881715,1309.899491,1309.917310,1309.935171,1309.953075,1309.971021,1309.989011,1310.007044,1310.025119,1310.043239,1310.061402,1310.079608,1310.097859,1310.116153,1310.134491,1310.152874,1310.171301,1310.189773,1310.208290,1310.226851,1310.245458,1310.264110,1310.282807,1310.301550,1310.320338,1310.339172,1310.358053,1310.376979,1310.395952,1310.414971,1310.434037,1310.453150,1310.472309,1310.491516,1310.510770,1310.530072,1310.549421,1310.568818,1310.588263,1310.607757,1310.627298,1310.646888,1310.666527,1310.686214,1310.705950,1310.725736,1310.745571,1310.765455,1310.785389,1310.805373,1310.825408,1310.845492,1310.865626,1310.885812,1310.906048,1310.926335,1310.946673,1310.967062,1310.987503,1311.007995,1311.028540,1311.049136,1311.069785,1311.090486,1311.111239,1311.132046,1311.152905,1311.173818,1311.194784,1311.215803,1311.236877,1311.258004,1311.279185,1311.300421,1311.321711,1311.343056,1311.364456,1311.385911,1311.407421,1311.428987,1311.450609,1311.472286,1311.494020,1311.515810,1311.537657,1311.559560,1311.581520,1311.603538,1311.625613,1311.647745,1311.669936,1311.692184,1311.714490,1311.736855,1311.759279,1311.781762,1311.804303,1311.826904,1311.849565,1311.872285,1311.895065,1311.917906,1311.940807,1311.963768,1311.986951,1312.010034,1312.033179,1312.056386,1312.079654,1312.102984,1312.126377,1312.149832,1312.173350,1312.196931,1312.220575,1312.244282,1312.268053,1312.291888,1312.315787,1312.339751,1312.363779,1312.387872,1312.412031,1312.436254,1312.460544,1312.484899,1312.509320,1312.533808,1312.558362,1312.582984,1312.607672,1312.632428,1312.657252,1312.682143,1312.707103,1312.732131,1312.757228,1312.782393,1312.807628,1312.832933,1312.858307,1312.883752,1312.909266,1312.934851,1312.960508,1312.986235,1313.012034,1313.037904,1313.063846,1313.089861,1313.115948,1313.142108,1313.168341,1313.194654,1313.221034,1313.247488,1313.274017,1313.300619,1313.327297,1313.354050,1313.380878,1313.407782,1313.434762,1313.461818,1313.488951,1313.516161,1313.543448,1313.570813,1313.598255,1313.625776,1313.653375,1313.681053,1313.708809,1313.736646,1313.764562,1313.792558,1313.820634,1313.848791,1313.877029,1313.905349,1313.933750,1313.962233,1313.990798,1314.019446,1314.048177,1314.076991,1314.105889,1314.134871,1314.163937,1314.193087,1314.222323,1314.251644,1314.281051,1314.310544,1314.340123,1314.369789,1314.399542,1314.429383,1314.459311,1314.489327,1314.519432,1314.549626,1314.579909,1314.610282,1314.640744,1314.671297,1314.701941,1314.732676,1314.763502,1314.794420,1314.825431,1314.856534,1314.887730,1314.919019,1314.950402,1314.981879,1315.013451,1315.045118,1315.076880,1315.108737,1315.140691,1315.172741,1315.204889,1315.237133,1315.269476,1315.301916,1315.334455,1315.367093,1315.399830,1315.432668,1315.465605,1315.498643,1315.531782,1315.565023,1315.598365,1315.631810,1315.665358,1315.699009,1315.732763,1315.766622,1315.800585,1315.834653,1315.868827,1315.903106,1315.937492,1315.971984,1316.006584,1316.041292,1316.076107,1316.111032,1316.146065,1316.181208,1316.216461,1316.251824,1316.287299,1316.322885,1316.358582,1316.394393,1316.430316,1316.466352,1316.502503,1316.538768,1316.575147,1316.611642,1316.648253,1316.684980,1316.721825,1316.758786,1316.795866,1316.833063,1316.870380,1316.907816,1316.945373,1316.983049,1317.020847,1317.058767,1317.096808,1317.134972,1317.173259,1317.211670,1317.250206,1317.288866,1317.327651,1317.366480,1317.405517,1317.444682,1317.483975,1317.523395,1317.562945,1317.602624,1317.642432,1317.682371,1317.722441,1317.762643,1317.802977,1317.843444,1317.884044,1317.924778,1317.965647,1318.006651,1318.047791,1318.089068,1318.130481,1318.172032,1318.213721,1318.255550,1318.297517,1318.339625,1318.381874,1318.424265,1318.466797,1318.509472,1318.552291,1318.595253,1318.638361,1318.681613,1318.725012,1318.768557,1318.812250,1318.856091,1318.900080,1318.944219,1318.988508,1319.032948,1319.077539,1319.122283,1319.167179,1319.212229,1319.257433,1319.302792,1319.348307,1319.393978,1319.439807,1319.485793,1319.531994,1319.578298,1319.624763,1319.671388,1319.718175,1319.765124,1319.812237,1319.859513,1319.906954,1319.954561,1320.002333,1320.050273,1320.098381,1320.146657,1320.195102,1320.243717,1320.292504,1320.341462,1320.390593,1320.439897,1320.489375,1320.539029,1320.588858,1320.638864,1320.689048,1320.739410,1320.789951,1320.840672,1320.891574,1320.942658,1320.993925,1321.045375,1321.097010,1321.148830,1321.200836,1321.253030,1321.305411,1321.357982,1321.410742,1321.463693,1321.516835,1321.570170,1321.623699,1321.677422,1321.731341,1321.785455,1321.839768,1321.894278,1321.948988,1322.003897
1315.027340,1315.034213,1315.041100,1315.048001,1315.054918,1315.061849,1315.068795,1315.075756,1315.082731,1315.089722,1315.096728,1315.103748,1315.110784,1315.117834,1315.124900,1315.131981,1315.139077,1315.146189,1315.153316,1315.160458,1315.167616,1315.174789,1315.181978,1315.189182,1315.196402,1315.203637,1315.210889,1315.218156,1315.225439,1315.232737,1315.240052,1315.247383,1315.254729,1315.262092,1315.269471,1315.276866,1315.284277,1315.291705,1315.299148,1315.306609,1315.314085,1315.321578,1315.329088,1315.336614,1315.344157,1315.351717,1315.359293,1315.366886,1315.374496,1315.382123,1315.389767,1315.397428,1315.405105,1315.412800,1315.420513,1315.428242,1315.435989,1315.443753,1315.451534,1315.459333,1315.467149,1315.474983,1315.482835,1315.490704,1315.498591,1315.506496,1315.514418,1315.522359,1315.530317,1315.538294,1315.546289,1315.554301,1315.562332,1315.570381,1315.578449,1315.586535,1315.594639,1315.602762,1315.610903,1315.619063,1315.627242,1315.635439,1315.643656,1315.651891,1315.660145,1315.668418,1315.676710,1315.685021,1315.693351,1315.701701,1315.710070,1315.718458,1315.726866,1315.735293,1315.743740,1315.752206,1315.760692,1315.769198,1315.777723,1315.786269,1315.794834,1315.803420,1315.812026,1315.820651,1315.829297,1315.837964,1315.846650,1315.855357,1315.864085,1315.872833,1315.881602,1315.890391,1315.899201,1315.908032,1315.916884,1315.925757,1315.934651,1315.943566,1315.952503,1315.961460,1315.970439,1315.979439,1315.988461,1315.997505,1316.006576,1316.015663,1316.024771,1316.033902,1316.043054,1316.052228,1316.061425,1316.070643,1316.079884,1316.089147,1316.098433,1316.107740,1316.117071,1316.126424,1316.135800,1316.145198,1316.154620,1316.164064,1316.173531,1316.183022,1316.192535,1316.202072,1316.211632,1316.221216,1316.230823,1316.240454,1316.250108,1316.259786,1316.269488,1316.279214,1316.288963,1316.298737,1316.308535,1316.318357,1316.328204,1316.338075,1316.347970,1316.357891,1316.367835,1316.377805,1316.387799,1316.397818,1316.407863,1316.417932,1316.428027,1316.438147,1316.448292,1316.458463,1316.468659,1316.478881,1316.489129,1316.499402,1316.509702,1316.520027,1316.530379,1316.540757,1316.551161,1316.561591,1316.572049,1316.582532,1316.593042,1316.603579,1316.614143,1316.624734,1316.635352,1316.645997,1316.656670,1316.667370,1316.678097,1316.688852,1316.699634,1316.710444,1316.721282,1316.732149,1316.743043,1316.753965,1316.764916,1316.775895,1316.786902,1316.797938,1316.809003,1316.820096,1316.831219,1316.842370,1316.853550,1316.864760,1316.875999,1316.887268,1316.898566,1316.909894,1316.921251,1316.932638,1316.944056,1316.955503,1316.966981,1316.978489,1316.990027,1317.001596,1317.013196,1317.024826,1317.036487,1317.048180,1317.059903,1317.071658,1317.083444,1317.095261,1317.107110,1317.118991,1317.130903,1317.142848,1317.154825,1317.166833,1317.178874,1317.190948,1317.203054,1317.215193,1317.227364,1317.239569,1317.251807,1317.264077,1317.276381,1317.288719,1317.301090,1317.313495,1317.325933,1317.338406,1317.350912,1317.363453,1317.376028,1317.388638,1317.401282,1317.413961,1317.426675,1317.439424,1317.452208,1317.465027,1317.477882,1317.490772,1317.503698,1317.516659,1317.529657,1317.542691,1317.555761,1317.568867,1317.582010,1317.595190,1317.608406,1317.621660,1317.634950,1317.648278,1317.661643,1317.675045,1317.688486,1317.701964,1317.715480,1317.729034,1317.742627,1317.756258,1317.769928,1317.783636,1317.797383,1317.811169,1317.824995,1317.838859,1317.852764,1317.866708,1317.880692,1317.894715,1317.908779,1317.922884,1317.937028,1317.951214,1317.965440,1317.979707,1317.994015,1318.008364,1318.022755,1318.037188,1318.051662,1318.066178,1318.080737,1318.095337,1318.109980,1318.124666,1318.139395,1318.154166,1318.168981,1318.183839,1318.198740,1318.213685,1318.228674,1318.243707,1318.258785,1318.273906,1318.289073,1318.304284,1318.319539,1318.334841,1318.350187,1318.365579,1318.381016,1318.396417,1318.411946,1318.427522,1318.443144,1318.458813,1318.474529,1318.490291,1318.506101,1318.521959,1318.537863,1318.553816,1318.569817,1318.585866,1318.601963,1318.618109,1318.634303,1318.650547,1318.666840,1318.683182,1318.699574,1318.716016,1318.732508,1318.749050,1318.765643,1318.782286,1318.798980,1318.815725,1318.832522,1318.849370,1318.866270,1318.883222,1318.900226,1318.917282,1318.934391,1318.951553,1318.968768,1318.986037,1319.003358,1319.020734,1319.038164,1319.055648,1319.073186,1319.090779,1319.108427,1319.126130,1319.143889,1319.161703,1319.179573,1319.197500,1319.215482,1319.233521,1319.251617,1319.269771,1319.287981,1319.306249,1319.324575,1319.342959,1319.361401,1319.379902,1319.398462,1319.417081,1319.435760,1319.454497,1319.473295,1319.492153,1319.511072,1319.530051,1319.549091,1319.568192,1319.587355,1319.606579,1319.625866,1319.645215,1319.664626,1319.684100,1319.703637,1319.723238,1319.742903,1319.762631,1319.782424,1319.802281,1319.822203,1319.842190,1319.862243,1319.882416,1319.902600,1319.922851,1319.943168,1319.963552,1319.984003,1320.004522,1320.025108,1320.045763,1320.066486,1320.087277,1320.108138,1320.129068,1320.150067,1320.171137,1320.192277,1320.213487,1320.234768,1320.256121,1320.277545,1320.299041,1320.320609,1320.342250,1320.363963,1320.385750,1320.407610,1320.429544,1320.451553,1320.473635,1320.495793,1320.518026,1320.540335,1320.562719,1320.585180,1320.607717,1320.630332,1320.653023,1320.675793,1320.698640,1320.721566,1320.744571,1320.767654,1320.790817,1320.814061,1320.837384,1320.860788,1320.884273,1320.907839,1320.931487,1320.955218,1320.979030,1321.002926,1321.026905,1321.050967,1321.075114,1321.099345,1321.123661,1321.148063,1321.172550,1321.197123,1321.221782,1321.246529,1321.271362,1321.296284,1321.321294,1321.346392,1321.371579,1321.396855,1321.422222,1321.447678,1321.473225,1321.498864,1321.524594,1321.550416,1321.576330,1321.602337,1321.628437,1321.654632,1321.680920,1321.707303,1321.733782,1321.760355,1321.787025,1321.813792,1321.840655,1321.867616,1321.894674,1321.921831,1321.949087,1321.976442,1322.003897
1322.003897,1322.003897,1322.003897,1322.003897,1322.003897,1322.003897,1322.003897,1322.003897,1322.003897,1322.003897,1322.003897,1322.003897,1322.003897,1322.003897,1322.003897,1322.003897,1322.003897,1322.003897,1322.003897,1322.003897,1322.003897,1322.003897,1322.003897,1322.003897,1322.003897,1322.003897,1322.003897,1322.003897,1322.003897,1322.003897,1322.003897,1322.003897,1322.003897,1322.003897,1322.003897,1322.003897,1322.003897,1322.003897,1322.003897,1322.003897,1322.003897,1322.003897,1322.003897,1322.003897,1322.003897,1322.003897,1322.003897,1322.003897,1322.003897,1322.003897,1322.003897,1322.003897,1322.003897,1322.003897,1322.003897,1322.003897,1322.003897,1322.003897,1322.003897,1322.003897,1322.003897,1322.003897,1322.003897,1322.003897,1322.003897,1322.003897,1322.003897,1322.003897,1322.003897,1322.003897,1322.003897,1322.003897,1322.003897,1322.003897,1322.003897,1322.003897,1322.003897,1322.003897,1322.003897,1322.003897,1322.003897,1322.003897,1322.003897,1322.003897,1322.003897,1322.003897,1322.003897,1322.003897,1322.003897,1322.003897,1322.003897,1322.003897,1322.003897,1322.003897,1322.003897,1322.003897,1322.003897,1322.003897,1322.003897,1322.003897,1322.003897,1322.003897,1322.003897,1322.003897,1322.003897,1322.003897,1322.003897,1322.003897,1322.003897,1322.003897,1322.003897,1322.003897,1322.003897,1322.003897,1322.003897,1322.003897,1322.003897,1322.003897,1322.003897,1322.003897,1322.003897,1322.003897,1322.003897,1322.003897,1322.003897,1322.003897,1322.003897,1322.003897,1322.003897,1322.003897,1322.003897,1322.003897,1322.003897,1322.003897,1322.003897,1322.003897,1322.003897,1322.003897,1322.003897,1322.003897,1322.003897,1322.003897,1322.003897,1322.003897,1322.003897,1322.003897,1322.003897,1322.003897,1322.003897,1322.003897,1322.003897,1322.003897,1322.003897,1322.003897,1322.003897,1322.003897,1322.003897,1322.003897,1322.003897,1322.003897,1322.003897,1322.003897,1322.003897,1322.003897,1322.003897,1322.003897,1322.003897,1322.003897,1322.003897,1322.003897,1322.003897,1322.003897,1322.003897,1322.003897,1322.003897,1322.003897,1322.003897,1322.003897,1322.003897,1322.003897,1322.003897,1322.003897,1322.003897,1322.003897,1322.003897,1322.003897,1322.003897,1322.003897,1322.003897,1322.003897,1322.003897,1322.003897,1322.003897,1322.003897,1322.003897,1322.003897,1322.003897,1322.003897,1322.003897,1322.003897,1322.003897,1322.003897,1322.003897,1322.003897,1322.003897,1322.003897,1322.003897,1322.003897,1322.003897,1322.003897,1322.003897,1322.003897,1322.003897,1322.003897,1322.003897,1322.003897,1322.003897,1322.003897,1322.003897,1322.003897,1322.003897,1322.003897,1322.003897,1322.003897,1322.003897,1322.003897,1322.003897,1322.003897,1322.003897,1322.003897,1322.003897,1322.003897,1322.003897,1322.003897,1322.003897,1322.003897,1322.003897,1322.003897,1322.003897,1322.003897,1322.003897,1322.003897,1322.003897,1322.003897,1322.003897,1322.003897,1322.003897,1322.003897,1322.003897,1322.003897,1322.003897,1322.003897,1322.003897,1322.003897,1322.003897,1322.003897,1322.003897,1322.003897,1322.003897,1322.003897,1322.003897,1322.003897,1322.003897,1322.003897,1322.003897,1322.003897,1322.003897,1322.003897,1322.003897,1322.003897,1322.003897,1322.003897,1322.003897,1322.003897,1322.003897,1322.003897,1322.003897,1322.003897,1322.003897,1322.003897,1322.003897,1322.003897,1322.003897,1322.003897,1322.003897,1322.003897,1322.003897,1322.003897,1322.003897,1322.003897,1322.003897,1322.003897,1322.003897,1322.003897,1322.003897,1322.003897,1322.003897,1322.003897,1322.003897,1322.003897,1322.003897,1322.003897,1322.003897,1322.003897,1322.003897,1322.003897,1322.003897,1322.003897,1322.003897,1322.003897,1322.003897,1322.003897,1322.003897,1322.003897,1322.003897,1322.003897,1322.003897,1322.003897,1322.003897,1322.003897,1322.003897,1322.003897,1322.003897,1322.003897,1322.003897,1322.003897,1322.003897,1322.003897,1322.003897,1322.003897,1322.003897,1322.003897,1322.003897,1322.003897,1322.003897,1322.003897,1322.003897,1322.003897,1322.003897,1322.003897,1322.003897,1322.003897,1322.003897,1322.003897,1322.003897,1322.003897,1322.003897,1322.003897,1322.003897,1322.003897,1322.003897,1322.003897,1322.003897,1322.003897,1322.003897,1322.003897,1322.003897,1322.003897,1322.003897,1322.003897,1322.003897,1322.003897,1322.003897,1322.003897,1322.003897,1322.003897,1322.003897,1322.003897,1322.003897,1322.003897,1322.003897,1322.003897,1322.003897,1322.003897,1322.003897,1322.003897,1322.003897,1322.003897,1322.003897,1322.003897,1322.003897,1322.003897,1322.003897,1322.003897,1322.003897,1322.003897,1322.003897,1322.003897,1322.003897,1322.003897,1322.003897,1322.003897,1322.003897,1322.003897,1322.003897,1322.003897,1322.003897,1322.003897,1322.003897,1322.003897,1322.003897,1322.003897,1322.003897,1322.003897,1322.003897,1322.003897,1322.003897,1322.003897,1322.003897,1322.003897,1322.003897,1322.003897,1322.003897,1322.003897,1322.003897,1322.003897,1322.003897,1322.003897,1322.003897,1322.003897,1322.003897,1322.003897,1322.003897,1322.003897,1322.003897,1322.003897,1322.003897,1322.003897,1322.003897,1322.003897,1322.003897,1322.003897,1322.003897,1322.003897,1322.003897,1322.003897,1322.003897,1322.003897,1322.003897,1322.003897,1322.003897,1322.003897,1322.003897,1322.003897,1322.003897,1322.003897,1322.003897,1322.003897,1322.003897,1322.003897,1322.003897,1322.003897,1322.003897,1322.003897,1322.003897,1322.003897,1322.003897,1322.003897,1322.003897,1322.003897,1322.003897,1322.003897,1322.003897,1322.003897,1322.003897,1322.003897,1322.003897,1322.003897,1322.003897,1322.003897,1322.003897,1322.003897,1322.003897,1322.003897,1322.003897,1322.003897,1322.003897,1322.003897,1322.003897,1322.003897,1322.003897,1322.003897,1322.003897,1322.003897,1322.003897,1322.003897,1322.003897,1322.003897,1322.003897,1322.003897,1322.003897,1322.003897,1322.003897,1322.003897,1322.003897,1322.003897,1322.003897,1322.003897,1322.003897,1322.003897
